r_u, r_v, r_u SSD, r_v SSD, sum of within-region SSD
(74,), (407,), 0.0, 0.0, 0.10999999999999993
(321,), (280,), 0.0, 0.0, 0.22499999999999987
(193,), (286,), 0.0, 0.0, 0.4150000000000001
(353,), (381,), 0.0, 0.0, 0.65
(498,), (335,), 0.0, 0.0, 0.9249999999999999
(431,), (461,), 0.0, 0.0, 1.2149999999999999
(156,), (503,), 0.0, 0.0, 1.5099999999999998
(21,), (481,), 0.0, 0.0, 1.8249999999999997
(489,), (377,), 0.0, 0.0, 2.1949999999999994
(444,), (450,), 0.0, 0.0, 2.5699999999999994
(36,), (215,), 0.0, 0.0, 2.945
(318,), (378,), 0.0, 0.0, 3.34
(134,), (129,), 0.0, 0.0, 3.77
(433,), (469,), 0.0, 0.0, 4.210000000000001
(406,), (317,), 0.0, 0.0, 4.680000000000001
(78,), (299,), 0.0, 0.0, 5.155
(81,), (454,), 0.0, 0.0, 5.6450000000000005
(236,), (229,), 0.0, 0.0, 6.155
(311,), (375,), 0.0, 0.0, 6.67
(508,), (443,), 0.0, 0.0, 7.185
(239,), (508, 443), 0.0, 0.5150000000000001, 7.463333333333332
(409,), (21, 481), 0.0, 0.31499999999999995, 7.994999999999998
(91,), (168,), 0.0, 0.0, 8.545000000000002
(475,), (429,), 0.0, 0.0, 9.110000000000001
(13,), (130,), 0.0, 0.0, 9.675000000000006
(4,), (211,), 0.0, 0.0, 10.245000000000006
(507,), (36, 215), 0.0, 0.37500000000000006, 10.830000000000005
(273,), (309,), 0.0, 0.0, 11.415000000000008
(115,), (233,), 0.0, 0.0, 12.00500000000001
(159,), (78, 299), 0.0, 0.47499999999999976, 12.663333333333341
(67,), (69,), 0.0, 0.0, 13.34833333333334
(258,), (383,), 0.0, 0.0, 14.038333333333341
(417,), (489, 377), 0.0, 0.3699999999999998, 14.728333333333342
(334,), (51,), 0.0, 0.0, 15.423333333333343
(120,), (402,), 0.0, 0.0, 16.128333333333345
(189,), (230,), 0.0, 0.0, 16.838333333333352
(212,), (253,), 0.0, 0.0, 17.553333333333356
(197,), (326,), 0.0, 0.0, 18.278333333333364
(80,), (114,), 0.0, 0.0, 19.028333333333364
(202,), (133,), 0.0, 0.0, 19.783333333333374
(222,), (186,), 0.0, 0.0, 20.54333333333338
(60,), (59,), 0.0, 0.0, 21.313333333333382
(341,), (4, 211), 0.0, 0.5700000000000002, 22.083333333333382
(260,), (255,), 0.0, 0.0, 22.853333333333378
(220,), (182,), 0.0, 0.0, 23.628333333333384
(285,), (197, 326), 0.0, 0.7249999999999999, 24.41666666666671
(48,), (121,), 0.0, 0.0, 25.23666666666671
(424,), (48, 121), 0.0, 0.8199999999999998, 25.883333333333375
(174,), (63,), 0.0, 0.0, 26.703333333333383
(213,), (316,), 0.0, 0.0, 27.553333333333384
(392,), (406, 317), 0.0, 0.47000000000000036, 28.410000000000043
(178,), (274,), 0.0, 0.0, 29.280000000000047
(313,), (462,), 0.0, 0.0, 30.150000000000052
(31,), (270,), 0.0, 0.0, 31.025000000000052
(135,), (31, 270), 0.0, 0.875, 31.79666666666672
(254,), (135, 31, 270), 0.0, 1.6466666666666665, 32.54250000000006
(298,), (259,), 0.0, 0.0, 33.422500000000056
(99,), (339,), 0.0, 0.0, 34.302500000000066
(359,), (492,), 0.0, 0.0, 35.18750000000006
(395,), (484,), 0.0, 0.0, 36.08250000000007
(358,), (304,), 0.0, 0.0, 36.97750000000006
(89,), (386,), 0.0, 0.0, 37.89250000000006
(417, 489, 377), (89, 386), 1.0599999999999996, 0.9150000000000001, 38.34550000000008
(64,), (499,), 0.0, 0.0, 39.29550000000008
(15,), (408,), 0.0, 0.0, 40.26550000000008
(295,), (234,), 0.0, 0.0, 41.255500000000076
(346,), (488,), 0.0, 0.0, 42.25050000000008
(356,), (314,), 0.0, 0.0, 43.25550000000006
(495,), (451,), 0.0, 0.0, 44.26550000000005
(394,), (476,), 0.0, 0.0, 45.28050000000005
(6,), (85,), 0.0, 0.0, 46.310500000000054
(254, 135, 31, 270), (64, 499), 2.3925, 0.9499999999999995, 47.346333333333384
(171,), (35,), 0.0, 0.0, 48.386333333333376
(14,), (345,), 0.0, 0.0, 49.42633333333337
(240,), (193, 286), 0.0, 0.19000000000000009, 50.47633333333337
(100,), (39,), 0.0, 0.0, 51.536333333333374
(251,), (273, 309), 0.0, 0.5850000000000001, 52.59800000000003
(432,), (445,), 0.0, 0.0, 53.66800000000003
(142,), (152,), 0.0, 0.0, 54.738000000000035
(312,), (249,), 0.0, 0.0, 55.81300000000003
(57,), (148,), 0.0, 0.0, 56.888000000000034
(128,), (219,), 0.0, 0.0, 57.96800000000004
(475, 429), (100, 39), 0.565, 1.0599999999999996, 59.06550000000004
(217,), (506,), 0.0, 0.0, 60.17550000000004
(83,), (466,), 0.0, 0.0, 61.29050000000005
(472,), (431, 461), 0.0, 0.29000000000000004, 62.4071666666667
(281,), (321, 280), 0.0, 0.11499999999999995, 63.53216666666669
(391,), (281, 321, 280), 0.0, 1.2400000000000002, 64.68466666666669
(167,), (453,), 0.0, 0.0, 65.83966666666669
(501,), (167, 453), 0.0, 1.1549999999999996, 66.99133333333339
(244,), (213, 316), 0.0, 0.8500000000000001, 68.16133333333339
(200,), (320,), 0.0, 0.0, 69.35633333333338
(493,), (254, 135, 31, 270, 64, 499), 0.0, 4.378333333333333, 70.56942857142859
(500,), (434,), 0.0, 0.0, 71.82442857142858
(118,), (444, 450), 0.0, 0.3750000000000001, 73.08942857142858
(195,), (367,), 0.0, 0.0, 74.3544285714286
(143,), (138,), 0.0, 0.0, 75.6394285714286
(160,), (143, 138), 0.0, 1.285, 76.7744285714286
(22,), (160, 143, 138), 0.0, 2.42, 77.8794285714286
(420,), (264,), 0.0, 0.0, 79.17442857142862
(401,), (409, 21, 481), 0.0, 0.8466666666666668, 80.47776190476196
(150,), (49,), 0.0, 0.0, 81.78776190476196
(117,), (222, 186), 0.0, 0.7599999999999999, 83.10776190476201
(95,), (315,), 0.0, 0.0, 84.43776190476203
(19,), (62,), 0.0, 0.0, 85.76776190476201
(269,), (428,), 0.0, 0.0, 87.11776190476203
(393,), (239, 508, 443), 0.0, 0.7933333333333334, 88.49692857142873
(414,), (415,), 0.0, 0.0, 89.89192857142874
(456,), (414, 415), 0.0, 1.3949999999999998, 90.75692857142873
(216,), (240, 193, 286), 0.0, 1.24, 92.1569285714287
(312, 249), (200, 320), 1.0749999999999993, 1.1949999999999998, 93.5569285714287
(194,), (342,), 0.0, 0.0, 94.9619285714287
(216, 240, 193, 286), (194, 342), 2.64, 1.405, 96.19526190476203
(491,), (75,), 0.0, 0.0, 97.63026190476204
(25,), (278,), 0.0, 0.0, 99.06526190476204
(271,), (282,), 0.0, 0.0, 100.51526190476206
(235,), (420, 264), 0.0, 1.2950000000000004, 101.96692857142874
(41,), (134, 129), 0.0, 0.42999999999999977, 103.4302619047621
(349,), (216, 240, 193, 286, 194, 342), 0.0, 5.278333333333335, 104.89764285714307
(261,), (13, 130), 0.0, 0.5650000000000005, 106.3659761904764
(72,), (174, 63), 0.0, 0.82, 107.85930952380971
(343,), (260, 255), 0.0, 0.7700000000000001, 109.35597619047641
(189, 230), (424, 48, 121), 0.71, 1.466666666666666, 110.85530952380974
(319,), (91, 168), 0.0, 0.55, 112.35864285714311
(157,), (440,), 0.0, 0.0, 113.88864285714311
(340,), (227,), 0.0, 0.0, 115.45364285714311
(96,), (144,), 0.0, 0.0, 117.02864285714313
(170,), (96, 144), 0.0, 1.575, 118.6136428571431
(388,), (395, 484), 0.0, 0.8949999999999996, 120.22530952380978
(37,), (179,), 0.0, 0.0, 121.84530952380976
(151,), (294,), 0.0, 0.0, 123.49030952380977
(301,), (161,), 0.0, 0.0, 125.14530952380977
(98,), (220, 182), 0.0, 0.775, 126.80364285714315
(263,), (98, 220, 182), 0.0, 2.4333333333333345, 128.2153095238098
(18,), (122,), 0.0, 0.0, 129.87530952380976
(333,), (284,), 0.0, 0.0, 131.55030952380977
(313, 462), (244, 213, 316), 0.8700000000000002, 2.02, 133.2403095238098
(153,), (225,), 0.0, 0.0, 134.9353095238098
(127,), (185,), 0.0, 0.0, 136.64530952380977
(175,), (507, 36, 215), 0.0, 0.96, 138.3853095238097
(113,), (95, 315), 0.0, 1.3299999999999996, 140.13530952380964
(457,), (475, 429, 100, 39), 0.0, 2.7224999999999993, 141.90080952380956
(8,), (52,), 0.0, 0.0, 143.6808095238096
(288,), (195, 367), 0.0, 1.2650000000000001, 145.46247619047628
(351,), (376,), 0.0, 0.0, 147.25747619047624
(392, 406, 317), (301, 161), 1.326666666666667, 1.6549999999999996, 149.0558095238096
(479,), (366,), 0.0, 0.0, 150.8608095238096
(176,), (298, 259), 0.0, 0.8799999999999998, 152.66747619047618
(126,), (176, 298, 259), 0.0, 2.686666666666666, 153.83580952380956
(365,), (74, 407), 0.0, 0.10999999999999992, 155.6524761904762
(261, 13, 130), (343, 260, 255), 2.033333333333333, 2.266666666666667, 157.48080952380954
(369,), (261, 13, 130, 343, 260, 255), 0.0, 6.128333333333332, 159.18390476190478
(257,), (268,), 0.0, 0.0, 161.01390476190483
(20,), (171, 35), 0.0, 1.04, 162.84723809523814
(292,), (311, 375), 0.0, 0.5149999999999999, 164.68557142857145
(132,), (433, 469), 0.0, 0.4400000000000001, 166.5322380952381
(184,), (15, 408), 0.0, 0.9699999999999999, 168.38890476190477
(82,), (470,), 0.0, 0.0, 170.25390476190478
(495, 451), (20, 171, 35), 1.01, 2.8733333333333335, 172.13057142857144
(427,), (495, 451, 20, 171, 35), 0.0, 5.760000000000001, 173.8422380952381
(430,), (312, 249, 200, 320), 0.0, 3.67, 175.72023809523807
(387,), (422,), 0.0, 0.0, 177.62023809523805
(384,), (128, 219), 0.0, 1.0799999999999998, 179.53357142857135
(346, 488), (392, 406, 317, 301, 161), 0.9950000000000001, 4.7799999999999985, 181.45
(111,), (297,), 0.0, 0.0, 183.37
(467,), (202, 133), 0.0, 0.755, 185.2949999999999
(107,), (56,), 0.0, 0.0, 187.2299999999999
(372,), (156, 503), 0.0, 0.29500000000000004, 189.18833333333328
(471,), (269, 428), 0.0, 1.35, 191.18499999999995
(43,), (124,), 0.0, 0.0, 193.21499999999997
(364,), (258, 383), 0.0, 0.6899999999999996, 195.24499999999995
(155,), (8, 52), 0.0, 1.7799999999999998, 197.27833333333325
(463,), (459,), 0.0, 0.0, 199.32333333333327
(330,), (22, 160, 143, 138), 0.0, 3.5250000000000004, 201.38233333333335
(162,), (358, 304), 0.0, 0.8950000000000002, 203.45399999999995
(145,), (446,), 0.0, 0.0, 205.52899999999994
(275,), (300,), 0.0, 0.0, 207.62399999999997
(146,), (142, 152), 0.0, 1.0699999999999998, 209.72066666666663
(158,), (251, 273, 309), 0.0, 1.6466666666666667, 211.8289999999999
(50,), (421,), 0.0, 0.0, 213.9539999999999
(80, 114), (471, 269, 428), 0.7500000000000001, 3.3466666666666667, 216.1093333333332
(486,), (178, 274), 0.0, 0.8699999999999998, 218.2793333333332
(390,), (388, 395, 484), 0.0, 2.5066666666666655, 220.4576666666666
(232,), (373,), 0.0, 0.0, 222.67766666666662
(196,), (236, 229), 0.0, 0.5099999999999998, 224.93433333333334
(26,), (103,), 0.0, 0.0, 227.20933333333332
(474,), (479, 366), 0.0, 1.8050000000000002, 229.51766666666666
(355,), (474, 479, 366), 0.0, 4.113333333333333, 231.58183333333324
(207,), (355, 474, 479, 366), 0.0, 6.177500000000001, 233.58433333333335
(190,), (101,), 0.0, 0.0, 235.89933333333335
(356, 314), (6, 85), 1.0049999999999994, 1.0300000000000002, 238.2468333333334
(277,), (356, 314, 6, 85), 0.0, 4.3824999999999985, 240.4203333333334
(365, 74, 407), (277, 356, 314, 6, 85), 1.9266666666666667, 6.556, 242.3351666666668
(396,), (401, 409, 21, 481), 0.0, 2.15, 244.69316666666683
(283,), (330, 22, 160, 143, 138), 0.0, 5.584000000000001, 247.0675000000002
(247,), (354,), 0.0, 0.0, 249.46250000000018
(33,), (157, 440), 0.0, 1.5300000000000002, 251.8725000000002
(436,), (33, 157, 440), 0.0, 3.9400000000000004, 254.1350000000001
(119,), (204,), 0.0, 0.0, 256.55000000000007
(123,), (119, 204), 0.0, 2.415, 257.5883333333336
(472, 431, 461), (132, 433, 469), 1.4066666666666672, 2.2866666666666675, 260.03000000000014
(361,), (318, 378), 0.0, 0.39500000000000013, 262.475
(46,), (394, 476), 0.0, 1.0150000000000001, 264.9200000000001
(137,), (359, 492), 0.0, 0.885, 267.3683333333334
(54,), (10,), 0.0, 0.0, 269.81833333333344
(221,), (262,), 0.0, 0.0, 272.2733333333335
(47,), (149,), 0.0, 0.0, 274.7283333333335
(360,), (212, 253), 0.0, 0.7150000000000004, 277.1866666666669
(79,), (423,), 0.0, 0.0, 279.6566666666669
(491, 75), (486, 178, 274), 1.4349999999999996, 3.039999999999999, 282.14166666666705
(7,), (41, 134, 129), 0.0, 1.8933333333333329, 284.6433333333337
(291,), (162, 358, 304), 0.0, 2.966666666666668, 287.15666666666715
(313, 462, 244, 213, 316), (175, 507, 36, 215), 4.580000000000002, 2.6999999999999997, 289.7344444444449
(416,), (341, 4, 211), 0.0, 1.3400000000000003, 292.3494444444449
(136,), (493, 254, 135, 31, 270, 64, 499), 0.0, 5.5914285714285725, 294.9655158730161
(437,), (145, 446), 0.0, 2.0749999999999997, 297.5971825396827
(80, 114, 471, 269, 428), (437, 145, 446), 6.252, 4.706666666666666, 299.33976587301595
(159, 78, 299), (80, 114, 471, 269, 428, 437, 145, 446), 1.133333333333333, 12.701250000000003, 301.29609163059183
(77,), (159, 78, 299, 80, 114, 471, 269, 428, 437, 145, 446), 0.0, 15.790909090909091, 303.56268253968244
(163,), (77, 159, 78, 299, 80, 114, 471, 269, 428, 437, 145, 446), 0.0, 18.057499999999997, 306.19287484737504
(9,), (107, 56), 0.0, 1.935, 308.8445415140416
(238,), (196, 236, 229), 0.0, 2.7666666666666657, 311.5253748473747
(94,), (351, 376), 0.0, 1.7950000000000004, 314.2237081807081
(327,), (99, 339), 0.0, 0.88, 316.93037484737465
(505,), (425,), 0.0, 0.0, 319.64537484737457
(404,), (344,), 0.0, 0.0, 322.3603748473746
(177,), (404, 344), 0.0, 2.7150000000000003, 324.92537484737466
(55,), (163, 77, 159, 78, 299, 80, 114, 471, 269, 428, 437, 145, 446), 0.0, 20.687692307692313, 327.65553968253994
(155, 8, 52), (55, 163, 77, 159, 78, 299, 80, 114, 471, 269, 428, 437, 145, 446), 3.8133333333333335, 23.417857142857144, 329.3972903828202
(329,), (452,), 0.0, 0.0, 332.1472903828202
(385,), (329, 452), 0.0, 2.75, 333.8572903828203
(248,), (136, 493, 254, 135, 31, 270, 64, 499), 0.0, 8.207500000000003, 336.6120126050427
(165,), (372, 156, 503), 0.0, 2.253333333333334, 339.4036792717096
(17,), (18, 122), 0.0, 1.6599999999999997, 342.197012605043
(382,), (37, 179), 0.0, 1.6199999999999997, 344.99034593837644
(411,), (432, 445), 0.0, 1.07, 347.8136792717098
(504,), (411, 432, 445), 0.0, 3.8933333333333344, 349.90284593837646
(201,), (357,), 0.0, 0.0, 352.7278459383765
(38,), (116,), 0.0, 0.0, 355.57284593837653
(447,), (153, 225), 0.0, 1.6949999999999998, 358.4178459383764
(324,), (360, 212, 253), 0.0, 3.173333333333333, 361.2670126050432
(214,), (391, 281, 321, 280), 0.0, 2.392500000000001, 364.11851260504324
(209,), (435,), 0.0, 0.0, 366.9885126050431
(349, 216, 240, 193, 286, 194, 342), (292, 311, 375), 6.745714285714284, 2.3533333333333335, 369.88746498599556
(418,), (458,), 0.0, 0.0, 372.79746498599553
(387, 422), (418, 458), 1.9, 2.91, 375.4524649859955
(490,), (427, 495, 451, 20, 171, 35), 0.0, 7.471666666666667, 378.3693697479002
(90,), (340, 227), 0.0, 1.5650000000000004, 381.29770308123364
(456, 414, 415), (79, 423), 2.26, 2.4699999999999998, 384.2317030812333
(14, 345), (184, 15, 408), 1.0400000000000005, 2.826666666666666, 387.1690364145667
(243,), (14, 345, 184, 15, 408), 0.0, 6.803999999999998, 390.1000364145668
(32,), (7, 41, 134, 129), 0.0, 4.3950000000000005, 393.04903641456684
(472, 431, 461, 132, 433, 469), (32, 7, 41, 134, 129), 6.134999999999999, 7.3439999999999985, 395.5500364145667
(456, 414, 415, 79, 423), (472, 431, 461, 132, 433, 469, 32, 7, 41, 134, 129), 7.664000000000001, 15.980000000000002, 397.80416141456675
(2,), (3,), 0.0, 0.0, 400.7741614145668
(147,), (2, 3), 0.0, 2.9700000000000006, 403.01749474790006
(410,), (365, 74, 407, 277, 356, 314, 6, 85), 0.0, 10.397499999999997, 406.022216970122
(368,), (243, 14, 345, 184, 15, 408), 0.0, 9.735000000000001, 409.0272169701218
(337,), (283, 330, 22, 160, 143, 138), 0.0, 7.958333333333336, 412.10602649393087
(141,), (248, 136, 493, 254, 135, 31, 270, 64, 499), 0.0, 10.962222222222222, 415.19780427170866
(247, 354), (94, 351, 376), 2.395, 4.493333333333334, 418.29747093837557
(465,), (463, 459), 0.0, 2.045, 421.39913760504226
(72, 174, 63), (327, 99, 339), 2.313333333333333, 3.586666666666666, 424.50580427170866
(393, 239, 508, 443), (346, 488, 392, 406, 317, 301, 161), 2.1724999999999994, 7.691428571428571, 427.62914842755265
(374,), (333, 284), 0.0, 1.6749999999999994, 430.75414842755276
(237,), (374, 333, 284), 0.0, 4.799999999999999, 433.5616484275527
(455,), (150, 49), 0.0, 1.3100000000000003, 436.69831509421954
(257, 268), (275, 300), 1.8300000000000005, 2.0949999999999998, 439.84581509421963
(81, 454), (257, 268, 275, 300), 0.4900000000000004, 7.072500000000001, 441.8049817608863
(302,), (81, 454, 257, 268, 275, 300), 0.0, 9.521666666666667, 444.42902937993375
(92,), (456, 414, 415, 79, 423, 472, 431, 461, 132, 433, 469, 32, 7, 41, 134, 129), 0.0, 25.898124999999997, 447.60384555640434
(70,), (217, 506), 0.0, 1.1099999999999999, 450.8605122230711
(173,), (235, 420, 264), 0.0, 2.746666666666666, 454.1813455564043
(228,), (173, 235, 420, 264), 0.0, 6.067500000000001, 456.64184555640446
(353, 381), (247, 354, 94, 351, 376), 0.235, 9.988000000000003, 459.96455984211883
(110,), (47, 149), 0.0, 2.455, 463.2962265087855
(117, 222, 186), (158, 251, 273, 309), 2.0799999999999996, 3.7549999999999994, 466.63551222307115
(192,), (322,), 0.0, 0.0, 469.9755122230712
(57, 148), (192, 322), 1.0749999999999997, 3.3400000000000003, 471.6480122230711
(369, 261, 13, 130, 343, 260, 255), (368, 243, 14, 345, 184, 15, 408), 7.83142857142857, 12.74, 475.0094407945001
(308,), (155, 8, 52, 55, 163, 77, 159, 78, 299, 80, 114, 471, 269, 428, 437, 145, 446), 0.0, 28.972941176470588, 478.4503885069188
(352,), (271, 282), 0.0, 1.4499999999999997, 481.92038850691875
(106,), (109,), 0.0, 0.0, 485.45538850691884
(224,), (165, 372, 156, 503), 0.0, 5.045000000000001, 489.0223885069191
(256,), (505, 425), 0.0, 2.715, 492.6140551735858
(347,), (369, 261, 13, 130, 343, 260, 255, 368, 243, 14, 345, 184, 15, 408), 0.0, 23.932857142857145, 496.2278646973949
(19, 62), (396, 401, 409, 21, 481), 1.33, 4.507999999999998, 499.8612932688234
(362,), (60, 59), 0.0, 0.7699999999999999, 503.5179599354902
(181,), (232, 373), 0.0, 2.22, 507.19795993549036
(180,), (209, 435), 0.0, 2.8699999999999997, 510.9546266021571
(319, 91, 168), (126, 176, 298, 259), 2.053333333333333, 3.854999999999999, 514.7320075545379
(188,), (382, 37, 179), 0.0, 4.413333333333334, 518.5861742212046
(289,), (291, 162, 358, 304), 0.0, 5.480000000000002, 522.4741742212045
(201, 357), (289, 291, 162, 358, 304), 2.825, 9.368000000000004, 525.3411742212041
(24,), (337, 283, 330, 22, 160, 143, 138), 0.0, 11.037142857142861, 529.3165313640611
(151, 294), (238, 196, 236, 229), 1.6449999999999998, 5.447499999999999, 533.3406980307285
(498, 335), (46, 394, 476), 0.275, 3.460000000000001, 537.3776980307287
(111, 297), (436, 33, 157, 440), 1.9200000000000002, 6.202500000000001, 541.4535313640619
(449,), (485,), 0.0, 0.0, 545.5535313640618
(397,), (504, 411, 432, 445), 0.0, 5.982500000000002, 549.7110313640613
(295, 234), (302, 81, 454, 257, 268, 275, 300), 0.9900000000000003, 12.145714285714286, 553.8753170783476
(417, 489, 377, 89, 386), (295, 234, 302, 81, 454, 257, 268, 275, 300), 2.428, 17.300000000000008, 557.4866027926325
(72, 174, 63, 327, 99, 339), (417, 489, 377, 89, 386, 295, 234, 302, 81, 454, 257, 268, 275, 300), 9.006666666666668, 23.33928571428572, 561.6001504116812
(416, 341, 4, 211), (387, 422, 418, 458), 3.955000000000001, 7.465000000000002, 565.8026504116816
(25, 278), (201, 357, 289, 291, 162, 358, 304), 1.435, 15.060000000000006, 570.0632059672362
(117, 222, 186, 158, 251, 273, 309), (25, 278, 201, 357, 289, 291, 162, 358, 304), 9.174285714285713, 20.755555555555564, 573.8896146973947
(191,), (66,), 0.0, 0.0, 578.1546146973945
(246,), (501, 167, 453), 0.0, 2.306666666666667, 582.5354480307277
(325,), (490, 427, 495, 451, 20, 171, 35), 0.0, 10.388571428571428, 586.9831266021561
(308, 155, 8, 52, 55, 163, 77, 159, 78, 299, 80, 114, 471, 269, 428, 437, 145, 446), (325, 490, 427, 495, 451, 20, 171, 35), 32.41388888888888, 14.836250000000003, 590.3106800209581
(412,), (92, 456, 414, 415, 79, 423, 472, 431, 461, 132, 433, 469, 32, 7, 41, 134, 129), 0.0, 29.072941176470582, 594.7699610667103
(245,), (478,), 0.0, 0.0, 599.2349610667104
(491, 75, 486, 178, 274), (245, 478), 6.959999999999999, 4.465, 602.498532495283
(464,), (465, 463, 459), 0.0, 5.1466666666666665, 607.0443658286166
(104,), (464, 465, 463, 459), 0.0, 9.692499999999999, 611.0278658286168
(76,), (70, 217, 506), 0.0, 4.366666666666667, 615.5861991619502
(500, 434), (412, 92, 456, 414, 415, 79, 423, 472, 431, 461, 132, 433, 469, 32, 7, 41, 134, 129), 1.2550000000000003, 33.532222222222245, 620.2034769397271
(430, 312, 249, 200, 320), (364, 258, 383), 5.547999999999999, 2.72, 624.8779769397273
(177, 404, 344), (151, 294, 238, 196, 236, 229), 5.28, 11.116666666666665, 629.6301991619497
(267,), (177, 404, 344, 151, 294, 238, 196, 236, 229), 0.0, 21.148888888888894, 633.82431027306
(349, 216, 240, 193, 286, 194, 342, 292, 311, 375), (181, 232, 373), 11.998000000000001, 5.8999999999999995, 638.620156426905
(131,), (187,), 0.0, 0.0, 643.515156426905
(45,), (93,), 0.0, 0.0, 648.5301564269049
(308, 155, 8, 52, 55, 163, 77, 159, 78, 299, 80, 114, 471, 269, 428, 437, 145, 446, 325, 490, 427, 495, 451, 20, 171, 35), (131, 187), 50.5776923076923, 4.895000000000001, 653.5556784049271
(467, 202, 133), (110, 47, 149), 2.6799999999999993, 5.786666666666666, 658.5973450715942
(353, 381, 247, 354, 94, 351, 376), (430, 312, 249, 200, 320, 364, 258, 383), 13.545714285714284, 12.942499999999999, 663.6824641192133
(72, 174, 63, 327, 99, 339, 417, 489, 377, 89, 386, 295, 234, 302, 81, 454, 257, 268, 275, 300), (353, 381, 247, 354, 94, 351, 376, 430, 312, 249, 200, 320, 364, 258, 383), 36.45950000000003, 31.573333333333338, 667.406202214452
(397, 504, 411, 432, 445), (72, 174, 63, 327, 99, 339, 417, 489, 377, 89, 386, 295, 234, 302, 81, 454, 257, 268, 275, 300, 353, 381, 247, 354, 94, 351, 376, 430, 312, 249, 200, 320, 364, 258, 383), 10.140000000000004, 71.75657142857143, 672.2111307858813
(308, 155, 8, 52, 55, 163, 77, 159, 78, 299, 80, 114, 471, 269, 428, 437, 145, 446, 325, 490, 427, 495, 451, 20, 171, 35, 131, 187), (397, 504, 411, 432, 445, 72, 174, 63, 327, 99, 339, 417, 489, 377, 89, 386, 295, 234, 302, 81, 454, 257, 268, 275, 300, 353, 381, 247, 354, 94, 351, 376, 430, 312, 249, 200, 320, 364, 258, 383), 60.49821428571423, 86.70149999999998, 674.6986223825174
(361, 318, 378), (347, 369, 261, 13, 130, 343, 260, 255, 368, 243, 14, 345, 184, 15, 408), 2.8399999999999994, 27.546666666666663, 679.8258446047427
(127, 185), (491, 75, 486, 178, 274, 245, 478), 1.7100000000000004, 14.688571428571423, 684.9917176206161
(43, 124), (393, 239, 508, 443, 346, 488, 392, 406, 317, 301, 161), 2.0300000000000002, 12.987272727272725, 690.2713679702658
(361, 318, 378, 347, 369, 261, 13, 130, 343, 260, 255, 368, 243, 14, 345, 184, 15, 408), (43, 124, 393, 239, 508, 443, 346, 488, 392, 406, 317, 301, 161), 35.51388888888887, 20.296923076923083, 694.3695882625183
(27,), (191, 66), 0.0, 4.265000000000001, 699.6712549291852
(303,), (82, 470), 0.0, 1.8650000000000002, 704.9995882625185
(426,), (308, 155, 8, 52, 55, 163, 77, 159, 78, 299, 80, 114, 471, 269, 428, 437, 145, 446, 325, 490, 427, 495, 451, 20, 171, 35, 131, 187, 397, 504, 411, 432, 445, 72, 174, 63, 327, 99, 339, 417, 489, 377, 89, 386, 295, 234, 302, 81, 454, 257, 268, 275, 300, 353, 381, 247, 354, 94, 351, 376, 430, 312, 249, 200, 320, 364, 258, 383), 0.0, 149.68720588235288, 710.3741215106053
(218,), (288, 195, 367), 0.0, 3.046666666666667, 715.8799548439384
(42,), (500, 434, 412, 92, 456, 414, 415, 79, 423, 472, 431, 461, 132, 433, 469, 32, 7, 41, 134, 129), 0.0, 39.4045, 721.4059310344147
(118, 444, 450), (137, 359, 492), 1.6399999999999997, 3.3333333333333317, 726.9325977010811
(348,), (57, 148, 192, 322), 0.0, 6.0874999999999995, 732.4610977010803
(480,), (111, 297, 436, 33, 157, 440), 0.0, 12.198333333333334, 738.0113357963169
(190, 101), (24, 337, 283, 330, 22, 160, 143, 138), 2.315, 15.012500000000005, 743.5968357963159
(113, 95, 315), (410, 365, 74, 407, 277, 356, 314, 6, 85), 3.0799999999999996, 13.402222222222225, 749.2571135740932
(331,), (54, 10), 0.0, 2.45, 754.927113574093
(147, 2, 3), (331, 54, 10), 5.213333333333334, 8.12, 759.7237802407604
(208,), (263, 98, 220, 182), 0.0, 3.8450000000000015, 765.4507802407601
(180, 209, 435), (208, 263, 98, 220, 182), 6.626666666666668, 9.571999999999997, 770.9908635740932
(324, 360, 212, 253), (180, 209, 435, 208, 263, 98, 220, 182), 6.0225, 21.738749999999996, 776.3612802407599
(125,), (494,), 0.0, 0.0, 782.0912802407599
(442,), (125, 494), 0.0, 5.7299999999999995, 787.3746135740932
(164,), (42, 500, 434, 412, 92, 456, 414, 415, 79, 423, 472, 431, 461, 132, 433, 469, 32, 7, 41, 134, 129), 0.0, 44.9304761904762, 793.1127737472523
(90, 340, 227), (164, 42, 500, 434, 412, 92, 456, 414, 415, 79, 423, 472, 431, 461, 132, 433, 469, 32, 7, 41, 134, 129), 4.493333333333334, 50.6686363636364, 798.6516040502825
(23,), (117, 222, 186, 158, 251, 273, 309, 25, 278, 201, 357, 289, 291, 162, 358, 304), 0.0, 33.75625, 804.508295226752
(426, 308, 155, 8, 52, 55, 163, 77, 159, 78, 299, 80, 114, 471, 269, 428, 437, 145, 446, 325, 490, 427, 495, 451, 20, 171, 35, 131, 187, 397, 504, 411, 432, 445, 72, 174, 63, 327, 99, 339, 417, 489, 377, 89, 386, 295, 234, 302, 81, 454, 257, 268, 275, 300, 353, 381, 247, 354, 94, 351, 376, 430, 312, 249, 200, 320, 364, 258, 383), (348, 57, 148, 192, 322), 155.06173913043483, 11.615999999999998, 810.3739344746931
(265,), (498, 335, 46, 394, 476), 0.0, 7.772, 816.2736011413598
(319, 91, 168, 126, 176, 298, 259), (265, 498, 335, 46, 394, 476), 9.685714285714282, 13.671666666666669, 820.3039124966701
(338,), (349, 216, 240, 193, 286, 194, 342, 292, 311, 375, 181, 232, 373), 0.0, 22.693846153846156, 826.2593520571105
(86,), (26, 103), 0.0, 2.2750000000000004, 832.2310187237771
(447, 153, 225), (86, 26, 103), 4.54, 8.246666666666668, 837.801018723777
(223,), (324, 360, 212, 253, 180, 209, 435, 208, 263, 98, 220, 182), 0.0, 33.131666666666675, 843.9001212878799
(84,), (123, 119, 204), 0.0, 3.453333333333333, 850.0617879545464
(221, 262), (84, 123, 119, 204), 2.454999999999999, 9.615, 853.3901212878794
(170, 96, 144), (457, 475, 429, 100, 39), 3.1600000000000006, 4.4879999999999995, 859.59587128788
(67, 69), (27, 191, 66), 0.685, 9.566666666666668, 865.8202046212133
(287,), (214, 391, 281, 321, 280), 0.0, 5.243999999999999, 872.1812046212134
(38, 116), (361, 318, 378, 347, 369, 261, 13, 130, 343, 260, 255, 368, 243, 14, 345, 184, 15, 408, 43, 124, 393, 239, 508, 443, 346, 488, 392, 406, 317, 301, 161), 2.845, 59.909032258064556, 878.5538390298168
(473,), (141, 248, 136, 493, 254, 135, 31, 270, 64, 499), 0.0, 14.054000000000013, 884.9489299389077
(413,), (19, 62, 396, 401, 409, 21, 481), 0.0, 9.471428571428573, 891.4325013674795
(53,), (426, 308, 155, 8, 52, 55, 163, 77, 159, 78, 299, 80, 114, 471, 269, 428, 437, 145, 446, 325, 490, 427, 495, 451, 20, 171, 35, 131, 187, 397, 504, 411, 432, 445, 72, 174, 63, 327, 99, 339, 417, 489, 377, 89, 386, 295, 234, 302, 81, 454, 257, 268, 275, 300, 353, 381, 247, 354, 94, 351, 376, 430, 312, 249, 200, 320, 364, 258, 383, 348, 57, 148, 192, 322), 0.0, 172.5433783783784, 898.1893896557697
(58,), (53, 426, 308, 155, 8, 52, 55, 163, 77, 159, 78, 299, 80, 114, 471, 269, 428, 437, 145, 446, 325, 490, 427, 495, 451, 20, 171, 35, 131, 187, 397, 504, 411, 432, 445, 72, 174, 63, 327, 99, 339, 417, 489, 377, 89, 386, 295, 234, 302, 81, 454, 257, 268, 275, 300, 353, 381, 247, 354, 94, 351, 376, 430, 312, 249, 200, 320, 364, 258, 383, 348, 57, 148, 192, 322), 0.0, 179.3002666666669, 904.8838598312086
(419,), (90, 340, 227, 164, 42, 500, 434, 412, 92, 456, 414, 415, 79, 423, 472, 431, 461, 132, 433, 469, 32, 7, 41, 134, 129), 0.0, 60.700799999999965, 911.7122906004399
(207, 355, 474, 479, 366), (246, 501, 167, 453), 8.18, 6.687500000000002, 918.6336794893292
(127, 185, 491, 75, 486, 178, 274, 245, 478), (207, 355, 474, 479, 366, 246, 501, 167, 453), 21.564444444444437, 21.788888888888895, 922.8347906004406
(385, 329, 452), (447, 153, 225, 86, 26, 103), 4.459999999999999, 18.356666666666662, 929.8247906004409
(50, 421), (9, 107, 56), 2.125, 4.586666666666666, 936.8491239337744
(290,), (228, 173, 235, 420, 264), 0.0, 8.527999999999999, 943.9661239337746
(188, 382, 37, 179), (267, 177, 404, 344, 151, 294, 238, 196, 236, 229), 8.2675, 25.343000000000004, 951.2313382194886
(313, 462, 244, 213, 316, 175, 507, 36, 215), (188, 382, 37, 179, 267, 177, 404, 344, 151, 294, 238, 196, 236, 229), 9.85777777777778, 40.875714285714274, 956.471759199476
(34,), (223, 324, 360, 212, 253, 180, 209, 435, 208, 263, 98, 220, 182), 0.0, 39.23076923076923, 963.7588471115638
(218, 288, 195, 367), (338, 349, 216, 240, 193, 286, 194, 342, 292, 311, 375, 181, 232, 373), 8.552500000000002, 28.64928571428571, 971.0903947306118
(241,), (319, 91, 168, 126, 176, 298, 259, 265, 498, 335, 46, 394, 476), 0.0, 27.387692307692305, 978.4819881372052
(285, 197, 326), (241, 319, 91, 168, 126, 176, 298, 259, 265, 498, 335, 46, 394, 476), 1.5133333333333332, 34.77928571428573, 985.3587808542921
(189, 230, 424, 48, 121), (416, 341, 4, 211, 387, 422, 418, 458), 3.6759999999999997, 15.622500000000008, 992.8464347004459
(290, 228, 173, 235, 420, 264), (189, 230, 424, 48, 121, 416, 341, 4, 211, 387, 422, 418, 458), 15.645000000000001, 26.786153846153848, 999.0110703279763
(305,), (290, 228, 173, 235, 420, 264, 189, 230, 424, 48, 121, 416, 341, 4, 211, 387, 422, 418, 458), 0.0, 48.5957894736842, 1006.2022808542929
(226,), (218, 288, 195, 367, 338, 349, 216, 240, 193, 286, 194, 342, 292, 311, 375, 181, 232, 373), 0.0, 44.53333333333336, 1014.1163159420117
(242,), (38, 116, 361, 318, 378, 347, 369, 261, 13, 130, 343, 260, 255, 368, 243, 14, 345, 184, 15, 408, 43, 124, 393, 239, 508, 443, 346, 488, 392, 406, 317, 301, 161), 0.0, 69.12666666666664, 1022.0908257459329
(390, 388, 395, 484), (58, 53, 426, 308, 155, 8, 52, 55, 163, 77, 159, 78, 299, 80, 114, 471, 269, 428, 437, 145, 446, 325, 490, 427, 495, 451, 20, 171, 35, 131, 187, 397, 504, 411, 432, 445, 72, 174, 63, 327, 99, 339, 417, 489, 377, 89, 386, 295, 234, 302, 81, 454, 257, 268, 275, 300, 353, 381, 247, 354, 94, 351, 376, 430, 312, 249, 200, 320, 364, 258, 383, 348, 57, 148, 192, 322), 4.685, 185.99473684210517, 1030.1358389038214
(146, 142, 152), (390, 388, 395, 484, 58, 53, 426, 308, 155, 8, 52, 55, 163, 77, 159, 78, 299, 80, 114, 471, 269, 428, 437, 145, 446, 325, 490, 427, 495, 451, 20, 171, 35, 131, 187, 397, 504, 411, 432, 445, 72, 174, 63, 327, 99, 339, 417, 489, 377, 89, 386, 295, 234, 302, 81, 454, 257, 268, 275, 300, 353, 381, 247, 354, 94, 351, 376, 430, 312, 249, 200, 320, 364, 258, 383, 348, 57, 148, 192, 322), 3.1666666666666674, 198.72474999999991, 1038.0355065745032
(17, 18, 122), (146, 142, 152, 390, 388, 395, 484, 58, 53, 426, 308, 155, 8, 52, 55, 163, 77, 159, 78, 299, 80, 114, 471, 269, 428, 437, 145, 446, 325, 490, 427, 495, 451, 20, 171, 35, 131, 187, 397, 504, 411, 432, 445, 72, 174, 63, 327, 99, 339, 417, 489, 377, 89, 386, 295, 234, 302, 81, 454, 257, 268, 275, 300, 353, 381, 247, 354, 94, 351, 376, 430, 312, 249, 200, 320, 364, 258, 383, 348, 57, 148, 192, 322), 4.453333333333333, 209.79108433734893, 1046.046205182892
(399,), (113, 95, 315, 410, 365, 74, 407, 277, 356, 314, 6, 85), 0.0, 22.1425, 1054.3421667213515
(221, 262, 84, 123, 119, 204), (17, 18, 122, 146, 142, 152, 390, 388, 395, 484, 58, 53, 426, 308, 155, 8, 52, 55, 163, 77, 159, 78, 299, 80, 114, 471, 269, 428, 437, 145, 446, 325, 490, 427, 495, 451, 20, 171, 35, 131, 187, 397, 504, 411, 432, 445, 72, 174, 63, 327, 99, 339, 417, 489, 377, 89, 386, 295, 234, 302, 81, 454, 257, 268, 275, 300, 353, 381, 247, 354, 94, 351, 376, 430, 312, 249, 200, 320, 364, 258, 383, 348, 57, 148, 192, 322), 15.398333333333332, 222.25511627906957, 1062.9579562393876
(226, 218, 288, 195, 367, 338, 349, 216, 240, 193, 286, 194, 342, 292, 311, 375, 181, 232, 373), (221, 262, 84, 123, 119, 204, 17, 18, 122, 146, 142, 152, 390, 388, 395, 484, 58, 53, 426, 308, 155, 8, 52, 55, 163, 77, 159, 78, 299, 80, 114, 471, 269, 428, 437, 145, 446, 325, 490, 427, 495, 451, 20, 171, 35, 131, 187, 397, 504, 411, 432, 445, 72, 174, 63, 327, 99, 339, 417, 489, 377, 89, 386, 295, 234, 302, 81, 454, 257, 268, 275, 300, 353, 381, 247, 354, 94, 351, 376, 430, 312, 249, 200, 320, 364, 258, 383, 348, 57, 148, 192, 322), 52.44736842105261, 246.26923913043464, 1072.151438777988
(115, 233), (467, 202, 133, 110, 47, 149), 0.5900000000000004, 13.508333333333333, 1081.6218554446548
(455, 150, 49), (106, 109), 4.446666666666666, 3.5350000000000006, 1091.1521887779886
(449, 485), (473, 141, 248, 136, 493, 254, 135, 31, 270, 64, 499), 4.1, 20.449090909090913, 1100.7200209458229
(350,), (226, 218, 288, 195, 367, 338, 349, 216, 240, 193, 286, 194, 342, 292, 311, 375, 181, 232, 373, 221, 262, 84, 123, 119, 204, 17, 18, 122, 146, 142, 152, 390, 388, 395, 484, 58, 53, 426, 308, 155, 8, 52, 55, 163, 77, 159, 78, 299, 80, 114, 471, 269, 428, 437, 145, 446, 325, 490, 427, 495, 451, 20, 171, 35, 131, 187, 397, 504, 411, 432, 445, 72, 174, 63, 327, 99, 339, 417, 489, 377, 89, 386, 295, 234, 302, 81, 454, 257, 268, 275, 300, 353, 381, 247, 354, 94, 351, 376, 430, 312, 249, 200, 320, 364, 258, 383, 348, 57, 148, 192, 322), 0.0, 307.9100900900891, 1110.3060022843022
(419, 90, 340, 227, 164, 42, 500, 434, 412, 92, 456, 414, 415, 79, 423, 472, 431, 461, 132, 433, 469, 32, 7, 41, 134, 129), (242, 38, 116, 361, 318, 378, 347, 369, 261, 13, 130, 343, 260, 255, 368, 243, 14, 345, 184, 15, 408, 43, 124, 393, 239, 508, 443, 346, 488, 392, 406, 317, 301, 161), 67.52923076923075, 77.10117647058819, 1120.0139283778155
(334, 51), (350, 226, 218, 288, 195, 367, 338, 349, 216, 240, 193, 286, 194, 342, 292, 311, 375, 181, 232, 373, 221, 262, 84, 123, 119, 204, 17, 18, 122, 146, 142, 152, 390, 388, 395, 484, 58, 53, 426, 308, 155, 8, 52, 55, 163, 77, 159, 78, 299, 80, 114, 471, 269, 428, 437, 145, 446, 325, 490, 427, 495, 451, 20, 171, 35, 131, 187, 397, 504, 411, 432, 445, 72, 174, 63, 327, 99, 339, 417, 489, 377, 89, 386, 295, 234, 302, 81, 454, 257, 268, 275, 300, 353, 381, 247, 354, 94, 351, 376, 430, 312, 249, 200, 320, 364, 258, 383, 348, 57, 148, 192, 322), 0.6950000000000005, 317.4960714285722, 1130.0820674755632
(237, 374, 333, 284), (76, 70, 217, 506), 7.607500000000002, 8.925000000000002, 1140.2908174755628
(166,), (480, 111, 297, 436, 33, 157, 440), 0.0, 17.74857142857144, 1150.5809960469905
(183,), (127, 185, 491, 75, 486, 178, 274, 245, 478, 207, 355, 474, 479, 366, 246, 501, 167, 453), 0.0, 47.554444444444464, 1160.871814760439
(266,), (115, 233, 467, 202, 133, 110, 47, 149), 0.0, 23.56875, 1171.1630647604395
(104, 464, 465, 463, 459), (334, 51, 350, 226, 218, 288, 195, 367, 338, 349, 216, 240, 193, 286, 194, 342, 292, 311, 375, 181, 232, 373, 221, 262, 84, 123, 119, 204, 17, 18, 122, 146, 142, 152, 390, 388, 395, 484, 58, 53, 426, 308, 155, 8, 52, 55, 163, 77, 159, 78, 299, 80, 114, 471, 269, 428, 437, 145, 446, 325, 490, 427, 495, 451, 20, 171, 35, 131, 187, 397, 504, 411, 432, 445, 72, 174, 63, 327, 99, 339, 417, 489, 377, 89, 386, 295, 234, 302, 81, 454, 257, 268, 275, 300, 353, 381, 247, 354, 94, 351, 376, 430, 312, 249, 200, 320, 364, 258, 383, 348, 57, 148, 192, 322), 13.675999999999998, 328.25921052631566, 1182.0839886879146
(419, 90, 340, 227, 164, 42, 500, 434, 412, 92, 456, 414, 415, 79, 423, 472, 431, 461, 132, 433, 469, 32, 7, 41, 134, 129, 242, 38, 116, 361, 318, 378, 347, 369, 261, 13, 130, 343, 260, 255, 368, 243, 14, 345, 184, 15, 408, 43, 124, 393, 239, 508, 443, 346, 488, 392, 406, 317, 301, 161), (104, 464, 465, 463, 459, 334, 51, 350, 226, 218, 288, 195, 367, 338, 349, 216, 240, 193, 286, 194, 342, 292, 311, 375, 181, 232, 373, 221, 262, 84, 123, 119, 204, 17, 18, 122, 146, 142, 152, 390, 388, 395, 484, 58, 53, 426, 308, 155, 8, 52, 55, 163, 77, 159, 78, 299, 80, 114, 471, 269, 428, 437, 145, 446, 325, 490, 427, 495, 451, 20, 171, 35, 131, 187, 397, 504, 411, 432, 445, 72, 174, 63, 327, 99, 339, 417, 489, 377, 89, 386, 295, 234, 302, 81, 454, 257, 268, 275, 300, 353, 381, 247, 354, 94, 351, 376, 430, 312, 249, 200, 320, 364, 258, 383, 348, 57, 148, 192, 322), 154.33833333333345, 352.8561344537824, 1186.585945481785
(305, 290, 228, 173, 235, 420, 264, 189, 230, 424, 48, 121, 416, 341, 4, 211, 387, 422, 418, 458), (237, 374, 333, 284, 76, 70, 217, 506), 55.78700000000002, 26.741249999999997, 1197.7866240532148
(384, 128, 219), (183, 127, 185, 491, 75, 486, 178, 274, 245, 478, 207, 355, 474, 479, 366, 246, 501, 167, 453), 2.9933333333333323, 57.8452631578947, 1209.0053002892623
(497,), (384, 128, 219, 183, 127, 185, 491, 75, 486, 178, 274, 245, 478, 207, 355, 474, 479, 366, 246, 501, 167, 453), 0.0, 72.05727272727268, 1219.754984083727
(166, 480, 111, 297, 436, 33, 157, 440), (497, 384, 128, 219, 183, 127, 185, 491, 75, 486, 178, 274, 245, 478, 207, 355, 474, 479, 366, 246, 501, 167, 453), 28.03875, 82.80695652173915, 1230.5866969168308
(190, 101, 24, 337, 283, 330, 22, 160, 143, 138), (385, 329, 452, 447, 153, 225, 86, 26, 103), 22.913000000000018, 29.806666666666665, 1242.0849249870125
(83, 466), (419, 90, 340, 227, 164, 42, 500, 434, 412, 92, 456, 414, 415, 79, 423, 472, 431, 461, 132, 433, 469, 32, 7, 41, 134, 129, 242, 38, 116, 361, 318, 378, 347, 369, 261, 13, 130, 343, 260, 255, 368, 243, 14, 345, 184, 15, 408, 43, 124, 393, 239, 508, 443, 346, 488, 392, 406, 317, 301, 161, 104, 464, 465, 463, 459, 334, 51, 350, 226, 218, 288, 195, 367, 338, 349, 216, 240, 193, 286, 194, 342, 292, 311, 375, 181, 232, 373, 221, 262, 84, 123, 119, 204, 17, 18, 122, 146, 142, 152, 390, 388, 395, 484, 58, 53, 426, 308, 155, 8, 52, 55, 163, 77, 159, 78, 299, 80, 114, 471, 269, 428, 437, 145, 446, 325, 490, 427, 495, 451, 20, 171, 35, 131, 187, 397, 504, 411, 432, 445, 72, 174, 63, 327, 99, 339, 417, 489, 377, 89, 386, 295, 234, 302, 81, 454, 257, 268, 275, 300, 353, 381, 247, 354, 94, 351, 376, 430, 312, 249, 200, 320, 364, 258, 383, 348, 57, 148, 192, 322), 1.1150000000000002, 511.6964245810063, 1254.0986937761766
(477,), (83, 466, 419, 90, 340, 227, 164, 42, 500, 434, 412, 92, 456, 414, 415, 79, 423, 472, 431, 461, 132, 433, 469, 32, 7, 41, 134, 129, 242, 38, 116, 361, 318, 378, 347, 369, 261, 13, 130, 343, 260, 255, 368, 243, 14, 345, 184, 15, 408, 43, 124, 393, 239, 508, 443, 346, 488, 392, 406, 317, 301, 161, 104, 464, 465, 463, 459, 334, 51, 350, 226, 218, 288, 195, 367, 338, 349, 216, 240, 193, 286, 194, 342, 292, 311, 375, 181, 232, 373, 221, 262, 84, 123, 119, 204, 17, 18, 122, 146, 142, 152, 390, 388, 395, 484, 58, 53, 426, 308, 155, 8, 52, 55, 163, 77, 159, 78, 299, 80, 114, 471, 269, 428, 437, 145, 446, 325, 490, 427, 495, 451, 20, 171, 35, 131, 187, 397, 504, 411, 432, 445, 72, 174, 63, 327, 99, 339, 417, 489, 377, 89, 386, 295, 234, 302, 81, 454, 257, 268, 275, 300, 353, 381, 247, 354, 94, 351, 376, 430, 312, 249, 200, 320, 364, 258, 383, 348, 57, 148, 192, 322), 0.0, 524.825193370165, 1266.9578410653498
(224, 165, 372, 156, 503), (477, 83, 466, 419, 90, 340, 227, 164, 42, 500, 434, 412, 92, 456, 414, 415, 79, 423, 472, 431, 461, 132, 433, 469, 32, 7, 41, 134, 129, 242, 38, 116, 361, 318, 378, 347, 369, 261, 13, 130, 343, 260, 255, 368, 243, 14, 345, 184, 15, 408, 43, 124, 393, 239, 508, 443, 346, 488, 392, 406, 317, 301, 161, 104, 464, 465, 463, 459, 334, 51, 350, 226, 218, 288, 195, 367, 338, 349, 216, 240, 193, 286, 194, 342, 292, 311, 375, 181, 232, 373, 221, 262, 84, 123, 119, 204, 17, 18, 122, 146, 142, 152, 390, 388, 395, 484, 58, 53, 426, 308, 155, 8, 52, 55, 163, 77, 159, 78, 299, 80, 114, 471, 269, 428, 437, 145, 446, 325, 490, 427, 495, 451, 20, 171, 35, 131, 187, 397, 504, 411, 432, 445, 72, 174, 63, 327, 99, 339, 417, 489, 377, 89, 386, 295, 234, 302, 81, 454, 257, 268, 275, 300, 353, 381, 247, 354, 94, 351, 376, 430, 312, 249, 200, 320, 364, 258, 383, 348, 57, 148, 192, 322), 8.612000000000004, 537.6843406593424, 1280.1260993364817
(399, 113, 95, 315, 410, 365, 74, 407, 277, 356, 314, 6, 85), (305, 290, 228, 173, 235, 420, 264, 189, 230, 424, 48, 121, 416, 341, 4, 211, 387, 422, 418, 458, 237, 374, 333, 284, 76, 70, 217, 506), 30.43846153846154, 93.72892857142861, 1293.8528555680598
(256, 505, 425), (449, 485, 473, 141, 248, 136, 493, 254, 135, 31, 270, 64, 499), 6.3066666666666675, 34.11692307692305, 1308.2780158244714
(170, 96, 144, 457, 475, 429, 100, 39), (256, 505, 425, 449, 485, 473, 141, 248, 136, 493, 254, 135, 31, 270, 64, 499), 13.853750000000002, 54.84875000000002, 1322.5759324911376
(154,), (224, 165, 372, 156, 503, 477, 83, 466, 419, 90, 340, 227, 164, 42, 500, 434, 412, 92, 456, 414, 415, 79, 423, 472, 431, 461, 132, 433, 469, 32, 7, 41, 134, 129, 242, 38, 116, 361, 318, 378, 347, 369, 261, 13, 130, 343, 260, 255, 368, 243, 14, 345, 184, 15, 408, 43, 124, 393, 239, 508, 443, 346, 488, 392, 406, 317, 301, 161, 104, 464, 465, 463, 459, 334, 51, 350, 226, 218, 288, 195, 367, 338, 349, 216, 240, 193, 286, 194, 342, 292, 311, 375, 181, 232, 373, 221, 262, 84, 123, 119, 204, 17, 18, 122, 146, 142, 152, 390, 388, 395, 484, 58, 53, 426, 308, 155, 8, 52, 55, 163, 77, 159, 78, 299, 80, 114, 471, 269, 428, 437, 145, 446, 325, 490, 427, 495, 451, 20, 171, 35, 131, 187, 397, 504, 411, 432, 445, 72, 174, 63, 327, 99, 339, 417, 489, 377, 89, 386, 295, 234, 302, 81, 454, 257, 268, 275, 300, 353, 381, 247, 354, 94, 351, 376, 430, 312, 249, 200, 320, 364, 258, 383, 348, 57, 148, 192, 322), 0.0, 559.4645989304826, 1337.446705901088
(118, 444, 450, 137, 359, 492), (154, 224, 165, 372, 156, 503, 477, 83, 466, 419, 90, 340, 227, 164, 42, 500, 434, 412, 92, 456, 414, 415, 79, 423, 472, 431, 461, 132, 433, 469, 32, 7, 41, 134, 129, 242, 38, 116, 361, 318, 378, 347, 369, 261, 13, 130, 343, 260, 255, 368, 243, 14, 345, 184, 15, 408, 43, 124, 393, 239, 508, 443, 346, 488, 392, 406, 317, 301, 161, 104, 464, 465, 463, 459, 334, 51, 350, 226, 218, 288, 195, 367, 338, 349, 216, 240, 193, 286, 194, 342, 292, 311, 375, 181, 232, 373, 221, 262, 84, 123, 119, 204, 17, 18, 122, 146, 142, 152, 390, 388, 395, 484, 58, 53, 426, 308, 155, 8, 52, 55, 163, 77, 159, 78, 299, 80, 114, 471, 269, 428, 437, 145, 446, 325, 490, 427, 495, 451, 20, 171, 35, 131, 187, 397, 504, 411, 432, 445, 72, 174, 63, 327, 99, 339, 417, 489, 377, 89, 386, 295, 234, 302, 81, 454, 257, 268, 275, 300, 353, 381, 247, 354, 94, 351, 376, 430, 312, 249, 200, 320, 364, 258, 383, 348, 57, 148, 192, 322), 10.499999999999998, 574.3353723404247, 1352.3230345915924
(307,), (399, 113, 95, 315, 410, 365, 74, 407, 277, 356, 314, 6, 85, 305, 290, 228, 173, 235, 420, 264, 189, 230, 424, 48, 121, 416, 341, 4, 211, 387, 422, 418, 458, 237, 374, 333, 284, 76, 70, 217, 506), 0.0, 137.89414634146348, 1367.5276977739352
(442, 125, 494), (118, 444, 450, 137, 359, 492, 154, 224, 165, 372, 156, 503, 477, 83, 466, 419, 90, 340, 227, 164, 42, 500, 434, 412, 92, 456, 414, 415, 79, 423, 472, 431, 461, 132, 433, 469, 32, 7, 41, 134, 129, 242, 38, 116, 361, 318, 378, 347, 369, 261, 13, 130, 343, 260, 255, 368, 243, 14, 345, 184, 15, 408, 43, 124, 393, 239, 508, 443, 346, 488, 392, 406, 317, 301, 161, 104, 464, 465, 463, 459, 334, 51, 350, 226, 218, 288, 195, 367, 338, 349, 216, 240, 193, 286, 194, 342, 292, 311, 375, 181, 232, 373, 221, 262, 84, 123, 119, 204, 17, 18, 122, 146, 142, 152, 390, 388, 395, 484, 58, 53, 426, 308, 155, 8, 52, 55, 163, 77, 159, 78, 299, 80, 114, 471, 269, 428, 437, 145, 446, 325, 490, 427, 495, 451, 20, 171, 35, 131, 187, 397, 504, 411, 432, 445, 72, 174, 63, 327, 99, 339, 417, 489, 377, 89, 386, 295, 234, 302, 81, 454, 257, 268, 275, 300, 353, 381, 247, 354, 94, 351, 376, 430, 312, 249, 200, 320, 364, 258, 383, 348, 57, 148, 192, 322), 11.013333333333334, 599.7117010309299, 1383.6441862523138
(45, 93), (442, 125, 494, 118, 444, 450, 137, 359, 492, 154, 224, 165, 372, 156, 503, 477, 83, 466, 419, 90, 340, 227, 164, 42, 500, 434, 412, 92, 456, 414, 415, 79, 423, 472, 431, 461, 132, 433, 469, 32, 7, 41, 134, 129, 242, 38, 116, 361, 318, 378, 347, 369, 261, 13, 130, 343, 260, 255, 368, 243, 14, 345, 184, 15, 408, 43, 124, 393, 239, 508, 443, 346, 488, 392, 406, 317, 301, 161, 104, 464, 465, 463, 459, 334, 51, 350, 226, 218, 288, 195, 367, 338, 349, 216, 240, 193, 286, 194, 342, 292, 311, 375, 181, 232, 373, 221, 262, 84, 123, 119, 204, 17, 18, 122, 146, 142, 152, 390, 388, 395, 484, 58, 53, 426, 308, 155, 8, 52, 55, 163, 77, 159, 78, 299, 80, 114, 471, 269, 428, 437, 145, 446, 325, 490, 427, 495, 451, 20, 171, 35, 131, 187, 397, 504, 411, 432, 445, 72, 174, 63, 327, 99, 339, 417, 489, 377, 89, 386, 295, 234, 302, 81, 454, 257, 268, 275, 300, 353, 381, 247, 354, 94, 351, 376, 430, 312, 249, 200, 320, 364, 258, 383, 348, 57, 148, 192, 322), 5.015, 626.8415228426388, 1400.0411307463448
(276,), (45, 93, 442, 125, 494, 118, 444, 450, 137, 359, 492, 154, 224, 165, 372, 156, 503, 477, 83, 466, 419, 90, 340, 227, 164, 42, 500, 434, 412, 92, 456, 414, 415, 79, 423, 472, 431, 461, 132, 433, 469, 32, 7, 41, 134, 129, 242, 38, 116, 361, 318, 378, 347, 369, 261, 13, 130, 343, 260, 255, 368, 243, 14, 345, 184, 15, 408, 43, 124, 393, 239, 508, 443, 346, 488, 392, 406, 317, 301, 161, 104, 464, 465, 463, 459, 334, 51, 350, 226, 218, 288, 195, 367, 338, 349, 216, 240, 193, 286, 194, 342, 292, 311, 375, 181, 232, 373, 221, 262, 84, 123, 119, 204, 17, 18, 122, 146, 142, 152, 390, 388, 395, 484, 58, 53, 426, 308, 155, 8, 52, 55, 163, 77, 159, 78, 299, 80, 114, 471, 269, 428, 437, 145, 446, 325, 490, 427, 495, 451, 20, 171, 35, 131, 187, 397, 504, 411, 432, 445, 72, 174, 63, 327, 99, 339, 417, 489, 377, 89, 386, 295, 234, 302, 81, 454, 257, 268, 275, 300, 353, 381, 247, 354, 94, 351, 376, 430, 312, 249, 200, 320, 364, 258, 383, 348, 57, 148, 192, 322), 0.0, 648.2534673366804, 1416.7399134096731
(352, 271, 282), (23, 117, 222, 186, 158, 251, 273, 309, 25, 278, 201, 357, 289, 291, 162, 358, 304), 4.92, 39.612941176470585, 1433.4834722332014
(231,), (307, 399, 113, 95, 315, 410, 365, 74, 407, 277, 356, 314, 6, 85, 305, 290, 228, 173, 235, 420, 264, 189, 230, 424, 48, 121, 416, 341, 4, 211, 387, 422, 418, 458, 237, 374, 333, 284, 76, 70, 217, 506), 0.0, 153.0988095238096, 1450.3414068954335
(1,), (276, 45, 93, 442, 125, 494, 118, 444, 450, 137, 359, 492, 154, 224, 165, 372, 156, 503, 477, 83, 466, 419, 90, 340, 227, 164, 42, 500, 434, 412, 92, 456, 414, 415, 79, 423, 472, 431, 461, 132, 433, 469, 32, 7, 41, 134, 129, 242, 38, 116, 361, 318, 378, 347, 369, 261, 13, 130, 343, 260, 255, 368, 243, 14, 345, 184, 15, 408, 43, 124, 393, 239, 508, 443, 346, 488, 392, 406, 317, 301, 161, 104, 464, 465, 463, 459, 334, 51, 350, 226, 218, 288, 195, 367, 338, 349, 216, 240, 193, 286, 194, 342, 292, 311, 375, 181, 232, 373, 221, 262, 84, 123, 119, 204, 17, 18, 122, 146, 142, 152, 390, 388, 395, 484, 58, 53, 426, 308, 155, 8, 52, 55, 163, 77, 159, 78, 299, 80, 114, 471, 269, 428, 437, 145, 446, 325, 490, 427, 495, 451, 20, 171, 35, 131, 187, 397, 504, 411, 432, 445, 72, 174, 63, 327, 99, 339, 417, 489, 377, 89, 386, 295, 234, 302, 81, 454, 257, 268, 275, 300, 353, 381, 247, 354, 94, 351, 376, 430, 312, 249, 200, 320, 364, 258, 383, 348, 57, 148, 192, 322), 0.0, 664.9522499999987, 1467.6719429650825
(139,), (285, 197, 326, 241, 319, 91, 168, 126, 176, 298, 259, 265, 498, 335, 46, 394, 476), 0.0, 43.16941176470587, 1485.2347534225994
(34, 223, 324, 360, 212, 253, 180, 209, 435, 208, 263, 98, 220, 182), (352, 271, 282, 23, 117, 222, 186, 158, 251, 273, 309, 25, 278, 201, 357, 289, 291, 162, 358, 304), 46.517857142857146, 61.276500000000034, 1505.5939256915046
(413, 19, 62, 396, 401, 409, 21, 481), (1, 276, 45, 93, 442, 125, 494, 118, 444, 450, 137, 359, 492, 154, 224, 165, 372, 156, 503, 477, 83, 466, 419, 90, 340, 227, 164, 42, 500, 434, 412, 92, 456, 414, 415, 79, 423, 472, 431, 461, 132, 433, 469, 32, 7, 41, 134, 129, 242, 38, 116, 361, 318, 378, 347, 369, 261, 13, 130, 343, 260, 255, 368, 243, 14, 345, 184, 15, 408, 43, 124, 393, 239, 508, 443, 346, 488, 392, 406, 317, 301, 161, 104, 464, 465, 463, 459, 334, 51, 350, 226, 218, 288, 195, 367, 338, 349, 216, 240, 193, 286, 194, 342, 292, 311, 375, 181, 232, 373, 221, 262, 84, 123, 119, 204, 17, 18, 122, 146, 142, 152, 390, 388, 395, 484, 58, 53, 426, 308, 155, 8, 52, 55, 163, 77, 159, 78, 299, 80, 114, 471, 269, 428, 437, 145, 446, 325, 490, 427, 495, 451, 20, 171, 35, 131, 187, 397, 504, 411, 432, 445, 72, 174, 63, 327, 99, 339, 417, 489, 377, 89, 386, 295, 234, 302, 81, 454, 257, 268, 275, 300, 353, 381, 247, 354, 94, 351, 376, 430, 312, 249, 200, 320, 364, 258, 383, 348, 57, 148, 192, 322), 15.954999999999997, 682.2827860696544, 1528.328101344369
(336,), (413, 19, 62, 396, 401, 409, 21, 481, 1, 276, 45, 93, 442, 125, 494, 118, 444, 450, 137, 359, 492, 154, 224, 165, 372, 156, 503, 477, 83, 466, 419, 90, 340, 227, 164, 42, 500, 434, 412, 92, 456, 414, 415, 79, 423, 472, 431, 461, 132, 433, 469, 32, 7, 41, 134, 129, 242, 38, 116, 361, 318, 378, 347, 369, 261, 13, 130, 343, 260, 255, 368, 243, 14, 345, 184, 15, 408, 43, 124, 393, 239, 508, 443, 346, 488, 392, 406, 317, 301, 161, 104, 464, 465, 463, 459, 334, 51, 350, 226, 218, 288, 195, 367, 338, 349, 216, 240, 193, 286, 194, 342, 292, 311, 375, 181, 232, 373, 221, 262, 84, 123, 119, 204, 17, 18, 122, 146, 142, 152, 390, 388, 395, 484, 58, 53, 426, 308, 155, 8, 52, 55, 163, 77, 159, 78, 299, 80, 114, 471, 269, 428, 437, 145, 446, 325, 490, 427, 495, 451, 20, 171, 35, 131, 187, 397, 504, 411, 432, 445, 72, 174, 63, 327, 99, 339, 417, 489, 377, 89, 386, 295, 234, 302, 81, 454, 257, 268, 275, 300, 353, 381, 247, 354, 94, 351, 376, 430, 312, 249, 200, 320, 364, 258, 383, 348, 57, 148, 192, 322), 0.0, 720.9719617224896, 1551.7922824790019
(170, 96, 144, 457, 475, 429, 100, 39, 256, 505, 425, 449, 485, 473, 141, 248, 136, 493, 254, 135, 31, 270, 64, 499), (336, 413, 19, 62, 396, 401, 409, 21, 481, 1, 276, 45, 93, 442, 125, 494, 118, 444, 450, 137, 359, 492, 154, 224, 165, 372, 156, 503, 477, 83, 466, 419, 90, 340, 227, 164, 42, 500, 434, 412, 92, 456, 414, 415, 79, 423, 472, 431, 461, 132, 433, 469, 32, 7, 41, 134, 129, 242, 38, 116, 361, 318, 378, 347, 369, 261, 13, 130, 343, 260, 255, 368, 243, 14, 345, 184, 15, 408, 43, 124, 393, 239, 508, 443, 346, 488, 392, 406, 317, 301, 161, 104, 464, 465, 463, 459, 334, 51, 350, 226, 218, 288, 195, 367, 338, 349, 216, 240, 193, 286, 194, 342, 292, 311, 375, 181, 232, 373, 221, 262, 84, 123, 119, 204, 17, 18, 122, 146, 142, 152, 390, 388, 395, 484, 58, 53, 426, 308, 155, 8, 52, 55, 163, 77, 159, 78, 299, 80, 114, 471, 269, 428, 437, 145, 446, 325, 490, 427, 495, 451, 20, 171, 35, 131, 187, 397, 504, 411, 432, 445, 72, 174, 63, 327, 99, 339, 417, 489, 377, 89, 386, 295, 234, 302, 81, 454, 257, 268, 275, 300, 353, 381, 247, 354, 94, 351, 376, 430, 312, 249, 200, 320, 364, 258, 383, 348, 57, 148, 192, 322), 83.00041666666667, 744.4361428571411, 1574.9444409039274
(455, 150, 49, 106, 109), (170, 96, 144, 457, 475, 429, 100, 39, 256, 505, 425, 449, 485, 473, 141, 248, 136, 493, 254, 135, 31, 270, 64, 499, 336, 413, 19, 62, 396, 401, 409, 21, 481, 1, 276, 45, 93, 442, 125, 494, 118, 444, 450, 137, 359, 492, 154, 224, 165, 372, 156, 503, 477, 83, 466, 419, 90, 340, 227, 164, 42, 500, 434, 412, 92, 456, 414, 415, 79, 423, 472, 431, 461, 132, 433, 469, 32, 7, 41, 134, 129, 242, 38, 116, 361, 318, 378, 347, 369, 261, 13, 130, 343, 260, 255, 368, 243, 14, 345, 184, 15, 408, 43, 124, 393, 239, 508, 443, 346, 488, 392, 406, 317, 301, 161, 104, 464, 465, 463, 459, 334, 51, 350, 226, 218, 288, 195, 367, 338, 349, 216, 240, 193, 286, 194, 342, 292, 311, 375, 181, 232, 373, 221, 262, 84, 123, 119, 204, 17, 18, 122, 146, 142, 152, 390, 388, 395, 484, 58, 53, 426, 308, 155, 8, 52, 55, 163, 77, 159, 78, 299, 80, 114, 471, 269, 428, 437, 145, 446, 325, 490, 427, 495, 451, 20, 171, 35, 131, 187, 397, 504, 411, 432, 445, 72, 174, 63, 327, 99, 339, 417, 489, 377, 89, 386, 295, 234, 302, 81, 454, 257, 268, 275, 300, 353, 381, 247, 354, 94, 351, 376, 430, 312, 249, 200, 320, 364, 258, 383, 348, 57, 148, 192, 322), 17.512, 850.5887179487181, 1598.0950200263442
(140,), (455, 150, 49, 106, 109, 170, 96, 144, 457, 475, 429, 100, 39, 256, 505, 425, 449, 485, 473, 141, 248, 136, 493, 254, 135, 31, 270, 64, 499, 336, 413, 19, 62, 396, 401, 409, 21, 481, 1, 276, 45, 93, 442, 125, 494, 118, 444, 450, 137, 359, 492, 154, 224, 165, 372, 156, 503, 477, 83, 466, 419, 90, 340, 227, 164, 42, 500, 434, 412, 92, 456, 414, 415, 79, 423, 472, 431, 461, 132, 433, 469, 32, 7, 41, 134, 129, 242, 38, 116, 361, 318, 378, 347, 369, 261, 13, 130, 343, 260, 255, 368, 243, 14, 345, 184, 15, 408, 43, 124, 393, 239, 508, 443, 346, 488, 392, 406, 317, 301, 161, 104, 464, 465, 463, 459, 334, 51, 350, 226, 218, 288, 195, 367, 338, 349, 216, 240, 193, 286, 194, 342, 292, 311, 375, 181, 232, 373, 221, 262, 84, 123, 119, 204, 17, 18, 122, 146, 142, 152, 390, 388, 395, 484, 58, 53, 426, 308, 155, 8, 52, 55, 163, 77, 159, 78, 299, 80, 114, 471, 269, 428, 437, 145, 446, 325, 490, 427, 495, 451, 20, 171, 35, 131, 187, 397, 504, 411, 432, 445, 72, 174, 63, 327, 99, 339, 417, 489, 377, 89, 386, 295, 234, 302, 81, 454, 257, 268, 275, 300, 353, 381, 247, 354, 94, 351, 376, 430, 312, 249, 200, 320, 364, 258, 383, 348, 57, 148, 192, 322), 0.0, 891.251297071133, 1621.6446396218455
(67, 69, 27, 191, 66), (34, 223, 324, 360, 212, 253, 180, 209, 435, 208, 263, 98, 220, 182, 352, 271, 282, 23, 117, 222, 186, 158, 251, 273, 309, 25, 278, 201, 357, 289, 291, 162, 358, 304), 16.476000000000003, 128.15352941176465, 1646.6135717485479
(362, 60, 59), (140, 455, 150, 49, 106, 109, 170, 96, 144, 457, 475, 429, 100, 39, 256, 505, 425, 449, 485, 473, 141, 248, 136, 493, 254, 135, 31, 270, 64, 499, 336, 413, 19, 62, 396, 401, 409, 21, 481, 1, 276, 45, 93, 442, 125, 494, 118, 444, 450, 137, 359, 492, 154, 224, 165, 372, 156, 503, 477, 83, 466, 419, 90, 340, 227, 164, 42, 500, 434, 412, 92, 456, 414, 415, 79, 423, 472, 431, 461, 132, 433, 469, 32, 7, 41, 134, 129, 242, 38, 116, 361, 318, 378, 347, 369, 261, 13, 130, 343, 260, 255, 368, 243, 14, 345, 184, 15, 408, 43, 124, 393, 239, 508, 443, 346, 488, 392, 406, 317, 301, 161, 104, 464, 465, 463, 459, 334, 51, 350, 226, 218, 288, 195, 367, 338, 349, 216, 240, 193, 286, 194, 342, 292, 311, 375, 181, 232, 373, 221, 262, 84, 123, 119, 204, 17, 18, 122, 146, 142, 152, 390, 388, 395, 484, 58, 53, 426, 308, 155, 8, 52, 55, 163, 77, 159, 78, 299, 80, 114, 471, 269, 428, 437, 145, 446, 325, 490, 427, 495, 451, 20, 171, 35, 131, 187, 397, 504, 411, 432, 445, 72, 174, 63, 327, 99, 339, 417, 489, 377, 89, 386, 295, 234, 302, 81, 454, 257, 268, 275, 300, 353, 381, 247, 354, 94, 351, 376, 430, 312, 249, 200, 320, 364, 258, 383, 348, 57, 148, 192, 322), 4.426666666666668, 914.8009166666669, 1673.390844382296
(303, 82, 470), (166, 480, 111, 297, 436, 33, 157, 440, 497, 384, 128, 219, 183, 127, 185, 491, 75, 486, 178, 274, 245, 478, 207, 355, 474, 479, 366, 246, 501, 167, 453), 7.1933333333333325, 121.67741935483869, 1701.2362681647105
(439,), (190, 101, 24, 337, 283, 330, 22, 160, 143, 138, 385, 329, 452, 447, 153, 225, 86, 26, 103), 0.0, 64.21789473684213, 1729.5553734278756
(67, 69, 27, 191, 66, 34, 223, 324, 360, 212, 253, 180, 209, 435, 208, 263, 98, 220, 182, 352, 271, 282, 23, 117, 222, 186, 158, 251, 273, 309, 25, 278, 201, 357, 289, 291, 162, 358, 304), (439, 190, 101, 24, 337, 283, 330, 22, 160, 143, 138, 385, 329, 452, 447, 153, 225, 86, 26, 103), 169.59846153846155, 92.53700000000002, 1757.4863525673752
(120, 402), (231, 307, 399, 113, 95, 315, 410, 365, 74, 407, 277, 356, 314, 6, 85, 305, 290, 228, 173, 235, 420, 264, 189, 230, 424, 48, 121, 416, 341, 4, 211, 387, 422, 418, 458, 237, 374, 333, 284, 76, 70, 217, 506), 0.7050000000000002, 169.9567441860467, 1789.591719492444
(362, 60, 59, 140, 455, 150, 49, 106, 109, 170, 96, 144, 457, 475, 429, 100, 39, 256, 505, 425, 449, 485, 473, 141, 248, 136, 493, 254, 135, 31, 270, 64, 499, 336, 413, 19, 62, 396, 401, 409, 21, 481, 1, 276, 45, 93, 442, 125, 494, 118, 444, 450, 137, 359, 492, 154, 224, 165, 372, 156, 503, 477, 83, 466, 419, 90, 340, 227, 164, 42, 500, 434, 412, 92, 456, 414, 415, 79, 423, 472, 431, 461, 132, 433, 469, 32, 7, 41, 134, 129, 242, 38, 116, 361, 318, 378, 347, 369, 261, 13, 130, 343, 260, 255, 368, 243, 14, 345, 184, 15, 408, 43, 124, 393, 239, 508, 443, 346, 488, 392, 406, 317, 301, 161, 104, 464, 465, 463, 459, 334, 51, 350, 226, 218, 288, 195, 367, 338, 349, 216, 240, 193, 286, 194, 342, 292, 311, 375, 181, 232, 373, 221, 262, 84, 123, 119, 204, 17, 18, 122, 146, 142, 152, 390, 388, 395, 484, 58, 53, 426, 308, 155, 8, 52, 55, 163, 77, 159, 78, 299, 80, 114, 471, 269, 428, 437, 145, 446, 325, 490, 427, 495, 451, 20, 171, 35, 131, 187, 397, 504, 411, 432, 445, 72, 174, 63, 327, 99, 339, 417, 489, 377, 89, 386, 295, 234, 302, 81, 454, 257, 268, 275, 300, 353, 381, 247, 354, 94, 351, 376, 430, 312, 249, 200, 320, 364, 258, 383, 348, 57, 148, 192, 322), (67, 69, 27, 191, 66, 34, 223, 324, 360, 212, 253, 180, 209, 435, 208, 263, 98, 220, 182, 352, 271, 282, 23, 117, 222, 186, 158, 251, 273, 309, 25, 278, 201, 357, 289, 291, 162, 358, 304, 439, 190, 101, 24, 337, 283, 330, 22, 160, 143, 138, 385, 329, 452, 447, 153, 225, 86, 26, 103), 946.0048559670773, 290.06644067796594, 1821.799528807682
(147, 2, 3, 331, 54, 10), (362, 60, 59, 140, 455, 150, 49, 106, 109, 170, 96, 144, 457, 475, 429, 100, 39, 256, 505, 425, 449, 485, 473, 141, 248, 136, 493, 254, 135, 31, 270, 64, 499, 336, 413, 19, 62, 396, 401, 409, 21, 481, 1, 276, 45, 93, 442, 125, 494, 118, 444, 450, 137, 359, 492, 154, 224, 165, 372, 156, 503, 477, 83, 466, 419, 90, 340, 227, 164, 42, 500, 434, 412, 92, 456, 414, 415, 79, 423, 472, 431, 461, 132, 433, 469, 32, 7, 41, 134, 129, 242, 38, 116, 361, 318, 378, 347, 369, 261, 13, 130, 343, 260, 255, 368, 243, 14, 345, 184, 15, 408, 43, 124, 393, 239, 508, 443, 346, 488, 392, 406, 317, 301, 161, 104, 464, 465, 463, 459, 334, 51, 350, 226, 218, 288, 195, 367, 338, 349, 216, 240, 193, 286, 194, 342, 292, 311, 375, 181, 232, 373, 221, 262, 84, 123, 119, 204, 17, 18, 122, 146, 142, 152, 390, 388, 395, 484, 58, 53, 426, 308, 155, 8, 52, 55, 163, 77, 159, 78, 299, 80, 114, 471, 269, 428, 437, 145, 446, 325, 490, 427, 495, 451, 20, 171, 35, 131, 187, 397, 504, 411, 432, 445, 72, 174, 63, 327, 99, 339, 417, 489, 377, 89, 386, 295, 234, 302, 81, 454, 257, 268, 275, 300, 353, 381, 247, 354, 94, 351, 376, 430, 312, 249, 200, 320, 364, 258, 383, 348, 57, 148, 192, 322, 67, 69, 27, 191, 66, 34, 223, 324, 360, 212, 253, 180, 209, 435, 208, 263, 98, 220, 182, 352, 271, 282, 23, 117, 222, 186, 158, 251, 273, 309, 25, 278, 201, 357, 289, 291, 162, 358, 304, 439, 190, 101, 24, 337, 283, 330, 22, 160, 143, 138, 385, 329, 452, 447, 153, 225, 86, 26, 103), 18.130000000000003, 1268.279105960268, 1856.3420137564892
(139, 285, 197, 326, 241, 319, 91, 168, 126, 176, 298, 259, 265, 498, 335, 46, 394, 476), (147, 2, 3, 331, 54, 10, 362, 60, 59, 140, 455, 150, 49, 106, 109, 170, 96, 144, 457, 475, 429, 100, 39, 256, 505, 425, 449, 485, 473, 141, 248, 136, 493, 254, 135, 31, 270, 64, 499, 336, 413, 19, 62, 396, 401, 409, 21, 481, 1, 276, 45, 93, 442, 125, 494, 118, 444, 450, 137, 359, 492, 154, 224, 165, 372, 156, 503, 477, 83, 466, 419, 90, 340, 227, 164, 42, 500, 434, 412, 92, 456, 414, 415, 79, 423, 472, 431, 461, 132, 433, 469, 32, 7, 41, 134, 129, 242, 38, 116, 361, 318, 378, 347, 369, 261, 13, 130, 343, 260, 255, 368, 243, 14, 345, 184, 15, 408, 43, 124, 393, 239, 508, 443, 346, 488, 392, 406, 317, 301, 161, 104, 464, 465, 463, 459, 334, 51, 350, 226, 218, 288, 195, 367, 338, 349, 216, 240, 193, 286, 194, 342, 292, 311, 375, 181, 232, 373, 221, 262, 84, 123, 119, 204, 17, 18, 122, 146, 142, 152, 390, 388, 395, 484, 58, 53, 426, 308, 155, 8, 52, 55, 163, 77, 159, 78, 299, 80, 114, 471, 269, 428, 437, 145, 446, 325, 490, 427, 495, 451, 20, 171, 35, 131, 187, 397, 504, 411, 432, 445, 72, 174, 63, 327, 99, 339, 417, 489, 377, 89, 386, 295, 234, 302, 81, 454, 257, 268, 275, 300, 353, 381, 247, 354, 94, 351, 376, 430, 312, 249, 200, 320, 364, 258, 383, 348, 57, 148, 192, 322, 67, 69, 27, 191, 66, 34, 223, 324, 360, 212, 253, 180, 209, 435, 208, 263, 98, 220, 182, 352, 271, 282, 23, 117, 222, 186, 158, 251, 273, 309, 25, 278, 201, 357, 289, 291, 162, 358, 304, 439, 190, 101, 24, 337, 283, 330, 22, 160, 143, 138, 385, 329, 452, 447, 153, 225, 86, 26, 103), 60.73222222222225, 1320.9515909090915, 1899.4405012386826
(50, 421, 9, 107, 56), (139, 285, 197, 326, 241, 319, 91, 168, 126, 176, 298, 259, 265, 498, 335, 46, 394, 476, 147, 2, 3, 331, 54, 10, 362, 60, 59, 140, 455, 150, 49, 106, 109, 170, 96, 144, 457, 475, 429, 100, 39, 256, 505, 425, 449, 485, 473, 141, 248, 136, 493, 254, 135, 31, 270, 64, 499, 336, 413, 19, 62, 396, 401, 409, 21, 481, 1, 276, 45, 93, 442, 125, 494, 118, 444, 450, 137, 359, 492, 154, 224, 165, 372, 156, 503, 477, 83, 466, 419, 90, 340, 227, 164, 42, 500, 434, 412, 92, 456, 414, 415, 79, 423, 472, 431, 461, 132, 433, 469, 32, 7, 41, 134, 129, 242, 38, 116, 361, 318, 378, 347, 369, 261, 13, 130, 343, 260, 255, 368, 243, 14, 345, 184, 15, 408, 43, 124, 393, 239, 508, 443, 346, 488, 392, 406, 317, 301, 161, 104, 464, 465, 463, 459, 334, 51, 350, 226, 218, 288, 195, 367, 338, 349, 216, 240, 193, 286, 194, 342, 292, 311, 375, 181, 232, 373, 221, 262, 84, 123, 119, 204, 17, 18, 122, 146, 142, 152, 390, 388, 395, 484, 58, 53, 426, 308, 155, 8, 52, 55, 163, 77, 159, 78, 299, 80, 114, 471, 269, 428, 437, 145, 446, 325, 490, 427, 495, 451, 20, 171, 35, 131, 187, 397, 504, 411, 432, 445, 72, 174, 63, 327, 99, 339, 417, 489, 377, 89, 386, 295, 234, 302, 81, 454, 257, 268, 275, 300, 353, 381, 247, 354, 94, 351, 376, 430, 312, 249, 200, 320, 364, 258, 383, 348, 57, 148, 192, 322, 67, 69, 27, 191, 66, 34, 223, 324, 360, 212, 253, 180, 209, 435, 208, 263, 98, 220, 182, 352, 271, 282, 23, 117, 222, 186, 158, 251, 273, 309, 25, 278, 201, 357, 289, 291, 162, 358, 304, 439, 190, 101, 24, 337, 283, 330, 22, 160, 143, 138, 385, 329, 452, 447, 153, 225, 86, 26, 103), 13.736000000000002, 1424.7823006135045, 1942.8732580270014
(303, 82, 470, 166, 480, 111, 297, 436, 33, 157, 440, 497, 384, 128, 219, 183, 127, 185, 491, 75, 486, 178, 274, 245, 478, 207, 355, 474, 479, 366, 246, 501, 167, 453), (120, 402, 231, 307, 399, 113, 95, 315, 410, 365, 74, 407, 277, 356, 314, 6, 85, 305, 290, 228, 173, 235, 420, 264, 189, 230, 424, 48, 121, 416, 341, 4, 211, 387, 422, 418, 458, 237, 374, 333, 284, 76, 70, 217, 506), 156.71617647058827, 202.76711111111098, 1993.0036413313624
(287, 214, 391, 281, 321, 280), (50, 421, 9, 107, 56, 139, 285, 197, 326, 241, 319, 91, 168, 126, 176, 298, 259, 265, 498, 335, 46, 394, 476, 147, 2, 3, 331, 54, 10, 362, 60, 59, 140, 455, 150, 49, 106, 109, 170, 96, 144, 457, 475, 429, 100, 39, 256, 505, 425, 449, 485, 473, 141, 248, 136, 493, 254, 135, 31, 270, 64, 499, 336, 413, 19, 62, 396, 401, 409, 21, 481, 1, 276, 45, 93, 442, 125, 494, 118, 444, 450, 137, 359, 492, 154, 224, 165, 372, 156, 503, 477, 83, 466, 419, 90, 340, 227, 164, 42, 500, 434, 412, 92, 456, 414, 415, 79, 423, 472, 431, 461, 132, 433, 469, 32, 7, 41, 134, 129, 242, 38, 116, 361, 318, 378, 347, 369, 261, 13, 130, 343, 260, 255, 368, 243, 14, 345, 184, 15, 408, 43, 124, 393, 239, 508, 443, 346, 488, 392, 406, 317, 301, 161, 104, 464, 465, 463, 459, 334, 51, 350, 226, 218, 288, 195, 367, 338, 349, 216, 240, 193, 286, 194, 342, 292, 311, 375, 181, 232, 373, 221, 262, 84, 123, 119, 204, 17, 18, 122, 146, 142, 152, 390, 388, 395, 484, 58, 53, 426, 308, 155, 8, 52, 55, 163, 77, 159, 78, 299, 80, 114, 471, 269, 428, 437, 145, 446, 325, 490, 427, 495, 451, 20, 171, 35, 131, 187, 397, 504, 411, 432, 445, 72, 174, 63, 327, 99, 339, 417, 489, 377, 89, 386, 295, 234, 302, 81, 454, 257, 268, 275, 300, 353, 381, 247, 354, 94, 351, 376, 430, 312, 249, 200, 320, 364, 258, 383, 348, 57, 148, 192, 322, 67, 69, 27, 191, 66, 34, 223, 324, 360, 212, 253, 180, 209, 435, 208, 263, 98, 220, 182, 352, 271, 282, 23, 117, 222, 186, 158, 251, 273, 309, 25, 278, 201, 357, 289, 291, 162, 358, 304, 439, 190, 101, 24, 337, 283, 330, 22, 160, 143, 138, 385, 329, 452, 447, 153, 225, 86, 26, 103), 11.604999999999999, 1481.9510574018182, 2045.9960705764415
(266, 115, 233, 467, 202, 133, 110, 47, 149), (287, 214, 391, 281, 321, 280, 50, 421, 9, 107, 56, 139, 285, 197, 326, 241, 319, 91, 168, 126, 176, 298, 259, 265, 498, 335, 46, 394, 476, 147, 2, 3, 331, 54, 10, 362, 60, 59, 140, 455, 150, 49, 106, 109, 170, 96, 144, 457, 475, 429, 100, 39, 256, 505, 425, 449, 485, 473, 141, 248, 136, 493, 254, 135, 31, 270, 64, 499, 336, 413, 19, 62, 396, 401, 409, 21, 481, 1, 276, 45, 93, 442, 125, 494, 118, 444, 450, 137, 359, 492, 154, 224, 165, 372, 156, 503, 477, 83, 466, 419, 90, 340, 227, 164, 42, 500, 434, 412, 92, 456, 414, 415, 79, 423, 472, 431, 461, 132, 433, 469, 32, 7, 41, 134, 129, 242, 38, 116, 361, 318, 378, 347, 369, 261, 13, 130, 343, 260, 255, 368, 243, 14, 345, 184, 15, 408, 43, 124, 393, 239, 508, 443, 346, 488, 392, 406, 317, 301, 161, 104, 464, 465, 463, 459, 334, 51, 350, 226, 218, 288, 195, 367, 338, 349, 216, 240, 193, 286, 194, 342, 292, 311, 375, 181, 232, 373, 221, 262, 84, 123, 119, 204, 17, 18, 122, 146, 142, 152, 390, 388, 395, 484, 58, 53, 426, 308, 155, 8, 52, 55, 163, 77, 159, 78, 299, 80, 114, 471, 269, 428, 437, 145, 446, 325, 490, 427, 495, 451, 20, 171, 35, 131, 187, 397, 504, 411, 432, 445, 72, 174, 63, 327, 99, 339, 417, 489, 377, 89, 386, 295, 234, 302, 81, 454, 257, 268, 275, 300, 353, 381, 247, 354, 94, 351, 376, 430, 312, 249, 200, 320, 364, 258, 383, 348, 57, 148, 192, 322, 67, 69, 27, 191, 66, 34, 223, 324, 360, 212, 253, 180, 209, 435, 208, 263, 98, 220, 182, 352, 271, 282, 23, 117, 222, 186, 158, 251, 273, 309, 25, 278, 201, 357, 289, 291, 162, 358, 304, 439, 190, 101, 24, 337, 283, 330, 22, 160, 143, 138, 385, 329, 452, 447, 153, 225, 86, 26, 103), 33.86, 1546.5484866468803, 2106.6756186116386
(313, 462, 244, 213, 316, 175, 507, 36, 215, 188, 382, 37, 179, 267, 177, 404, 344, 151, 294, 238, 196, 236, 229), (266, 115, 233, 467, 202, 133, 110, 47, 149, 287, 214, 391, 281, 321, 280, 50, 421, 9, 107, 56, 139, 285, 197, 326, 241, 319, 91, 168, 126, 176, 298, 259, 265, 498, 335, 46, 394, 476, 147, 2, 3, 331, 54, 10, 362, 60, 59, 140, 455, 150, 49, 106, 109, 170, 96, 144, 457, 475, 429, 100, 39, 256, 505, 425, 449, 485, 473, 141, 248, 136, 493, 254, 135, 31, 270, 64, 499, 336, 413, 19, 62, 396, 401, 409, 21, 481, 1, 276, 45, 93, 442, 125, 494, 118, 444, 450, 137, 359, 492, 154, 224, 165, 372, 156, 503, 477, 83, 466, 419, 90, 340, 227, 164, 42, 500, 434, 412, 92, 456, 414, 415, 79, 423, 472, 431, 461, 132, 433, 469, 32, 7, 41, 134, 129, 242, 38, 116, 361, 318, 378, 347, 369, 261, 13, 130, 343, 260, 255, 368, 243, 14, 345, 184, 15, 408, 43, 124, 393, 239, 508, 443, 346, 488, 392, 406, 317, 301, 161, 104, 464, 465, 463, 459, 334, 51, 350, 226, 218, 288, 195, 367, 338, 349, 216, 240, 193, 286, 194, 342, 292, 311, 375, 181, 232, 373, 221, 262, 84, 123, 119, 204, 17, 18, 122, 146, 142, 152, 390, 388, 395, 484, 58, 53, 426, 308, 155, 8, 52, 55, 163, 77, 159, 78, 299, 80, 114, 471, 269, 428, 437, 145, 446, 325, 490, 427, 495, 451, 20, 171, 35, 131, 187, 397, 504, 411, 432, 445, 72, 174, 63, 327, 99, 339, 417, 489, 377, 89, 386, 295, 234, 302, 81, 454, 257, 268, 275, 300, 353, 381, 247, 354, 94, 351, 376, 430, 312, 249, 200, 320, 364, 258, 383, 348, 57, 148, 192, 322, 67, 69, 27, 191, 66, 34, 223, 324, 360, 212, 253, 180, 209, 435, 208, 263, 98, 220, 182, 352, 271, 282, 23, 117, 222, 186, 158, 251, 273, 309, 25, 278, 201, 357, 289, 291, 162, 358, 304, 439, 190, 101, 24, 337, 283, 330, 22, 160, 143, 138, 385, 329, 452, 447, 153, 225, 86, 26, 103), 55.97391304347823, 1641.0880346820911, 2247.495784707231
