id1, id2, weight
4, 34, 0.0
17, 20, 0.0
21, 17, 0.0
283, 70, 0.0
471, 457, 0.0
356, 324, 0.0
120, 402, 0.0
453, 497, 0.0
265, 327, 0.0
281, 94, 0.0
79, 241, 0.0
215, 196, 0.0
311, 188, 0.0
378, 243, 0.0
312, 462, 0.0
177, 468, 0.0
22, 283, 0.0
145, 471, 0.0
213, 316, 0.0
110, 221, 0.0
89, 176, 0.0
285, 346, 0.0
36, 117, 0.0
153, 66, 0.0
113, 180, 0.0
122, 441, 0.0
445, 441, 0.0
401, 441, 0.0
367, 247, 0.0
138, 337, 0.0
19, 481, 0.0
100, 39, 0.0
201, 271, 0.0
74, 410, 0.0
143, 158, 0.0
80, 144, 0.0
54, 10, 0.0
45, 159, 0.0
320, 430, 0.0
364, 430, 0.0
6, 85, 0.0
116, 301, 0.0
96, 100, 0.0
121, 424, 0.0
104, 377, 0.0
325, 100, 0.0
244, 383, 0.0
75, 178, 0.0
452, 237, 0.0
480, 470, 0.0
245, 478, 0.0
114, 144, 0.0
291, 358, 0.0
84, 221, 0.0
69, 66, 0.0
92, 463, 0.0
47, 174, 0.0
309, 143, 0.0
313, 376, 0.0
286, 196, 0.0
1, 53, 0.0
33, 440, 0.0
46, 99, 0.0
156, 503, 0.0
185, 478, 0.0
119, 204, 0.0
211, 305, 0.0
91, 129, 0.0
431, 461, 0.0
345, 140, 0.0
163, 281, 0.0
130, 369, 0.0
171, 17, 0.0
392, 317, 0.0
133, 110, 0.0
423, 79, 0.0
261, 255, 0.0
447, 323, 0.0
209, 113, 0.0
330, 452, 0.0
411, 432, 0.0049999999999999645
397, 432, 0.0049999999999999645
288, 375, 0.0049999999999999645
311, 375, 0.0049999999999999645
194, 311, 0.0049999999999999645
292, 188, 0.0049999999999999645
275, 81, 0.0049999999999999645
366, 246, 0.0049999999999999645
212, 360, 0.0049999999999999645
263, 208, 0.0049999999999999645
421, 187, 0.0049999999999999645
55, 58, 0.005000000000000009
37, 179, 0.005000000000000009
197, 326, 0.005000000000000009
500, 434, 0.005000000000000009
232, 373, 0.005000000000000009
224, 298, 0.005000000000000009
433, 469, 0.005000000000000009
431, 469, 0.005000000000000009
472, 431, 0.005000000000000009
24, 162, 0.005000000000000009
393, 508, 0.005000000000000009
277, 6, 0.0049999999999999645
33, 85, 0.0049999999999999645
350, 312, 0.0049999999999999645
418, 4, 0.005000000000000009
413, 89, 0.005000000000000009
341, 305, 0.005000000000000009
451, 463, 0.005000000000000009
325, 451, 0.005000000000000009
475, 39, 0.005000000000000009
167, 453, 0.005000000000000009
14, 345, 0.005000000000000009
48, 121, 0.005000000000000009
289, 316, 0.005000000000000009
111, 478, 0.0049999999999999645
333, 70, 0.0049999999999999645
429, 471, 0.005000000000000009
93, 163, 0.005000000000000009
414, 423, 0.005000000000000009
265, 241, 0.005000000000000009
174, 327, 0.005000000000000009
396, 401, 0.0049999999999999645
467, 133, 0.005000000000000009
285, 301, 0.005000000000000009
498, 335, 0.01999999999999999
151, 267, 0.01999999999999999
280, 391, 0.01999999999999999
352, 357, 0.01999999999999999
449, 415, 0.01999999999999999
192, 336, 0.01999999999999999
157, 303, 0.01999999999999999
115, 454, 0.01999999999999999
72, 115, 0.01999999999999999
465, 495, 0.01999999999999999
104, 465, 0.01999999999999999
236, 229, 0.01999999999999999
15, 394, 0.01999999999999999
240, 344, 0.01999999999999999
235, 290, 0.01999999999999999
264, 235, 0.01999999999999999
155, 308, 0.01999999999999999
340, 227, 0.020000000000000035
220, 182, 0.020000000000000035
329, 385, 0.020000000000000035
43, 124, 0.020000000000000035
359, 492, 0.020000000000000035
507, 482, 0.020000000000000035
215, 507, 0.020000000000000035
294, 181, 0.020000000000000035
217, 506, 0.020000000000000035
137, 444, 0.020000000000000035
107, 56, 0.020000000000000035
297, 486, 0.020000000000000035
342, 404, 0.020000000000000035
128, 384, 0.020000000000000035
331, 426, 0.020000000000000035
2, 142, 0.020000000000000035
412, 499, 0.020000000000000035
136, 473, 0.020000000000000035
478, 297, 0.020000000000000035
263, 217, 0.020000000000000035
182, 263, 0.020000000000000035
487, 313, 0.01999999999999999
222, 358, 0.01999999999999999
443, 317, 0.01999999999999999
491, 75, 0.01999999999999999
147, 54, 0.01999999999999999
82, 303, 0.04500000000000001
349, 267, 0.04500000000000001
148, 336, 0.04500000000000001
168, 91, 0.020000000000000035
407, 410, 0.020000000000000035
225, 36, 0.020000000000000035
215, 117, 0.020000000000000035
244, 196, 0.020000000000000035
127, 185, 0.020000000000000035
191, 153, 0.020000000000000035
105, 330, 0.020000000000000035
35, 171, 0.01999999999999999
104, 35, 0.01999999999999999
150, 171, 0.01999999999999999
251, 117, 0.04499999999999995
309, 251, 0.04499999999999995
160, 309, 0.04499999999999995
202, 110, 0.01999999999999999
388, 401, 0.020000000000000035
389, 122, 0.020000000000000035
87, 471, 0.01999999999999999
63, 281, 0.01999999999999999
416, 4, 0.01999999999999999
458, 418, 0.04500000000000001
424, 458, 0.01999999999999999
228, 424, 0.01999999999999999
83, 345, 0.01999999999999999
200, 312, 0.020000000000000035
249, 312, 0.020000000000000035
189, 290, 0.04500000000000001
304, 358, 0.04500000000000001
289, 358, 0.04500000000000001
278, 162, 0.01999999999999999
438, 434, 0.01999999999999999
257, 275, 0.020000000000000035
479, 366, 0.020000000000000035
327, 394, 0.01999999999999999
476, 394, 0.07999999999999996
427, 171, 0.01999999999999999
22, 158, 0.020000000000000035
395, 484, 0.04499999999999995
353, 381, 0.04499999999999995
455, 269, 0.04499999999999995
161, 318, 0.04499999999999995
485, 493, 0.04499999999999995
60, 205, 0.04499999999999995
505, 425, 0.04499999999999995
256, 425, 0.04499999999999995
5, 436, 0.04500000000000001
230, 173, 0.04500000000000001
365, 420, 0.04500000000000001
173, 365, 0.125
347, 362, 0.04500000000000001
57, 321, 0.04500000000000001
320, 236, 0.04500000000000001
324, 113, 0.020000000000000035
98, 356, 0.04499999999999995
406, 301, 0.01999999999999999
272, 167, 0.01999999999999999
295, 72, 0.020000000000000035
233, 454, 0.020000000000000035
351, 376, 0.020000000000000035
279, 487, 0.08000000000000004
462, 313, 0.020000000000000035
52, 10, 0.020000000000000035
195, 288, 0.04499999999999995
149, 47, 0.04500000000000001
123, 119, 0.04499999999999995
101, 138, 0.04500000000000001
284, 337, 0.04500000000000001
254, 227, 0.08000000000000014
135, 254, 0.08000000000000014
280, 321, 0.04500000000000001
64, 96, 0.04500000000000001
46, 487, 0.12499999999999989
23, 293, 0.07999999999999996
134, 419, 0.08000000000000014
125, 134, 0.08000000000000014
156, 134, 0.125
266, 450, 0.08000000000000014
206, 266, 0.125
131, 206, 0.125
184, 60, 0.12499999999999989
268, 150, 0.125
106, 275, 0.04499999999999995
386, 89, 0.04500000000000001
224, 89, 0.01999999999999999
343, 83, 0.125
446, 145, 0.04500000000000001
299, 446, 0.125
78, 93, 0.01999999999999999
369, 261, 0.04499999999999995
1, 155, 0.01999999999999999
344, 286, 0.020000000000000035
7, 465, 0.125
42, 7, 0.125
190, 101, 0.125
260, 261, 0.125
317, 301, 0.04500000000000001
108, 478, 0.04499999999999995
216, 181, 0.125
51, 107, 0.04499999999999995
50, 51, 0.125
152, 142, 0.04499999999999995
355, 384, 0.04499999999999995
366, 355, 0.125
118, 137, 0.04499999999999995
361, 378, 0.08000000000000014
488, 361, 0.125
259, 503, 0.125
177, 229, 0.04500000000000001
474, 366, 0.125
86, 439, 0.125
28, 86, 0.125
26, 103, 0.125
214, 354, 0.125
165, 372, 0.125
31, 270, 0.125
135, 31, 0.24500000000000013
387, 422, 0.125
319, 456, 0.125
8, 334, 0.125
489, 89, 0.125
377, 489, 0.125
238, 200, 0.125
258, 462, 0.04499999999999995
383, 258, 0.125
25, 283, 0.04499999999999995
9, 421, 0.12499999999999989
41, 129, 0.125
449, 41, 0.125
274, 75, 0.125
450, 444, 0.24500000000000013
50, 142, 0.125
68, 190, 0.24499999999999997
77, 93, 0.125
67, 69, 0.125
348, 148, 0.18000000000000005
57, 336, 0.01999999999999999
322, 336, 0.125
492, 81, 0.04499999999999995
409, 481, 0.125
314, 356, 0.04499999999999995
354, 351, 0.125
208, 180, 0.125
390, 389, 0.04499999999999995
171, 19, 0.125
325, 495, 0.01999999999999999
170, 80, 0.125
13, 130, 0.08000000000000014
501, 497, 0.08000000000000004
256, 415, 0.24499999999999997
428, 269, 0.08000000000000004
382, 179, 0.18000000000000005
236, 37, 0.24499999999999997
175, 36, 0.04500000000000001
186, 117, 0.04500000000000001
239, 443, 0.125
276, 346, 0.125
252, 127, 0.04499999999999995
342, 194, 0.04499999999999995
286, 404, 0.125
282, 271, 0.1799999999999998
103, 191, 0.1799999999999998
85, 436, 0.020000000000000035
253, 74, 0.125
38, 164, 0.24500000000000013
10, 163, 0.04500000000000001
155, 54, 0.125
273, 251, 0.08000000000000014
141, 493, 0.125
432, 445, 0.08000000000000014
3, 155, 0.31999999999999984
262, 266, 0.24500000000000013
326, 285, 0.18000000000000005
508, 116, 0.07999999999999996
59, 60, 0.08000000000000014
124, 205, 0.125
267, 196, 0.020000000000000035
202, 233, 0.24500000000000013
159, 84, 0.17999999999999994
93, 45, 0.12499999999999989
442, 340, 0.24500000000000013
499, 340, 0.125
493, 499, 0.24500000000000013
125, 412, 0.4050000000000003
435, 189, 0.125
318, 378, 0.04499999999999995
417, 377, 0.125
459, 495, 0.125
234, 386, 0.32000000000000006
339, 99, 0.125
369, 60, 0.08000000000000014
243, 205, 0.31999999999999984
226, 216, 0.5
76, 506, 0.125
128, 76, 0.4050000000000003
146, 152, 0.31999999999999984
338, 375, 0.24500000000000013
62, 441, 0.4050000000000003
504, 445, 0.4050000000000003
257, 389, 0.125
18, 389, 0.31999999999999984
131, 107, 0.24500000000000013
334, 51, 0.24500000000000013
466, 83, 0.125
461, 92, 0.07999999999999996
87, 100, 0.01999999999999999
307, 387, 0.1799999999999998
447, 153, 0.04499999999999995
470, 436, 0.24500000000000013
329, 272, 0.5
222, 162, 0.125
456, 91, 0.125
315, 98, 0.08000000000000014
173, 235, 0.04500000000000001
219, 453, 0.4999999999999998
121, 189, 0.125
341, 48, 0.07999999999999996
132, 433, 0.4999999999999998
437, 446, 0.8449999999999998
193, 468, 0.24500000000000013
15, 345, 0.125
116, 241, 0.07999999999999996
176, 327, 0.04500000000000001
58, 163, 0.07999999999999996
49, 295, 0.7200000000000002
74, 356, 0.125
231, 74, 0.5
218, 247, 0.5
302, 455, 0.845
471, 428, 0.125
293, 309, 0.04500000000000001
126, 295, 0.125
207, 474, 0.24500000000000013
498, 487, 0.04500000000000001
212, 356, 0.24500000000000013
248, 227, 0.31999999999999984
154, 368, 1.125
192, 54, 0.04500000000000001
47, 202, 0.01999999999999999
374, 333, 0.5
464, 465, 0.6049999999999999
490, 475, 0.4999999999999998
232, 151, 0.18000000000000005
166, 314, 0.5
32, 449, 0.5
395, 390, 0.5
90, 31, 0.32000000000000006
183, 252, 0.4050000000000003
494, 125, 0.6049999999999996
372, 156, 0.08000000000000014
284, 385, 0.31999999999999984
333, 284, 0.31999999999999984
357, 507, 0.5
109, 106, 1.4450000000000003
144, 96, 0.1250000000000001
287, 288, 0.7200000000000002
201, 507, 0.24500000000000013
300, 81, 0.9800000000000002
408, 184, 0.32000000000000006
399, 410, 2.4200000000000004
223, 209, 2.0
157, 5, 0.125
245, 82, 0.4999999999999998
274, 486, 0.12499999999999989
242, 261, 0.7200000000000002
139, 156, 1.125
473, 493, 0.8449999999999998
216, 286, 0.04499999999999995
402, 290, 0.24500000000000013
425, 443, 0.08000000000000004
137, 492, 0.31999999999999984
421, 50, 0.125
347, 60, 0.4999999999999998
330, 439, 0.8449999999999998
26, 28, 0.7200000000000002
422, 211, 0.08000000000000004
37, 200, 0.04500000000000001
289, 6, 0.40500000000000014
186, 304, 0.07999999999999996
123, 45, 0.08000000000000014
95, 315, 0.8449999999999998
353, 339, 0.24500000000000013
27, 191, 2.4200000000000004
331, 54, 1.125
477, 59, 2.6449999999999996
313, 94, 0.04500000000000001
38, 505, 0.31999999999999984
247, 354, 0.125
368, 345, 1.2799999999999998
161, 346, 0.08000000000000004
500, 442, 0.4999999999999998
323, 251, 0.08000000000000014
499, 64, 0.125
441, 481, 0.04499999999999995
98, 277, 0.08000000000000014
189, 74, 0.32000000000000006
