id1, id2, weight
4, 34, 0.0
13, 130, 0.0
37, 218, 0.0
295, 126, 0.0
506, 264, 0.0
120, 402, 0.0
67, 69, 0.0
236, 37, 0.0
311, 188, 0.0
408, 243, 0.0
417, 489, 0.0
341, 387, 0.0
101, 330, 0.0
43, 285, 0.0
288, 382, 0.0
200, 238, 0.0
181, 216, 0.0
5, 436, 0.0
26, 103, 0.0
327, 176, 0.0
418, 458, 0.0
374, 337, 0.0
128, 272, 0.0
271, 352, 0.0
31, 325, 0.0
359, 492, 0.0
365, 173, 0.0
273, 251, 0.0
386, 126, 0.0
42, 156, 0.0
346, 488, 0.0
443, 317, 0.0
121, 189, 0.0
229, 236, 0.0
286, 236, 0.0
424, 121, 0.0
301, 161, 0.0
116, 241, 0.0
178, 297, 0.0
63, 281, 0.0
21, 441, 0.0
481, 441, 0.0
454, 359, 0.0
196, 244, 0.0
212, 324, 0.0
90, 254, 0.0
490, 39, 0.0
144, 170, 0.0
113, 435, 0.0
15, 205, 0.0
227, 469, 0.0
349, 286, 0.0
143, 309, 0.0
384, 365, 0.0
312, 350, 0.0
149, 221, 0.0
91, 414, 0.0
104, 445, 0.0
428, 429, 0.0
409, 481, 0.0
507, 316, 0.0
50, 51, 0.0
333, 284, 0.0
228, 424, 0.0
128, 365, 0.0
225, 36, 0.0
92, 134, 0.0
239, 317, 0.0
389, 257, 0.0
164, 425, 0.0
152, 148, 0.0
336, 426, 0.0
78, 206, 0.0
23, 153, 0.0
455, 137, 0.0
83, 466, 0.0
8, 334, 0.0
393, 443, 0.0
415, 414, 0.0
300, 137, 0.0
7, 465, 0.0
211, 4, 0.0
341, 211, 0.0
160, 101, 0.0
60, 59, 0.0049999999999999645
394, 339, 0.0049999999999999645
381, 339, 0.0049999999999999645
22, 24, 0.0049999999999999645
411, 432, 0.0049999999999999645
99, 498, 0.0049999999999999645
487, 498, 0.0049999999999999645
335, 498, 0.0049999999999999645
395, 388, 0.0049999999999999645
396, 388, 0.0049999999999999645
392, 406, 0.0049999999999999645
208, 182, 0.0049999999999999645
222, 186, 0.0049999999999999645
162, 222, 0.0049999999999999645
313, 462, 0.0049999999999999645
247, 462, 0.0049999999999999645
354, 247, 0.0049999999999999645
316, 313, 0.0049999999999999645
201, 357, 0.0049999999999999645
157, 111, 0.0049999999999999645
5, 157, 0.0049999999999999645
33, 436, 0.0049999999999999645
117, 175, 0.0049999999999999645
340, 499, 0.0049999999999999645
115, 233, 0.0049999999999999645
27, 28, 0.0049999999999999645
125, 129, 0.0049999999999999645
156, 129, 0.0049999999999999645
503, 156, 0.0049999999999999645
500, 442, 0.0049999999999999645
434, 500, 0.0049999999999999645
484, 401, 0.0049999999999999645
47, 174, 0.0049999999999999645
439, 452, 0.0049999999999999645
52, 55, 0.0049999999999999645
155, 54, 0.0049999999999999645
96, 270, 0.0049999999999999645
423, 319, 0.0049999999999999645
362, 255, 0.0049999999999999645
292, 188, 0.0049999999999999645
326, 285, 0.0049999999999999645
93, 78, 0.0049999999999999645
383, 244, 0.0049999999999999645
191, 103, 0.0049999999999999645
133, 221, 0.0049999999999999645
463, 7, 0.0049999999999999645
410, 178, 0.0049999999999999645
14, 15, 0.0049999999999999645
449, 415, 0.0049999999999999645
79, 91, 0.0049999999999999645
138, 101, 0.0049999999999999645
441, 396, 0.0049999999999999645
62, 441, 0.0049999999999999645
445, 441, 0.0049999999999999645
489, 104, 0.0049999999999999645
74, 365, 0.0049999999999999645
167, 384, 0.0049999999999999645
200, 312, 0.0049999999999999645
31, 90, 0.0049999999999999645
428, 455, 0.0049999999999999645
242, 184, 0.020000000000000035
141, 493, 0.020000000000000035
151, 267, 0.020000000000000035
294, 151, 0.020000000000000035
195, 391, 0.020000000000000035
150, 427, 0.020000000000000035
490, 427, 0.020000000000000035
35, 490, 0.020000000000000035
495, 35, 0.020000000000000035
451, 495, 0.020000000000000035
64, 136, 0.020000000000000035
109, 268, 0.020000000000000035
95, 315, 0.020000000000000035
194, 177, 0.020000000000000035
193, 177, 0.020000000000000035
355, 246, 0.020000000000000035
320, 430, 0.020000000000000035
364, 430, 0.020000000000000035
342, 375, 0.020000000000000035
18, 122, 0.020000000000000035
321, 280, 0.020000000000000035
98, 356, 0.020000000000000035
70, 217, 0.020000000000000035
274, 314, 0.020000000000000035
399, 75, 0.020000000000000035
6, 289, 0.020000000000000035
358, 289, 0.020000000000000035
316, 289, 0.020000000000000035
10, 163, 0.020000000000000035
108, 366, 0.020000000000000035
329, 237, 0.020000000000000035
284, 237, 0.020000000000000035
118, 437, 0.020000000000000035
53, 308, 0.020000000000000035
293, 323, 0.020000000000000035
309, 293, 0.020000000000000035
158, 143, 0.020000000000000035
311, 375, 0.020000000000000035
220, 315, 0.04499999999999994
214, 280, 0.04499999999999994
180, 113, 0.020000000000000035
287, 288, 0.020000000000000035
253, 212, 0.020000000000000035
215, 36, 0.020000000000000035
419, 469, 0.020000000000000035
494, 469, 0.020000000000000035
107, 51, 0.020000000000000035
142, 50, 0.020000000000000035
334, 51, 0.020000000000000035
197, 243, 0.020000000000000035
114, 144, 0.020000000000000035
322, 336, 0.020000000000000035
331, 426, 0.020000000000000035
235, 120, 0.020000000000000035
38, 164, 0.020000000000000035
340, 227, 0.04499999999999995
49, 295, 0.020000000000000035
89, 386, 0.020000000000000035
81, 359, 0.020000000000000035
263, 34, 0.020000000000000035
258, 462, 0.020000000000000035
353, 313, 0.04499999999999995
381, 353, 0.020000000000000035
100, 39, 0.04499999999999994
234, 295, 0.04499999999999995
105, 101, 0.020000000000000035
202, 133, 0.04499999999999994
467, 133, 0.04499999999999994
3, 155, 0.020000000000000035
147, 54, 0.04499999999999995
152, 147, 0.04499999999999995
482, 357, 0.04499999999999994
282, 482, 0.04499999999999994
413, 401, 0.020000000000000035
347, 60, 0.020000000000000035
261, 347, 0.04499999999999995
56, 52, 0.020000000000000035
78, 56, 0.04499999999999995
159, 206, 0.04499999999999995
131, 206, 0.04499999999999995
275, 302, 0.04499999999999994
343, 260, 0.04499999999999994
444, 450, 0.04499999999999994
137, 444, 0.020000000000000035
76, 420, 0.04499999999999994
329, 76, 0.04499999999999994
82, 470, 0.04499999999999994
252, 82, 0.04499999999999994
479, 82, 0.04499999999999994
240, 344, 0.04499999999999994
25, 278, 0.04499999999999995
119, 123, 0.04499999999999995
171, 19, 0.04499999999999995
501, 384, 0.020000000000000035
407, 365, 0.020000000000000035
168, 129, 0.04499999999999995
373, 294, 0.020000000000000035
249, 364, 0.020000000000000035
116, 393, 0.020000000000000035
390, 395, 0.04499999999999994
389, 390, 0.04499999999999994
372, 104, 0.04499999999999994
456, 414, 0.04499999999999994
256, 415, 0.04499999999999994
185, 111, 0.04499999999999994
252, 157, 0.020000000000000035
265, 327, 0.04499999999999994
94, 281, 0.04499999999999994
134, 125, 0.020000000000000035
17, 18, 0.08000000000000014
106, 109, 0.020000000000000035
245, 108, 0.020000000000000035
273, 222, 0.04499999999999994
493, 425, 0.020000000000000035
145, 455, 0.04499999999999994
475, 429, 0.020000000000000035
230, 189, 0.04499999999999994
146, 322, 0.08000000000000014
468, 236, 0.04499999999999994
471, 457, 0.08000000000000014
266, 299, 0.08000000000000014
178, 108, 0.020000000000000035
274, 297, 0.020000000000000035
458, 424, 0.04499999999999994
1, 155, 0.04499999999999995
298, 89, 0.08000000000000014
259, 298, 0.125
307, 211, 0.04499999999999995
358, 263, 0.04499999999999995
279, 381, 0.04499999999999995
505, 38, 0.04499999999999995
423, 38, 0.020000000000000035
472, 419, 0.08000000000000014
412, 499, 0.08000000000000014
491, 356, 0.04499999999999995
75, 491, 0.04499999999999995
241, 265, 0.04499999999999994
377, 156, 0.08000000000000014
508, 116, 0.04499999999999994
433, 469, 0.04499999999999994
461, 227, 0.04499999999999994
438, 340, 0.1799999999999998
440, 157, 0.08000000000000014
175, 36, 0.020000000000000035
28, 225, 0.020000000000000035
404, 342, 0.08000000000000014
351, 376, 0.125
45, 77, 0.125
219, 207, 0.125
318, 378, 0.125
361, 378, 0.125
68, 190, 0.125
48, 209, 0.125
121, 48, 0.08000000000000014
166, 486, 0.125
345, 368, 0.125
41, 449, 0.08000000000000014
316, 215, 0.125
181, 215, 0.24500000000000013
346, 318, 0.125
326, 197, 0.125
205, 408, 0.020000000000000035
360, 113, 0.125
338, 194, 0.125
66, 103, 0.08000000000000014
143, 273, 0.04499999999999994
23, 293, 0.125
179, 292, 0.1799999999999998
267, 349, 0.020000000000000035
115, 275, 0.1799999999999998
257, 275, 0.1799999999999998
455, 302, 0.020000000000000035
421, 50, 0.04499999999999995
459, 463, 0.08000000000000014
87, 471, 0.24500000000000013
80, 87, 0.24500000000000013
136, 141, 0.04499999999999995
301, 116, 0.04499999999999994
96, 114, 0.020000000000000035
204, 63, 0.1799999999999998
174, 281, 0.125
69, 66, 0.24500000000000013
92, 463, 0.020000000000000035
254, 463, 0.125
304, 507, 0.08000000000000014
288, 218, 0.08000000000000014
391, 287, 0.04499999999999994
473, 499, 0.2450000000000001
305, 208, 0.125
453, 167, 0.1799999999999998
57, 321, 0.125
184, 60, 0.04499999999999995
95, 180, 0.04499999999999994
337, 333, 0.04499999999999994
283, 374, 0.1799999999999998
143, 374, 0.1799999999999998
264, 235, 0.04499999999999995
58, 163, 0.2450000000000001
474, 246, 0.125
364, 462, 0.04499999999999995
94, 313, 0.020000000000000035
446, 450, 0.1799999999999998
2, 142, 0.24500000000000013
219, 167, 0.125
193, 236, 0.020000000000000035
214, 391, 0.125
238, 236, 0.125
240, 286, 0.08000000000000014
232, 151, 0.04499999999999994
127, 111, 0.08000000000000014
135, 451, 0.125
504, 89, 0.125
262, 266, 0.4050000000000003
497, 167, 0.125
476, 394, 0.125
367, 247, 0.1799999999999998
269, 428, 0.125
24, 25, 0.125
70, 278, 0.31999999999999984
506, 217, 0.5
362, 260, 0.2450000000000001
165, 42, 0.125
224, 503, 0.08000000000000014
303, 82, 0.125
80, 114, 0.24500000000000013
98, 6, 0.08000000000000014
217, 263, 0.5
485, 493, 0.31999999999999984
131, 299, 0.04499999999999995
123, 93, 0.08000000000000014
83, 343, 0.2450000000000001
14, 83, 0.31999999999999984
139, 503, 0.125
241, 43, 0.08000000000000014
352, 357, 0.125
431, 461, 0.125
410, 74, 0.125
479, 366, 0.04499999999999994
20, 21, 0.2450000000000001
101, 69, 0.24500000000000013
171, 17, 0.5
204, 119, 0.24500000000000013
103, 27, 0.08000000000000014
383, 258, 0.020000000000000035
378, 184, 0.31999999999999984
13, 261, 0.1799999999999998
411, 104, 0.08000000000000014
351, 354, 0.08000000000000014
132, 494, 0.125
290, 402, 0.24500000000000013
72, 47, 0.4050000000000003
295, 72, 0.7200000000000002
85, 98, 0.125
32, 449, 0.31999999999999984
412, 32, 0.31999999999999984
291, 220, 0.31999999999999984
86, 452, 0.5000000000000002
348, 152, 0.5
192, 54, 0.5
397, 19, 0.7200000000000002
213, 313, 0.2450000000000001
110, 47, 0.5
182, 263, 0.24500000000000013
484, 388, 0.08000000000000014
248, 64, 0.4050000000000003
90, 248, 0.4050000000000003
478, 185, 0.24500000000000013
140, 368, 0.5
14, 345, 0.4050000000000003
500, 438, 0.08000000000000014
406, 317, 0.2450000000000001
79, 241, 0.125
124, 326, 0.4050000000000003
10, 54, 0.6049999999999996
308, 3, 0.31999999999999984
57, 148, 0.1799999999999998
447, 36, 1.125
189, 360, 0.08000000000000014
74, 189, 0.08000000000000014
420, 128, 0.04499999999999994
477, 59, 0.4050000000000003
324, 356, 0.125
422, 211, 0.4050000000000003
187, 131, 0.7200000000000002
467, 444, 0.125
426, 281, 0.8449999999999998
35, 104, 0.1799999999999998
190, 101, 0.125
226, 216, 0.7200000000000002
46, 476, 0.4050000000000003
276, 346, 0.4050000000000003
84, 266, 0.1799999999999998
503, 259, 0.125
270, 31, 0.08000000000000014
385, 217, 0.31999999999999984
107, 56, 0.04499999999999995
9, 107, 0.8449999999999998
223, 435, 0.31999999999999984
118, 145, 0.125
369, 13, 0.7200000000000002
277, 6, 0.8449999999999998
416, 211, 0.7200000000000002
464, 465, 0.7200000000000002
268, 257, 0.125
231, 365, 0.9800000000000005
480, 470, 0.7200000000000002
45, 93, 0.31999999999999984
454, 115, 0.24500000000000013
439, 105, 0.24500000000000013
183, 252, 1.4450000000000003
482, 507, 0.04499999999999995
292, 37, 0.125
166, 440, 0.8449999999999998
335, 279, 0.2450000000000001
246, 453, 0.24500000000000013
154, 368, 1.9999999999999996
346, 326, 0.08000000000000014
171, 389, 0.08000000000000014
170, 239, 0.04499999999999994
115, 295, 0.020000000000000035
236, 320, 0.04499999999999994
337, 138, 0.08000000000000014
