id1, id2, weight
394, 46, 0.0
17, 21, 0.0
475, 429, 0.0
415, 256, 0.0
356, 324, 0.0
506, 264, 0.0
195, 287, 0.0
269, 427, 0.0
408, 378, 0.0
156, 139, 0.0
314, 356, 0.0
313, 316, 0.0
489, 377, 0.0
206, 131, 0.0
168, 176, 0.0
236, 383, 0.0
351, 354, 0.0
388, 396, 0.0
37, 292, 0.0
155, 3, 0.0
321, 375, 0.0
74, 212, 0.0
157, 303, 0.0
407, 74, 0.0
333, 337, 0.0
189, 230, 0.0
114, 144, 0.0
6, 277, 0.0
293, 251, 0.0
257, 106, 0.0
285, 161, 0.0
441, 445, 0.0
127, 183, 0.0
391, 375, 0.0
437, 450, 0.0
47, 221, 0.0
222, 117, 0.0
455, 145, 0.0
488, 276, 0.0
453, 246, 0.0
373, 226, 0.0
356, 74, 0.0
495, 459, 0.0
452, 138, 0.0
14, 15, 0.0
135, 451, 0.0
72, 115, 0.0
481, 441, 0.0
191, 66, 0.0
261, 260, 0.0
105, 330, 0.0
259, 503, 0.0
82, 470, 0.0
239, 443, 0.0
87, 471, 0.0
177, 404, 0.0
283, 374, 0.0
369, 60, 0.0
134, 129, 0.0
41, 129, 0.0
162, 358, 0.0
178, 355, 0.0
185, 127, 0.0
319, 456, 0.0
406, 317, 0.0
2, 54, 0.0
125, 494, 0.0
160, 138, 0.0
64, 248, 0.0
508, 443, 0.0
275, 300, 0.0
84, 266, 0.0
205, 60, 0.0
462, 313, 0.0
79, 168, 0.0
244, 383, 0.0
159, 206, 0.0
255, 261, 0.0
425, 256, 0.0
128, 420, 0.0049999999999999645
95, 113, 0.0049999999999999645
507, 357, 0.0049999999999999645
231, 173, 0.0049999999999999645
235, 173, 0.0049999999999999645
89, 413, 0.0049999999999999645
176, 89, 0.0049999999999999645
200, 247, 0.0049999999999999645
37, 200, 0.0049999999999999645
188, 292, 0.0049999999999999645
174, 63, 0.0049999999999999645
72, 174, 0.0049999999999999645
76, 272, 0.0049999999999999645
209, 341, 0.0049999999999999645
91, 414, 0.0049999999999999645
79, 91, 0.0049999999999999645
196, 286, 0.0049999999999999645
48, 121, 0.0049999999999999645
399, 75, 0.0049999999999999645
10, 163, 0.0049999999999999645
148, 336, 0.0049999999999999645
52, 107, 0.0049999999999999645
463, 464, 0.0049999999999999645
150, 427, 0.0049999999999999645
268, 455, 0.0049999999999999645
345, 14, 0.0049999999999999645
197, 488, 0.0049999999999999645
207, 453, 0.0049999999999999645
80, 144, 0.0049999999999999645
298, 259, 0.0049999999999999645
284, 333, 0.0049999999999999645
480, 470, 0.0049999999999999645
262, 221, 0.0049999999999999645
340, 248, 0.0049999999999999645
273, 117, 0.0049999999999999645
358, 222, 0.0049999999999999645
364, 462, 0.0049999999999999645
383, 364, 0.0049999999999999645
193, 236, 0.0049999999999999645
280, 391, 0.0049999999999999645
485, 415, 0.0049999999999999645
393, 443, 0.0049999999999999645
13, 261, 0.0049999999999999645
394, 205, 0.0049999999999999645
84, 159, 0.0049999999999999645
4, 34, 0.020000000000000035
27, 103, 0.020000000000000035
295, 234, 0.020000000000000035
67, 69, 0.020000000000000035
160, 67, 0.020000000000000035
254, 461, 0.020000000000000035
431, 461, 0.020000000000000035
94, 353, 0.020000000000000035
327, 339, 0.020000000000000035
179, 288, 0.020000000000000035
194, 338, 0.020000000000000035
307, 418, 0.020000000000000035
25, 278, 0.020000000000000035
271, 352, 0.020000000000000035
241, 265, 0.020000000000000035
35, 325, 0.020000000000000035
320, 430, 0.020000000000000035
500, 434, 0.020000000000000035
167, 219, 0.020000000000000035
152, 348, 0.020000000000000035
32, 412, 0.020000000000000035
123, 281, 0.020000000000000035
263, 182, 0.020000000000000035
347, 362, 0.020000000000000035
335, 381, 0.020000000000000035
274, 486, 0.020000000000000035
133, 467, 0.020000000000000035
387, 422, 0.020000000000000035
108, 478, 0.020000000000000035
118, 444, 0.020000000000000035
53, 308, 0.020000000000000035
331, 426, 0.020000000000000035
334, 51, 0.020000000000000035
143, 138, 0.020000000000000035
236, 194, 0.020000000000000035
271, 316, 0.020000000000000035
497, 167, 0.04499999999999994
57, 426, 0.04499999999999995
305, 263, 0.04499999999999995
211, 305, 0.04499999999999995
202, 133, 0.04499999999999994
330, 138, 0.020000000000000035
367, 195, 0.020000000000000035
458, 506, 0.020000000000000035
229, 177, 0.020000000000000035
190, 66, 0.020000000000000035
372, 156, 0.020000000000000035
289, 277, 0.020000000000000035
457, 471, 0.020000000000000035
469, 494, 0.020000000000000035
20, 17, 0.020000000000000035
441, 21, 0.020000000000000035
409, 481, 0.020000000000000035
490, 475, 0.020000000000000035
43, 285, 0.020000000000000035
22, 283, 0.020000000000000035
49, 257, 0.020000000000000035
323, 251, 0.020000000000000035
42, 134, 0.020000000000000035
376, 462, 0.020000000000000035
384, 407, 0.020000000000000035
272, 452, 0.04499999999999995
60, 347, 0.04499999999999995
178, 274, 0.04499999999999995
122, 441, 0.04499999999999995
401, 441, 0.04499999999999995
104, 445, 0.04499999999999995
286, 404, 0.020000000000000035
349, 286, 0.020000000000000035
214, 391, 0.020000000000000035
28, 191, 0.04499999999999995
153, 66, 0.04499999999999995
428, 269, 0.020000000000000035
257, 150, 0.04499999999999995
171, 427, 0.020000000000000035
302, 455, 0.020000000000000035
326, 488, 0.020000000000000035
361, 276, 0.020000000000000035
180, 113, 0.020000000000000035
435, 113, 0.020000000000000035
304, 507, 0.04499999999999994
358, 304, 0.020000000000000035
36, 117, 0.04499999999999994
98, 358, 0.020000000000000035
78, 107, 0.020000000000000035
192, 336, 0.020000000000000035
8, 10, 0.04499999999999995
90, 227, 0.04499999999999994
442, 227, 0.04499999999999994
147, 146, 0.04499999999999995
242, 184, 0.04499999999999995
60, 184, 0.020000000000000035
395, 484, 0.04499999999999995
233, 359, 0.04499999999999995
216, 240, 0.04499999999999995
100, 39, 0.04499999999999995
31, 100, 0.04499999999999995
217, 385, 0.04499999999999995
38, 116, 0.04499999999999995
33, 440, 0.04499999999999995
19, 62, 0.04499999999999995
119, 204, 0.04499999999999995
501, 384, 0.08000000000000014
166, 314, 0.020000000000000035
252, 82, 0.04499999999999995
136, 144, 0.04499999999999995
438, 340, 0.020000000000000035
270, 248, 0.04499999999999995
45, 84, 0.020000000000000035
476, 394, 0.04499999999999995
298, 139, 0.020000000000000035
417, 377, 0.04499999999999994
142, 3, 0.04499999999999995
301, 317, 0.04499999999999995
26, 27, 0.020000000000000035
149, 174, 0.020000000000000035
123, 119, 0.125
426, 281, 0.04499999999999995
418, 217, 0.04499999999999995
70, 217, 0.125
189, 121, 0.020000000000000035
135, 463, 0.020000000000000035
278, 70, 0.04499999999999995
253, 74, 0.04499999999999995
86, 439, 0.08000000000000004
477, 59, 0.08000000000000014
99, 498, 0.08000000000000014
120, 402, 0.08000000000000014
215, 186, 0.08000000000000014
316, 215, 0.08000000000000014
433, 419, 0.08000000000000014
479, 366, 0.08000000000000014
474, 366, 0.08000000000000014
421, 187, 0.08000000000000014
9, 421, 0.125
397, 19, 0.125
23, 293, 0.08000000000000014
153, 23, 0.125
387, 458, 0.125
211, 422, 0.04499999999999995
311, 375, 0.04499999999999994
344, 404, 0.020000000000000035
228, 264, 0.04499999999999995
225, 191, 0.020000000000000035
434, 412, 0.04499999999999994
437, 444, 0.020000000000000035
472, 134, 0.04499999999999994
291, 358, 0.04499999999999994
175, 117, 0.020000000000000035
482, 507, 0.020000000000000035
158, 143, 0.08000000000000014
55, 52, 0.125
93, 163, 0.08000000000000014
77, 93, 0.125
126, 234, 0.04499999999999995
432, 35, 0.125
50, 51, 0.04499999999999995
491, 356, 0.04499999999999995
389, 17, 0.08000000000000014
282, 271, 0.020000000000000035
249, 462, 0.08000000000000014
408, 205, 0.04499999999999995
165, 465, 0.12499999999999989
111, 297, 0.125
157, 111, 0.125
5, 157, 0.125
436, 5, 0.125
164, 423, 0.125
81, 454, 0.125
151, 294, 0.125
267, 151, 0.1799999999999998
435, 189, 0.125
124, 43, 0.04499999999999995
205, 124, 0.1799999999999998
237, 337, 0.08000000000000014
110, 221, 0.08000000000000014
343, 260, 0.08000000000000014
238, 236, 0.04499999999999995
246, 501, 0.08000000000000014
390, 49, 0.125
275, 257, 0.020000000000000035
115, 275, 0.125
431, 472, 0.125
127, 252, 0.125
479, 82, 0.08000000000000014
101, 190, 0.04499999999999995
342, 177, 0.125
243, 361, 0.04499999999999994
200, 320, 0.04499999999999995
181, 373, 0.12499999999999989
94, 321, 0.020000000000000035
24, 278, 0.125
440, 314, 0.125
360, 212, 0.125
499, 493, 0.1799999999999998
136, 499, 0.31999999999999984
492, 137, 0.17999999999999994
424, 121, 0.125
227, 254, 0.020000000000000035
109, 302, 0.04499999999999995
309, 273, 0.125
31, 90, 0.125
410, 178, 0.1799999999999998
128, 167, 0.020000000000000035
329, 385, 0.125
348, 148, 0.020000000000000035
416, 4, 0.2450000000000001
466, 345, 0.125
343, 466, 0.5
85, 6, 0.125
504, 413, 0.125
327, 265, 0.2450000000000001
315, 98, 0.31999999999999984
95, 315, 0.125
505, 393, 0.125
487, 353, 0.4050000000000003
498, 487, 0.4050000000000003
392, 116, 0.125
299, 131, 0.125
78, 206, 0.020000000000000035
145, 131, 0.08000000000000014
132, 469, 0.125
2, 147, 0.24500000000000013
220, 182, 0.1799999999999998
386, 401, 0.08000000000000014
92, 463, 0.24500000000000013
154, 368, 0.31999999999999984
179, 292, 0.04499999999999995
279, 335, 0.1799999999999998
446, 437, 0.125
96, 64, 0.125
319, 79, 0.125
139, 176, 0.020000000000000035
425, 414, 0.125
449, 485, 0.24500000000000013
272, 329, 0.125
119, 45, 0.125
148, 321, 0.08000000000000014
262, 84, 0.125
233, 47, 0.125
454, 233, 0.08000000000000014
108, 366, 0.04499999999999995
7, 134, 0.1799999999999998
388, 484, 0.125
295, 484, 0.04499999999999995
68, 28, 0.125
258, 364, 0.125
201, 352, 0.1799999999999998
350, 364, 0.125
351, 376, 0.24500000000000013
176, 126, 0.5
318, 378, 0.125
171, 17, 0.04499999999999995
467, 450, 0.125
224, 259, 0.125
314, 85, 0.24500000000000013
341, 211, 0.04499999999999995
235, 264, 0.08000000000000014
316, 289, 0.04499999999999995
177, 193, 0.020000000000000035
164, 505, 0.31999999999999984
346, 326, 0.2450000000000001
471, 39, 0.2450000000000001
170, 136, 0.125
301, 161, 0.1799999999999998
247, 214, 0.020000000000000035
485, 493, 0.08000000000000014
64, 136, 0.04499999999999995
58, 55, 0.125
1, 155, 0.5
2, 142, 0.24500000000000013
331, 54, 0.4050000000000003
365, 74, 0.24500000000000013
489, 104, 0.08000000000000014
312, 430, 0.1799999999999998
325, 31, 0.31999999999999984
495, 325, 0.5
433, 494, 0.04499999999999995
53, 8, 0.2450000000000001
223, 209, 0.7200000000000002
500, 442, 0.125
38, 79, 0.7200000000000002
232, 226, 0.72
140, 345, 0.4050000000000003
130, 13, 0.4050000000000003
74, 231, 0.24500000000000013
120, 235, 0.5
208, 305, 0.5
447, 225, 0.1799999999999998
27, 191, 0.125
59, 347, 0.04499999999999995
374, 337, 0.1799999999999998
273, 22, 0.24500000000000013
382, 375, 0.31999999999999984
322, 148, 0.7200000000000002
240, 344, 0.31999999999999984
83, 466, 0.2450000000000001
411, 104, 0.5
18, 389, 0.125
297, 274, 0.2450000000000001
439, 330, 0.1799999999999998
468, 236, 0.4050000000000003
213, 462, 0.4050000000000003
392, 406, 0.24500000000000013
429, 427, 0.1799999999999998
339, 99, 0.1799999999999998
465, 464, 1.1249999999999996
372, 165, 0.125
19, 481, 0.020000000000000035
141, 136, 0.845
399, 74, 0.24500000000000013
50, 142, 0.125
137, 302, 0.24500000000000013
218, 288, 0.1799999999999998
366, 246, 0.125
381, 353, 0.04499999999999995
174, 327, 0.7200000000000002
217, 506, 0.04499999999999995
226, 286, 0.4999999999999998
473, 499, 0.2450000000000001
9, 107, 0.125
290, 402, 0.4999999999999998
56, 52, 0.9800000000000005
245, 478, 1.125
368, 345, 0.31999999999999984
294, 215, 0.125
23, 160, 0.04499999999999995
469, 431, 0.04499999999999995
428, 457, 0.125
4, 211, 0.125
163, 123, 0.04499999999999995
367, 288, 0.31999999999999984
197, 205, 0.08000000000000014
15, 205, 0.08000000000000014
443, 317, 0.31999999999999984
420, 235, 0.125
118, 145, 0.1799999999999998
178, 478, 0.125
63, 123, 0.020000000000000035
413, 445, 0.04499999999999995
194, 37, 0.04499999999999995
435, 209, 0.04499999999999995
