id1, id2, weight
130, 242, 0.0
18, 21, 0.0
441, 62, 0.0
236, 238, 0.0
224, 259, 0.0
141, 493, 0.0
279, 335, 0.0
37, 236, 0.0
79, 241, 0.0
281, 327, 0.0
45, 93, 0.0
268, 455, 0.0
216, 240, 0.0
341, 387, 0.0
177, 468, 0.0
193, 236, 0.0
311, 37, 0.0
305, 341, 0.0
194, 338, 0.0
121, 223, 0.0
117, 175, 0.0
374, 337, 0.0
59, 362, 0.0
168, 241, 0.0
74, 399, 0.0
211, 307, 0.0
424, 264, 0.0
31, 325, 0.0
359, 492, 0.0
321, 281, 0.0
230, 74, 0.0
365, 74, 0.0
173, 365, 0.0
163, 93, 0.0
318, 346, 0.0
96, 114, 0.0
272, 452, 0.0
453, 207, 0.0
465, 495, 0.0
124, 197, 0.0
361, 197, 0.0
285, 161, 0.0
443, 317, 0.0
6, 85, 0.0
24, 278, 0.0
275, 81, 0.0
286, 468, 0.0
471, 455, 0.0
280, 321, 0.0
462, 364, 0.0
213, 244, 0.0
320, 383, 0.0
293, 447, 0.0
84, 221, 0.0
467, 450, 0.0
501, 246, 0.0
170, 239, 0.0
14, 83, 0.0
190, 101, 0.0
189, 435, 0.0
143, 309, 0.0
312, 350, 0.0
2, 147, 0.0
137, 444, 0.0
196, 286, 0.0
475, 471, 0.0
87, 471, 0.0
429, 457, 0.0
10, 55, 0.0
156, 372, 0.0
284, 385, 0.0
186, 507, 0.0
105, 330, 0.0
89, 298, 0.0
46, 498, 0.0
119, 204, 0.0
423, 414, 0.0
275, 137, 0.0
91, 129, 0.0
274, 486, 0.0
142, 152, 0.0
108, 478, 0.0
148, 336, 0.0
466, 83, 0.0
171, 490, 0.0
110, 133, 0.0
128, 384, 0.0
118, 437, 0.0
78, 131, 0.0
52, 107, 0.0
463, 451, 0.0
464, 463, 0.0
134, 156, 0.0
299, 131, 0.0
76, 272, 0.0
138, 452, 0.0
4, 416, 0.0049999999999999645
397, 409, 0.0049999999999999645
292, 382, 0.0049999999999999645
395, 388, 0.0049999999999999645
72, 295, 0.0049999999999999645
378, 243, 0.0049999999999999645
267, 226, 0.0049999999999999645
103, 191, 0.0049999999999999645
28, 191, 0.0049999999999999645
413, 504, 0.0049999999999999645
487, 381, 0.0049999999999999645
46, 487, 0.0049999999999999645
99, 498, 0.0049999999999999645
49, 257, 0.0049999999999999645
50, 421, 0.0049999999999999645
68, 86, 0.0049999999999999645
342, 375, 0.0049999999999999645
149, 174, 0.0049999999999999645
104, 489, 0.0049999999999999645
89, 489, 0.0049999999999999645
98, 358, 0.0049999999999999645
314, 98, 0.0049999999999999645
440, 314, 0.0049999999999999645
47, 233, 0.0049999999999999645
500, 434, 0.0049999999999999645
407, 178, 0.0049999999999999645
304, 271, 0.0049999999999999645
505, 393, 0.0049999999999999645
477, 343, 0.0049999999999999645
433, 494, 0.0049999999999999645
222, 273, 0.0049999999999999645
347, 255, 0.0049999999999999645
145, 446, 0.0049999999999999645
270, 248, 0.0049999999999999645
227, 431, 0.0049999999999999645
334, 51, 0.0049999999999999645
136, 499, 0.0049999999999999645
140, 368, 0.0049999999999999645
60, 59, 0.0049999999999999645
249, 312, 0.0049999999999999645
488, 346, 0.0049999999999999645
317, 318, 0.0049999999999999645
392, 443, 0.0049999999999999645
165, 465, 0.0049999999999999645
282, 507, 0.0049999999999999645
117, 186, 0.0049999999999999645
153, 447, 0.0049999999999999645
427, 429, 0.0049999999999999645
192, 336, 0.0049999999999999645
142, 148, 0.0049999999999999645
167, 384, 0.0049999999999999645
344, 286, 0.0049999999999999645
213, 196, 0.0049999999999999645
372, 104, 0.0049999999999999645
374, 143, 0.0049999999999999645
325, 451, 0.0049999999999999645
330, 138, 0.0049999999999999645
8, 155, 0.020000000000000035
52, 8, 0.020000000000000035
34, 418, 0.020000000000000035
353, 339, 0.020000000000000035
335, 339, 0.020000000000000035
67, 69, 0.020000000000000035
33, 436, 0.020000000000000035
179, 288, 0.020000000000000035
367, 288, 0.020000000000000035
95, 315, 0.020000000000000035
26, 27, 0.020000000000000035
132, 469, 0.020000000000000035
157, 303, 0.020000000000000035
82, 303, 0.020000000000000035
376, 247, 0.020000000000000035
218, 247, 0.020000000000000035
312, 247, 0.020000000000000035
214, 247, 0.04499999999999995
92, 461, 0.020000000000000035
116, 301, 0.020000000000000035
291, 182, 0.020000000000000035
15, 345, 0.020000000000000035
205, 15, 0.020000000000000035
100, 80, 0.020000000000000035
212, 356, 0.020000000000000035
360, 212, 0.020000000000000035
225, 36, 0.020000000000000035
289, 313, 0.020000000000000035
369, 184, 0.020000000000000035
32, 449, 0.020000000000000035
185, 183, 0.020000000000000035
38, 164, 0.020000000000000035
241, 38, 0.020000000000000035
331, 426, 0.020000000000000035
68, 26, 0.020000000000000035
393, 116, 0.020000000000000035
425, 393, 0.020000000000000035
414, 425, 0.020000000000000035
408, 184, 0.04499999999999994
458, 418, 0.04499999999999994
215, 36, 0.04499999999999995
294, 215, 0.04499999999999995
70, 278, 0.020000000000000035
123, 119, 0.020000000000000035
256, 493, 0.020000000000000035
401, 441, 0.020000000000000035
481, 441, 0.020000000000000035
146, 147, 0.020000000000000035
420, 264, 0.020000000000000035
290, 424, 0.020000000000000035
387, 424, 0.020000000000000035
202, 110, 0.020000000000000035
467, 133, 0.020000000000000035
35, 490, 0.020000000000000035
397, 35, 0.04499999999999995
465, 35, 0.04499999999999995
329, 385, 0.020000000000000035
366, 246, 0.020000000000000035
299, 450, 0.020000000000000035
444, 467, 0.020000000000000035
454, 275, 0.020000000000000035
358, 291, 0.020000000000000035
33, 440, 0.04499999999999994
277, 358, 0.020000000000000035
162, 358, 0.020000000000000035
276, 361, 0.020000000000000035
351, 280, 0.020000000000000035
75, 399, 0.020000000000000035
120, 230, 0.020000000000000035
410, 399, 0.020000000000000035
189, 230, 0.020000000000000035
39, 471, 0.020000000000000035
391, 214, 0.04499999999999995
375, 391, 0.04499999999999995
195, 391, 0.04499999999999995
76, 329, 0.04499999999999995
170, 80, 0.04499999999999994
111, 157, 0.04499999999999994
297, 111, 0.04499999999999994
150, 427, 0.04499999999999994
257, 150, 0.04499999999999994
66, 153, 0.04499999999999994
190, 66, 0.04499999999999994
126, 72, 0.020000000000000035
89, 126, 0.020000000000000035
64, 499, 0.020000000000000035
419, 433, 0.04499999999999995
115, 233, 0.020000000000000035
201, 271, 0.020000000000000035
472, 431, 0.04499999999999994
134, 472, 0.04499999999999994
251, 273, 0.04499999999999995
377, 104, 0.020000000000000035
432, 104, 0.020000000000000035
7, 134, 0.04499999999999994
463, 7, 0.04499999999999994
219, 272, 0.04499999999999995
53, 308, 0.04499999999999994
159, 206, 0.04499999999999994
131, 206, 0.04499999999999994
217, 506, 0.04499999999999995
263, 217, 0.04499999999999995
135, 254, 0.04499999999999995
485, 415, 0.04499999999999995
319, 456, 0.04499999999999995
54, 192, 0.020000000000000035
357, 507, 0.04499999999999995
43, 241, 0.020000000000000035
45, 84, 0.020000000000000035
326, 124, 0.04499999999999995
333, 337, 0.020000000000000035
245, 366, 0.08000000000000014
82, 245, 0.020000000000000035
406, 317, 0.020000000000000035
508, 443, 0.020000000000000035
155, 54, 0.04499999999999994
57, 336, 0.020000000000000035
261, 242, 0.04499999999999995
258, 383, 0.04499999999999995
430, 364, 0.04499999999999994
389, 18, 0.04499999999999995
503, 224, 0.04499999999999995
96, 270, 0.020000000000000035
461, 254, 0.125
174, 281, 0.020000000000000035
384, 365, 0.04499999999999994
501, 167, 0.020000000000000035
194, 342, 0.020000000000000035
23, 153, 0.020000000000000035
129, 156, 0.04499999999999994
58, 78, 0.020000000000000035
42, 165, 0.04499999999999995
411, 35, 0.125
200, 37, 0.04499999999999994
292, 311, 0.04499999999999994
181, 373, 0.08000000000000014
480, 470, 0.08000000000000014
5, 480, 0.125
252, 127, 0.08000000000000014
340, 438, 0.08000000000000014
41, 415, 0.125
237, 452, 0.020000000000000035
160, 138, 0.020000000000000035
289, 271, 0.08000000000000014
6, 289, 0.125
244, 236, 0.020000000000000035
394, 339, 0.125
313, 353, 0.04499999999999995
322, 147, 0.04499999999999995
355, 108, 0.08000000000000014
166, 486, 0.08000000000000014
48, 341, 0.04499999999999994
491, 314, 0.04499999999999994
77, 45, 0.04499999999999994
477, 15, 0.125
243, 205, 0.04499999999999995
140, 345, 0.020000000000000035
145, 471, 0.020000000000000035
376, 313, 0.04499999999999995
205, 394, 0.125
269, 428, 0.125
113, 180, 0.125
360, 113, 0.125
352, 482, 0.125
122, 396, 0.125
262, 266, 0.125
285, 124, 0.020000000000000035
283, 374, 0.08000000000000014
9, 50, 0.08000000000000014
260, 255, 0.08000000000000014
369, 347, 0.125
13, 369, 0.125
232, 294, 0.04499999999999994
267, 232, 0.125
323, 36, 0.04499999999999994
251, 323, 0.04499999999999994
402, 120, 0.04499999999999994
209, 435, 0.04499999999999994
55, 163, 0.04499999999999994
187, 107, 0.08000000000000014
473, 499, 0.125
434, 499, 0.08000000000000014
239, 136, 0.125
87, 100, 0.04499999999999994
302, 455, 0.125
257, 268, 0.020000000000000035
390, 49, 0.125
413, 401, 0.020000000000000035
388, 401, 0.04499999999999995
94, 353, 0.08000000000000014
497, 453, 0.125
409, 481, 0.020000000000000035
17, 171, 0.08000000000000014
476, 99, 0.08000000000000014
234, 484, 0.1799999999999998
231, 365, 0.04499999999999994
253, 74, 0.04499999999999994
319, 79, 0.125
176, 168, 0.125
439, 452, 0.08000000000000014
248, 340, 0.08000000000000014
144, 96, 0.24500000000000013
388, 484, 0.125
4, 418, 0.04499999999999994
316, 213, 0.125
229, 193, 0.04499999999999994
240, 344, 0.08000000000000014
445, 432, 0.04499999999999994
386, 126, 0.04499999999999994
417, 377, 0.04499999999999994
3, 2, 0.125
437, 444, 0.04499999999999995
178, 297, 0.020000000000000035
125, 32, 0.2450000000000001
134, 125, 0.08000000000000014
389, 122, 0.125
404, 342, 0.125
106, 109, 0.24500000000000013
300, 137, 0.125
220, 98, 0.08000000000000014
324, 212, 0.04499999999999995
10, 8, 0.04499999999999994
278, 162, 0.125
374, 70, 0.125
474, 207, 0.31999999999999984
219, 207, 0.04499999999999994
420, 76, 0.04499999999999995
211, 341, 0.125
63, 149, 0.08000000000000014
348, 148, 0.2450000000000001
308, 155, 0.08000000000000014
442, 494, 0.24500000000000013
354, 214, 0.125
462, 213, 0.08000000000000014
469, 431, 0.020000000000000035
141, 443, 0.125
459, 464, 0.31999999999999984
56, 58, 0.125
288, 375, 0.020000000000000035
197, 243, 0.020000000000000035
43, 285, 0.125
349, 226, 0.125
22, 273, 0.125
68, 190, 0.125
158, 143, 0.31999999999999984
359, 202, 0.04499999999999994
287, 391, 0.125
151, 267, 0.31999999999999984
127, 157, 0.04499999999999994
59, 477, 0.08000000000000014
412, 485, 0.4050000000000003
315, 182, 0.2450000000000001
293, 309, 0.125
157, 440, 0.04499999999999994
90, 248, 0.4050000000000003
254, 90, 0.24500000000000013
121, 424, 0.1799999999999998
149, 84, 0.08000000000000014
72, 174, 0.125
100, 325, 0.125
414, 91, 0.04499999999999994
208, 263, 0.6049999999999996
180, 208, 0.8449999999999998
228, 290, 0.2450000000000001
422, 387, 0.2450000000000001
154, 368, 0.4050000000000003
51, 9, 0.1799999999999998
181, 215, 0.125
186, 215, 0.08000000000000014
201, 507, 0.020000000000000035
188, 375, 0.5
262, 133, 0.125
185, 478, 0.7200000000000002
106, 275, 0.7200000000000002
508, 393, 0.04499999999999994
442, 340, 0.31999999999999984
235, 264, 0.6049999999999996
352, 271, 0.125
130, 13, 0.08000000000000014
20, 17, 0.31999999999999984
19, 62, 0.31999999999999984
479, 245, 0.5
25, 24, 0.24500000000000013
47, 110, 0.24500000000000013
67, 160, 0.24500000000000013
320, 200, 0.08000000000000014
1, 155, 0.6049999999999996
224, 89, 0.125
506, 76, 0.08000000000000014
396, 388, 0.125
5, 440, 0.08000000000000014
274, 314, 0.1799999999999998
428, 471, 0.31999999999999984
265, 394, 0.8449999999999998
28, 225, 0.5
381, 339, 0.020000000000000035
184, 378, 0.2450000000000001
34, 305, 0.2450000000000001
331, 54, 0.31999999999999984
14, 15, 0.31999999999999984
3, 142, 0.08000000000000014
123, 63, 0.6049999999999996
51, 52, 0.125
275, 295, 0.020000000000000035
35, 104, 0.04499999999999994
415, 493, 0.04499999999999995
139, 176, 2.42
96, 136, 0.020000000000000035
478, 178, 0.1799999999999998
177, 194, 0.020000000000000035
318, 378, 0.08000000000000014
86, 36, 0.020000000000000035
453, 246, 0.020000000000000035
