r_u, r_v, r_u SSD, r_v SSD, sum of within-region SSD
(4,), (34,), 0.0, 0.0, 0.0
(17,), (20,), 0.0, 0.0, 0.0
(21,), (17, 20), 0.0, 0.0, 0.0
(283,), (70,), 0.0, 0.0, 0.0
(471,), (457,), 0.0, 0.0, 0.0
(356,), (324,), 0.0, 0.0, 0.0
(120,), (402,), 0.0, 0.0, 0.0
(453,), (497,), 0.0, 0.0, 0.0
(265,), (327,), 0.0, 0.0, 0.0
(281,), (94,), 0.0, 0.0, 0.0
(79,), (241,), 0.0, 0.0, 0.0
(215,), (196,), 0.0, 0.0, 0.0
(311,), (188,), 0.0, 0.0, 0.0
(378,), (243,), 0.0, 0.0, 0.0
(312,), (462,), 0.0, 0.0, 0.0
(177,), (468,), 0.0, 0.0, 0.0
(22,), (283, 70), 0.0, 0.0, 0.0
(145,), (471, 457), 0.0, 0.0, 0.0
(213,), (316,), 0.0, 0.0, 0.0
(110,), (221,), 0.0, 0.0, 0.0
(89,), (176,), 0.0, 0.0, 0.0
(285,), (346,), 0.0, 0.0, 0.0
(36,), (117,), 0.0, 0.0, 0.0
(153,), (66,), 0.0, 0.0, 0.0
(113,), (180,), 0.0, 0.0, 0.0
(122,), (441,), 0.0, 0.0, 0.0
(445,), (122, 441), 0.0, 0.0, 0.0
(401,), (445, 122, 441), 0.0, 0.0, 0.0
(367,), (247,), 0.0, 0.0, 0.0
(138,), (337,), 0.0, 0.0, 0.0
(19,), (481,), 0.0, 0.0, 0.0
(100,), (39,), 0.0, 0.0, 0.0
(201,), (271,), 0.0, 0.0, 0.0
(74,), (410,), 0.0, 0.0, 0.0
(143,), (158,), 0.0, 0.0, 0.0
(80,), (144,), 0.0, 0.0, 0.0
(54,), (10,), 0.0, 0.0, 0.0
(45,), (159,), 0.0, 0.0, 0.0
(320,), (430,), 0.0, 0.0, 0.0
(364,), (320, 430), 0.0, 0.0, 0.0
(6,), (85,), 0.0, 0.0, 0.0
(116,), (301,), 0.0, 0.0, 0.0
(96,), (100, 39), 0.0, 0.0, 0.0
(121,), (424,), 0.0, 0.0, 0.0
(104,), (377,), 0.0, 0.0, 0.0
(325,), (96, 100, 39), 0.0, 0.0, 0.0
(244,), (383,), 0.0, 0.0, 0.0
(75,), (178,), 0.0, 0.0, 0.0
(452,), (237,), 0.0, 0.0, 0.0
(480,), (470,), 0.0, 0.0, 0.0
(245,), (478,), 0.0, 0.0, 0.0
(114,), (80, 144), 0.0, 0.0, 0.0
(291,), (358,), 0.0, 0.0, 0.0
(84,), (110, 221), 0.0, 0.0, 0.0
(69,), (153, 66), 0.0, 0.0, 0.0
(92,), (463,), 0.0, 0.0, 0.0
(47,), (174,), 0.0, 0.0, 0.0
(309,), (143, 158), 0.0, 0.0, 0.0
(313,), (376,), 0.0, 0.0, 0.0
(286,), (215, 196), 0.0, 0.0, 0.0
(1,), (53,), 0.0, 0.0, 0.0
(33,), (440,), 0.0, 0.0, 0.0
(46,), (99,), 0.0, 0.0, 0.0
(156,), (503,), 0.0, 0.0, 0.0
(185,), (245, 478), 0.0, 0.0, 0.0
(119,), (204,), 0.0, 0.0, 0.0
(211,), (305,), 0.0, 0.0, 0.0
(91,), (129,), 0.0, 0.0, 0.0
(431,), (461,), 0.0, 0.0, 0.0
(345,), (140,), 0.0, 0.0, 0.0
(163,), (281, 94), 0.0, 0.0, 0.0
(130,), (369,), 0.0, 0.0, 0.0
(171,), (21, 17, 20), 0.0, 0.0, 0.0
(392,), (317,), 0.0, 0.0, 0.0
(133,), (84, 110, 221), 0.0, 0.0, 0.0
(423,), (79, 241), 0.0, 0.0, 0.0
(261,), (255,), 0.0, 0.0, 0.0
(447,), (323,), 0.0, 0.0, 0.0
(209,), (113, 180), 0.0, 0.0, 5.9164567891575885e-31
(330,), (452, 237), 0.0, 0.0, 1.1832913578315177e-30
(411,), (432,), 0.0, 0.0, 0.0049999999999999645
(397,), (411, 432), 0.0, 0.0049999999999999645, 0.006666666666666619
(288,), (375,), 0.0, 0.0, 0.011666666666666582
(311, 188), (288, 375), 0.0, 0.0049999999999999645, 0.014166666666666565
(194,), (311, 188, 288, 375), 0.0, 0.007499999999999947, 0.018666666666666536
(292,), (194, 311, 188, 288, 375), 0.0, 0.011999999999999915, 0.021666666666666508
(275,), (81,), 0.0, 0.0, 0.02666666666666647
(366,), (246,), 0.0, 0.0, 0.03166666666666643
(212,), (360,), 0.0, 0.0, 0.036666666666666396
(263,), (208,), 0.0, 0.0, 0.04166666666666636
(421,), (187,), 0.0, 0.0, 0.04666666666666632
(55,), (58,), 0.0, 0.0, 0.051666666666666326
(37,), (179,), 0.0, 0.0, 0.05666666666666633
(197,), (326,), 0.0, 0.0, 0.061666666666666335
(500,), (434,), 0.0, 0.0, 0.06666666666666635
(232,), (373,), 0.0, 0.0, 0.07166666666666635
(224,), (298,), 0.0, 0.0, 0.07666666666666636
(433,), (469,), 0.0, 0.0, 0.08166666666666636
(431, 461), (433, 469), 0.0, 0.005000000000000009, 0.08416666666666639
(472,), (431, 461, 433, 469), 0.0, 0.007500000000000014, 0.08866666666666638
(24,), (162,), 0.0, 0.0, 0.09366666666666638
(393,), (508,), 0.0, 0.0, 0.09866666666666639
(277,), (6, 85), 0.0, 0.0, 0.10533333333333302
(33, 440), (277, 6, 85), 0.0, 0.00666666666666662, 0.11066666666666629
(350,), (312, 462), 0.0, 0.0, 0.11733333333333291
(418,), (4, 34), 0.0, 0.0, 0.1239999999999996
(413,), (89, 176), 0.0, 0.0, 0.13066666666666624
(341,), (211, 305), 0.0, 0.0, 0.13733333333333292
(451,), (92, 463), 0.0, 0.0, 0.1439999999999996
(325, 96, 100, 39), (451, 92, 463), 0.0, 0.006666666666666679, 0.14590476190476157
(475,), (325, 96, 100, 39, 451, 92, 463), 0.0, 0.008571428571428586, 0.15233333333333288
(167,), (453, 497), 0.0, 0.0, 0.15899999999999956
(14,), (345, 140), 0.0, 0.0, 0.16566666666666624
(48,), (121, 424), 0.0, 0.0, 0.17233333333333292
(289,), (213, 316), 0.0, 0.0, 0.1789999999999996
(111,), (185, 245, 478), 0.0, 0.0, 0.18649999999999953
(333,), (22, 283, 70), 0.0, 0.0, 0.19399999999999945
(429,), (145, 471, 457), 0.0, 0.0, 0.20149999999999949
(93,), (163, 281, 94), 0.0, 0.0, 0.20899999999999952
(414,), (423, 79, 241), 0.0, 0.0, 0.21649999999999955
(265, 327), (414, 423, 79, 241), 0.0, 0.007500000000000014, 0.22399999999999953
(47, 174), (265, 327, 414, 423, 79, 241), 0.0, 0.015000000000000027, 0.2277499999999996
(396,), (401, 445, 122, 441), 0.0, 0.0, 0.23574999999999957
(467,), (133, 84, 110, 221), 0.0, 0.0, 0.24374999999999963
(285, 346), (116, 301), 0.0, 0.0, 0.25374999999999964
(498,), (335,), 0.0, 0.0, 0.2737499999999996
(151,), (267,), 0.0, 0.0, 0.29374999999999957
(280,), (391,), 0.0, 0.0, 0.31374999999999953
(352,), (357,), 0.0, 0.0, 0.3337499999999995
(449,), (415,), 0.0, 0.0, 0.35374999999999945
(192,), (336,), 0.0, 0.0, 0.3737499999999994
(157,), (303,), 0.0, 0.0, 0.3937499999999994
(115,), (454,), 0.0, 0.0, 0.41374999999999934
(72,), (115, 454), 0.0, 0.01999999999999999, 0.420416666666666
(465,), (495,), 0.0, 0.0, 0.44041666666666596
(104, 377), (465, 495), 0.0, 0.01999999999999999, 0.45041666666666597
(236,), (229,), 0.0, 0.0, 0.47041666666666593
(15,), (394,), 0.0, 0.0, 0.4904166666666659
(240,), (344,), 0.0, 0.0, 0.5104166666666659
(235,), (290,), 0.0, 0.0, 0.5304166666666659
(264,), (235, 290), 0.0, 0.01999999999999999, 0.5370833333333326
(155,), (308,), 0.0, 0.0, 0.5570833333333326
(340,), (227,), 0.0, 0.0, 0.5770833333333326
(220,), (182,), 0.0, 0.0, 0.5970833333333326
(329,), (385,), 0.0, 0.0, 0.6170833333333327
(43,), (124,), 0.0, 0.0, 0.6370833333333327
(359,), (492,), 0.0, 0.0, 0.6570833333333327
(507,), (482,), 0.0, 0.0, 0.6770833333333327
(286, 215, 196), (507, 482), 0.0, 0.020000000000000035, 0.6890833333333329
(294,), (181,), 0.0, 0.0, 0.709083333333333
(217,), (506,), 0.0, 0.0, 0.729083333333333
(137,), (444,), 0.0, 0.0, 0.749083333333333
(107,), (56,), 0.0, 0.0, 0.769083333333333
(297,), (486,), 0.0, 0.0, 0.789083333333333
(342,), (404,), 0.0, 0.0, 0.809083333333333
(128,), (384,), 0.0, 0.0, 0.8290833333333331
(331,), (426,), 0.0, 0.0, 0.8490833333333331
(2,), (142,), 0.0, 0.0, 0.8690833333333331
(412,), (499,), 0.0, 0.0, 0.8890833333333331
(136,), (473,), 0.0, 0.0, 0.9090833333333331
(111, 185, 245, 478), (297, 486), 0.007499999999999946, 0.020000000000000035, 0.9299166666666667
(263, 208), (217, 506), 0.0049999999999999645, 0.020000000000000035, 0.9524166666666666
(220, 182), (263, 208, 217, 506), 0.020000000000000035, 0.04749999999999997, 0.9599166666666668
(487,), (313, 376), 0.0, 0.0, 0.9865833333333335
(222,), (291, 358), 0.0, 0.0, 1.0132500000000002
(443,), (392, 317), 0.0, 0.0, 1.0399166666666668
(491,), (75, 178), 0.0, 0.0, 1.0665833333333337
(147,), (54, 10), 0.0, 0.0, 1.0932500000000003
(82,), (157, 303), 0.0, 0.01999999999999999, 1.119916666666667
(349,), (151, 267), 0.0, 0.01999999999999999, 1.1465833333333335
(148,), (192, 336), 0.0, 0.01999999999999999, 1.1732500000000001
(168,), (91, 129), 0.0, 0.0, 1.1999166666666667
(407,), (74, 410), 0.0, 0.0, 1.2265833333333334
(225,), (36, 117), 0.0, 0.0, 1.25325
(286, 215, 196, 507, 482), (225, 36, 117), 0.032000000000000056, 0.026666666666666717, 1.2695833333333328
(244, 383), (286, 215, 196, 507, 482, 225, 36, 117), 0.0, 0.07500000000000014, 1.294583333333333
(127,), (111, 185, 245, 478, 297, 486), 0.0, 0.04833333333333331, 1.3233928571428573
(191,), (69, 153, 66), 0.0, 0.0, 1.3533928571428573
(105,), (330, 452, 237), 0.0, 5.9164567891575885e-31, 1.3833928571428573
(35,), (171, 21, 17, 20), 0.0, 0.0, 1.4153928571428576
(104, 377, 465, 495), (35, 171, 21, 17, 20), 0.02999999999999999, 0.03199999999999999, 1.4333928571428576
(150,), (104, 377, 465, 495, 35, 171, 21, 17, 20), 0.0, 0.07999999999999996, 1.4693928571428572
(251,), (244, 383, 286, 215, 196, 507, 482, 225, 36, 117), 0.0, 0.10000000000000019, 1.5057564935064938
(309, 143, 158), (251, 244, 383, 286, 215, 196, 507, 482, 225, 36, 117), 0.0, 0.13636363636363646, 1.5386785714285718
(160,), (309, 143, 158, 251, 244, 383, 286, 215, 196, 507, 482, 225, 36, 117), 0.0, 0.1692857142857144, 1.5787261904761898
(202,), (467, 133, 84, 110, 221), 0.0, 0.008000000000000016, 1.619059523809523
(388,), (396, 401, 445, 122, 441), 0.0, 0.007999999999999945, 1.6593928571428564
(389,), (388, 396, 401, 445, 122, 441), 0.0, 0.048333333333333325, 1.6882023809523807
(87,), (429, 145, 471, 457), 0.0, 0.007500000000000014, 1.7287023809523805
(63,), (93, 163, 281, 94), 0.0, 0.007500000000000014, 1.7692023809523802
(416,), (418, 4, 34), 0.0, 0.006666666666666679, 1.810035714285714
(458,), (416, 418, 4, 34), 0.0, 0.0475, 1.834535714285714
(48, 121, 424), (458, 416, 418, 4, 34), 0.006666666666666679, 0.072, 1.850869047619047
(228,), (48, 121, 424, 458, 416, 418, 4, 34), 0.0, 0.095, 1.8780912698412695
(83,), (14, 345, 140), 0.0, 0.006666666666666679, 1.9189246031746032
(200,), (350, 312, 462), 0.0, 0.00666666666666662, 1.9597579365079367
(249,), (200, 350, 312, 462), 0.0, 0.047499999999999966, 1.9842579365079365
(189,), (264, 235, 290), 0.0, 0.026666666666666655, 2.02509126984127
(304,), (222, 291, 358), 0.0, 0.026666666666666655, 2.0659246031746035
(289, 213, 316), (304, 222, 291, 358), 0.006666666666666679, 0.0675, 2.0860436507936506
(278,), (24, 162), 0.0, 0.005000000000000009, 2.1277103174603176
(438,), (500, 434), 0.0, 0.005000000000000009, 2.1693769841269845
(257,), (275, 81), 0.0, 0.0049999999999999645, 2.2110436507936515
(479,), (366, 246), 0.0, 0.0049999999999999645, 2.2527103174603185
(47, 174, 265, 327, 414, 423, 79, 241), (15, 394), 0.018750000000000034, 0.01999999999999999, 2.2949603174603195
(476,), (47, 174, 265, 327, 414, 423, 79, 241, 15, 394), 0.0, 0.08100000000000004, 2.321233044733045
(427,), (150, 104, 377, 465, 495, 35, 171, 21, 17, 20), 0.0, 0.11599999999999994, 2.3652330447330456
(333, 22, 283, 70), (160, 309, 143, 158, 251, 244, 383, 286, 215, 196, 507, 482, 225, 36, 117), 0.007499999999999946, 0.20933333333333332, 2.4094523429786574
(395,), (484,), 0.0, 0.0, 2.4544523429786573
(353,), (381,), 0.0, 0.0, 2.4994523429786573
(455,), (269,), 0.0, 0.0, 2.544452342978657
(161,), (318,), 0.0, 0.0, 2.589452342978657
(485,), (493,), 0.0, 0.0, 2.634452342978657
(60,), (205,), 0.0, 0.0, 2.679452342978657
(505,), (425,), 0.0, 0.0, 2.724452342978657
(256,), (505, 425), 0.0, 0.04499999999999995, 2.7394523429786575
(5,), (436,), 0.0, 0.0, 2.7844523429786574
(230,), (173,), 0.0, 0.0, 2.8294523429786573
(365,), (420,), 0.0, 0.0, 2.8744523429786573
(230, 173), (365, 420), 0.04500000000000001, 0.04500000000000001, 2.9144523429786573
(347,), (362,), 0.0, 0.0, 2.9594523429786572
(57,), (321,), 0.0, 0.0, 3.004452342978657
(364, 320, 430), (236, 229), 0.0, 0.01999999999999999, 3.0524523429786576
(356, 324), (209, 113, 180), 0.0, 5.9164567891575885e-31, 3.1004523429786577
(98,), (356, 324, 209, 113, 180), 0.0, 0.0480000000000001, 3.1274523429786574
(406,), (285, 346, 116, 301), 0.0, 0.010000000000000018, 3.177452342978658
(272,), (167, 453, 497), 0.0, 0.006666666666666679, 3.2307856763119918
(295,), (72, 115, 454), 0.0, 0.026666666666666655, 3.284119009645325
(233,), (295, 72, 115, 454), 0.0, 0.08000000000000004, 3.316119009645324
(351,), (487, 313, 376), 0.0, 0.026666666666666655, 3.3694523429786574
(279,), (351, 487, 313, 376), 0.0, 0.08000000000000004, 3.4014523429786565
(249, 200, 350, 312, 462), (279, 351, 487, 313, 376), 0.07199999999999998, 0.1120000000000001, 3.4264523429786573
(52,), (147, 54, 10), 0.0, 0.026666666666666655, 3.4797856763119914
(195,), (292, 194, 311, 188, 288, 375), 0.0, 0.014999999999999892, 3.533357104883421
(149,), (476, 47, 174, 265, 327, 414, 423, 79, 241, 15, 394), 0.0, 0.10727272727272728, 3.588584377610695
(123,), (119, 204), 0.0, 0.0, 3.6485843776106957
(101,), (138, 337), 0.0, 0.0, 3.708584377610696
(284,), (101, 138, 337), 0.0, 0.06000000000000001, 3.7385843776106955
(254,), (340, 227), 0.0, 0.020000000000000035, 3.7985843776106956
(135,), (254, 340, 227), 0.0, 0.08000000000000014, 3.8285843776106954
(280, 391), (57, 321), 0.01999999999999999, 0.04500000000000001, 3.8910843776106963
(64,), (475, 325, 96, 100, 39, 451, 92, 463), 0.0, 0.015000000000000027, 3.958306599832917
(46, 99), (249, 200, 350, 312, 462, 279, 351, 487, 313, 376), 0.0, 0.20900000000000005, 4.031806599832918
(23,), (293,), 0.0, 0.0, 4.111806599832918
(134,), (419,), 0.0, 0.0, 4.191806599832918
(125,), (134, 419), 0.0, 0.08000000000000014, 4.2184732664995845
(156, 503), (125, 134, 419), 0.0, 0.10666666666666687, 4.283806599832917
(266,), (450,), 0.0, 0.0, 4.363806599832917
(206,), (266, 450), 0.0, 0.08000000000000014, 4.423806599832917
(131,), (206, 266, 450), 0.0, 0.14000000000000007, 4.491306599832918
(184,), (60, 205), 0.0, 0.04499999999999995, 4.572973266499584
(268,), (427, 150, 104, 377, 465, 495, 35, 171, 21, 17, 20), 0.0, 0.15999999999999992, 4.6554732664995875
(106,), (257, 275, 81), 0.0, 0.046666666666666634, 4.738806599832922
(386,), (413, 89, 176), 0.0, 0.006666666666666679, 4.822139933166256
(224, 298), (386, 413, 89, 176), 0.005000000000000009, 0.09000000000000005, 4.87547326649959
(343,), (83, 14, 345, 140), 0.0, 0.0475, 4.959973266499589
(446,), (87, 429, 145, 471, 457), 0.0, 0.04800000000000001, 5.045306599832921
(299,), (446, 87, 429, 145, 471, 457), 0.0, 0.13333333333333336, 5.091973266499588
(78,), (63, 93, 163, 281, 94), 0.0, 0.04800000000000001, 5.177306599832922
(130, 369), (261, 255), 0.0, 0.0, 5.267306599832922
(1, 53), (155, 308), 0.0, 0.01999999999999999, 5.3573065998329215
(240, 344), (333, 22, 283, 70, 160, 309, 143, 158, 251, 244, 383, 286, 215, 196, 507, 482, 225, 36, 117), 0.01999999999999999, 0.2610526315789475, 5.454349206349209
(7,), (268, 427, 150, 104, 377, 465, 495, 35, 171, 21, 17, 20), 0.0, 0.2425, 5.551849206349207
(42,), (7, 268, 427, 150, 104, 377, 465, 495, 35, 171, 21, 17, 20), 0.0, 0.33999999999999997, 5.5889920634920625
(190,), (284, 101, 138, 337), 0.0, 0.09000000000000002, 5.686992063492062
(260,), (130, 369, 261, 255), 0.0, 0.0899999999999999, 5.784992063492063
(443, 392, 317), (406, 285, 346, 116, 301), 0.026666666666666655, 0.06000000000000001, 5.887075396825394
(108,), (127, 111, 185, 245, 478, 297, 486), 0.0, 0.07714285714285714, 5.989932539682536
(216,), (294, 181), 0.0, 0.020000000000000035, 6.096599206349203
(51,), (107, 56), 0.0, 0.020000000000000035, 6.203265873015869
(50,), (51, 107, 56), 0.0, 0.12666666666666665, 6.244099206349203
(152,), (2, 142), 0.0, 0.020000000000000035, 6.350765873015869
(355,), (128, 384), 0.0, 0.020000000000000035, 6.457432539682536
(479, 366, 246), (355, 128, 384), 0.046666666666666634, 0.12666666666666665, 6.517432539682536
(118,), (137, 444), 0.0, 0.020000000000000035, 6.624099206349204
(361,), (378, 243), 0.0, 0.0, 6.73076587301587
(488,), (361, 378, 243), 0.0, 0.10666666666666687, 6.771599206349204
(259,), (156, 503, 125, 134, 419), 0.0, 0.17200000000000004, 6.879599206349202
(177, 468), (364, 320, 430, 236, 229), 0.0, 0.06800000000000003, 6.9915992063492025
(474,), (479, 366, 246, 355, 128, 384), 0.0, 0.23333333333333323, 7.106837301587298
(86,), (439,), 0.0, 0.0, 7.231837301587298
(28,), (86, 439), 0.0, 0.125, 7.273503968253964
(26,), (103,), 0.0, 0.0, 7.398503968253964
(214,), (354,), 0.0, 0.0, 7.523503968253964
(165,), (372,), 0.0, 0.0, 7.648503968253964
(31,), (270,), 0.0, 0.0, 7.773503968253964
(135, 254, 340, 227), (31, 270), 0.1100000000000002, 0.125, 7.893503968253964
(387,), (422,), 0.0, 0.0, 8.018503968253963
(319,), (456,), 0.0, 0.0, 8.143503968253963
(8,), (334,), 0.0, 0.0, 8.268503968253963
(489,), (224, 298, 386, 413, 89, 176), 0.0, 0.1483333333333334, 8.394456349206347
(42, 7, 268, 427, 150, 104, 377, 465, 495, 35, 171, 21, 17, 20), (489, 224, 298, 386, 413, 89, 176), 0.3771428571428571, 0.27428571428571435, 8.509694444444447
(238,), (46, 99, 249, 200, 350, 312, 462, 279, 351, 487, 313, 376), 0.0, 0.2824999999999999, 8.63950213675213
(258,), (238, 46, 99, 249, 200, 350, 312, 462, 279, 351, 487, 313, 376), 0.0, 0.4123076923076921, 8.750765873015864
(240, 344, 333, 22, 283, 70, 160, 309, 143, 158, 251, 244, 383, 286, 215, 196, 507, 482, 225, 36, 117), (258, 238, 46, 99, 249, 200, 350, 312, 462, 279, 351, 487, 313, 376), 0.378095238095238, 0.5235714285714285, 8.79081349206347
(25,), (240, 344, 333, 22, 283, 70, 160, 309, 143, 158, 251, 244, 383, 286, 215, 196, 507, 482, 225, 36, 117, 258, 238, 46, 99, 249, 200, 350, 312, 462, 279, 351, 487, 313, 376), 0.0, 0.9417142857142856, 8.918821428571418
(9,), (421, 187), 0.0, 0.0049999999999999645, 9.053821428571418
(41,), (168, 91, 129), 0.0, 0.026666666666666717, 9.19465476190475
(449, 415), (41, 168, 91, 129), 0.01999999999999999, 0.1675, 9.295488095238083
(274,), (491, 75, 178), 0.0, 0.026666666666666658, 9.436321428571416
(131, 206, 266, 450), (118, 137, 444), 0.20750000000000013, 0.12666666666666665, 9.582154761904754
(50, 51, 107, 56), (152, 2, 142), 0.1675, 0.12666666666666665, 9.727988095238087
(68,), (190, 284, 101, 138, 337), 0.0, 0.18800000000000003, 9.874988095238095
(77,), (78, 63, 93, 163, 281, 94), 0.0, 0.1333333333333333, 10.03594047619048
(67,), (191, 69, 153, 66), 0.0, 0.03000000000000005, 10.197940476190483
(348,), (148, 192, 336), 0.0, 0.046666666666666676, 10.361273809523817
(280, 391, 57, 321), (348, 148, 192, 336), 0.1275, 0.21000000000000002, 10.512523809523815
(322,), (280, 391, 57, 321, 348, 148, 192, 336), 0.0, 0.48874999999999996, 10.663773809523818
(359, 492), (106, 257, 275, 81), 0.020000000000000035, 0.12999999999999995, 10.827107142857152
(409,), (19, 481), 0.0, 0.0, 10.99377380952382
(314,), (98, 356, 324, 209, 113, 180), 0.0, 0.07500000000000001, 11.167345238095248
(214, 354), (25, 240, 344, 333, 22, 283, 70, 160, 309, 143, 158, 251, 244, 383, 286, 215, 196, 507, 482, 225, 36, 117, 258, 238, 46, 99, 249, 200, 350, 312, 462, 279, 351, 487, 313, 376), 0.125, 1.0697222222222218, 11.341044068504603
(220, 182, 263, 208, 217, 506), (314, 98, 356, 324, 209, 113, 180), 0.07500000000000001, 0.24857142857142844, 11.520549563010098
(390,), (389, 388, 396, 401, 445, 122, 441), 0.0, 0.07714285714285714, 11.70340670586724
(42, 7, 268, 427, 150, 104, 377, 465, 495, 35, 171, 21, 17, 20, 489, 224, 298, 386, 413, 89, 176), (409, 19, 481), 0.7666666666666667, 0.16666666666666669, 11.890073372533902
(64, 475, 325, 96, 100, 39, 451, 92, 463), (42, 7, 268, 427, 150, 104, 377, 465, 495, 35, 171, 21, 17, 20, 489, 224, 298, 386, 413, 89, 176, 409, 19, 481), 0.08222222222222225, 1.1199999999999999, 12.048457210917746
(170,), (114, 80, 144), 0.0, 0.0, 12.235957210917746
(13,), (260, 130, 369, 261, 255), 0.0, 0.18799999999999994, 12.427957210917745
(501,), (272, 167, 453, 497), 0.0, 0.06000000000000001, 12.627957210917748
(256, 505, 425), (449, 415, 41, 168, 91, 129), 0.05999999999999993, 0.2883333333333334, 12.8285127664733
(428,), (455, 269), 0.0, 0.04499999999999995, 13.030179433139967
(382,), (37, 179), 0.0, 0.005000000000000009, 13.231846099806633
(177, 468, 364, 320, 430, 236, 229), (382, 37, 179), 0.18, 0.20666666666666672, 13.381179433139962
(175,), (214, 354, 25, 240, 344, 333, 22, 283, 70, 160, 309, 143, 158, 251, 244, 383, 286, 215, 196, 507, 482, 225, 36, 117, 258, 238, 46, 99, 249, 200, 350, 312, 462, 279, 351, 487, 313, 376), 0.0, 1.3684210526315792, 13.590194277944267
(186,), (175, 214, 354, 25, 240, 344, 333, 22, 283, 70, 160, 309, 143, 158, 251, 244, 383, 286, 215, 196, 507, 482, 225, 36, 117, 258, 238, 46, 99, 249, 200, 350, 312, 462, 279, 351, 487, 313, 376), 0.0, 1.5774358974358977, 13.788758380508387
(239,), (443, 392, 317, 406, 285, 346, 116, 301), 0.0, 0.18874999999999997, 14.000008380508387
(276,), (239, 443, 392, 317, 406, 285, 346, 116, 301), 0.0, 0.3999999999999999, 14.169008380508386
(252,), (108, 127, 111, 185, 245, 478, 297, 486), 0.0, 0.17999999999999997, 14.391230602730607
(342, 404), (195, 292, 194, 311, 188, 288, 375), 0.020000000000000035, 0.06857142857142846, 14.622659174159178
(186, 175, 214, 354, 25, 240, 344, 333, 22, 283, 70, 160, 309, 143, 158, 251, 244, 383, 286, 215, 196, 507, 482, 225, 36, 117, 258, 238, 46, 99, 249, 200, 350, 312, 462, 279, 351, 487, 313, 376), (342, 404, 195, 292, 194, 311, 188, 288, 375), 1.7760000000000005, 0.32, 14.810740806812229
(282,), (201, 271), 0.0, 0.0, 15.050740806812227
(26, 103), (67, 191, 69, 153, 66), 0.125, 0.192, 15.290883663955084
(33, 440, 277, 6, 85), (5, 436), 0.011999999999999914, 0.04500000000000001, 15.531026521097939
(253,), (407, 74, 410), 0.0, 0.026666666666666717, 15.771859854431275
(38,), (164,), 0.0, 0.0, 16.016859854431274
(52, 147, 54, 10), (77, 78, 63, 93, 163, 281, 94), 0.08000000000000004, 0.2942857142857142, 16.29166504923647
(1, 53, 155, 308), (52, 147, 54, 10, 77, 78, 63, 93, 163, 281, 94), 0.10999999999999996, 0.6490909090909092, 16.461907473478885
(273,), (186, 175, 214, 354, 25, 240, 344, 333, 22, 283, 70, 160, 309, 143, 158, 251, 244, 383, 286, 215, 196, 507, 482, 225, 36, 117, 258, 238, 46, 99, 249, 200, 350, 312, 462, 279, 351, 487, 313, 376, 342, 404, 195, 292, 194, 311, 188, 288, 375), 0.0, 2.284081632653062, 16.73782584082582
(141,), (485, 493), 0.0, 0.04499999999999995, 17.01949250749249
(397, 411, 432), (390, 389, 388, 396, 401, 445, 122, 441), 0.006666666666666619, 0.25999999999999995, 17.31282584082583
(3,), (1, 53, 155, 308, 52, 147, 54, 10, 77, 78, 63, 93, 163, 281, 94), 0.0, 0.9293333333333336, 17.620992507492513
(262,), (131, 206, 266, 450, 118, 137, 444), 0.0, 0.48, 17.93599250749252
(197, 326), (276, 239, 443, 392, 317, 406, 285, 346, 116, 301), 0.005000000000000009, 0.569, 18.258659174159174
(393, 508), (197, 326, 276, 239, 443, 392, 317, 406, 285, 346, 116, 301), 0.005000000000000009, 0.8966666666666663, 18.489135364635374
(59,), (184, 60, 205), 0.0, 0.12666666666666654, 18.82246869796871
(43, 124), (59, 184, 60, 205), 0.020000000000000035, 0.4600000000000002, 19.035802031302044
(349, 151, 267), (273, 186, 175, 214, 354, 25, 240, 344, 333, 22, 283, 70, 160, 309, 143, 158, 251, 244, 383, 286, 215, 196, 507, 482, 225, 36, 117, 258, 238, 46, 99, 249, 200, 350, 312, 462, 279, 351, 487, 313, 376, 342, 404, 195, 292, 194, 311, 188, 288, 375), 0.046666666666666676, 2.5599999999999983, 19.37592781746555
(202, 467, 133, 84, 110, 221), (233, 295, 72, 115, 454), 0.048333333333333325, 0.1120000000000001, 19.722867211404942
(45, 159), (202, 467, 133, 84, 110, 221, 233, 295, 72, 115, 454), 0.0, 0.5072727272727275, 20.07251756105529
(3, 1, 53, 155, 308, 52, 147, 54, 10, 77, 78, 63, 93, 163, 281, 94), (45, 159, 202, 467, 133, 84, 110, 221, 233, 295, 72, 115, 454), 1.2375, 0.8569230769230768, 20.240163449649444
(442,), (135, 254, 340, 227, 31, 270), 0.0, 0.35500000000000026, 20.6023063067923
(412, 499), (442, 135, 254, 340, 227, 31, 270), 0.020000000000000035, 0.7171428571428577, 20.92738567187167
(141, 485, 493), (412, 499, 442, 135, 254, 340, 227, 31, 270), 0.32666666666666655, 1.0622222222222228, 21.24849678298278
(259, 156, 503, 125, 134, 419), (141, 485, 493, 412, 499, 442, 135, 254, 340, 227, 31, 270), 0.2800000000000002, 1.7100000000000004, 21.49849678298278
(435,), (189, 264, 235, 290), 0.0, 0.0675, 21.862996782982776
(161, 318), (488, 361, 378, 243), 0.04499999999999995, 0.1475000000000001, 22.230496782982783
(417,), (64, 475, 325, 96, 100, 39, 451, 92, 463, 42, 7, 268, 427, 150, 104, 377, 465, 495, 35, 171, 21, 17, 20, 489, 224, 298, 386, 413, 89, 176, 409, 19, 481), 0.0, 1.3606060606060608, 22.631067192964977
(459,), (417, 64, 475, 325, 96, 100, 39, 451, 92, 463, 42, 7, 268, 427, 150, 104, 377, 465, 495, 35, 171, 21, 17, 20, 489, 224, 298, 386, 413, 89, 176, 409, 19, 481), 0.0, 1.7611764705882362, 23.00874786523389
(234,), (459, 417, 64, 475, 325, 96, 100, 39, 451, 92, 463, 42, 7, 268, 427, 150, 104, 377, 465, 495, 35, 171, 21, 17, 20, 489, 224, 298, 386, 413, 89, 176, 409, 19, 481), 0.0, 2.1388571428571423, 23.365446277932257
(339,), (349, 151, 267, 273, 186, 175, 214, 354, 25, 240, 344, 333, 22, 283, 70, 160, 309, 143, 158, 251, 244, 383, 286, 215, 196, 507, 482, 225, 36, 117, 258, 238, 46, 99, 249, 200, 350, 312, 462, 279, 351, 487, 313, 376, 342, 404, 195, 292, 194, 311, 188, 288, 375), 0.0, 2.946792452830189, 23.76698715843544
(13, 260, 130, 369, 261, 255), (43, 124, 59, 184, 60, 205), 0.3800000000000001, 0.6933333333333336, 24.170320491768774
(161, 318, 488, 361, 378, 243), (13, 260, 130, 369, 261, 255, 43, 124, 59, 184, 60, 205), 0.5599999999999998, 1.4766666666666668, 24.304764936213214
(226,), (216, 294, 181), 0.0, 0.12666666666666665, 24.70809826954655
(76,), (220, 182, 263, 208, 217, 506, 314, 98, 356, 324, 209, 113, 180), 0.0, 0.5030769230769232, 25.133592775041066
(474, 479, 366, 246, 355, 128, 384), (76, 220, 182, 263, 208, 217, 506, 314, 98, 356, 324, 209, 113, 180), 0.3485714285714284, 0.9285714285714288, 25.167878489326775
(146,), (50, 51, 107, 56, 152, 2, 142), 0.0, 0.44000000000000006, 25.596628489326772
(338,), (339, 349, 151, 267, 273, 186, 175, 214, 354, 25, 240, 344, 333, 22, 283, 70, 160, 309, 143, 158, 251, 244, 383, 286, 215, 196, 507, 482, 225, 36, 117, 258, 238, 46, 99, 249, 200, 350, 312, 462, 279, 351, 487, 313, 376, 342, 404, 195, 292, 194, 311, 188, 288, 375), 0.0, 3.3483333333333394, 26.040295155993423
(62,), (397, 411, 432, 390, 389, 388, 396, 401, 445, 122, 441), 0.0, 0.5599999999999999, 26.489461822660118
(504,), (62, 397, 411, 432, 390, 389, 388, 396, 401, 445, 122, 441), 0.0, 1.0091666666666668, 26.869525925224217
(359, 492, 106, 257, 275, 81), (504, 62, 397, 411, 432, 390, 389, 388, 396, 401, 445, 122, 441), 0.31333333333333346, 1.3892307692307693, 27.144856559502212
(18,), (359, 492, 106, 257, 275, 81, 504, 62, 397, 411, 432, 390, 389, 388, 396, 401, 445, 122, 441), 0.0, 1.9778947368421058, 27.498961822660117
(262, 131, 206, 266, 450, 118, 137, 444), (146, 50, 51, 107, 56, 152, 2, 142), 0.795, 0.8687499999999999, 27.954586822660133
(8, 334), (262, 131, 206, 266, 450, 118, 137, 444, 146, 50, 51, 107, 56, 152, 2, 142), 0.125, 2.1193750000000002, 28.230211822660138
(466,), (343, 83, 14, 345, 140), 0.0, 0.132, 28.68654515599346
(472, 431, 461, 433, 469), (234, 459, 417, 64, 475, 325, 96, 100, 39, 451, 92, 463, 42, 7, 268, 427, 150, 104, 377, 465, 495, 35, 171, 21, 17, 20, 489, 224, 298, 386, 413, 89, 176, 409, 19, 481), 0.012000000000000021, 2.4955555555555557, 29.161428624828137
(299, 446, 87, 429, 145, 471, 457), (472, 431, 461, 433, 469, 234, 459, 417, 64, 475, 325, 96, 100, 39, 451, 92, 463, 42, 7, 268, 427, 150, 104, 377, 465, 495, 35, 171, 21, 17, 20, 489, 224, 298, 386, 413, 89, 176, 409, 19, 481), 0.18, 2.9824390243902426, 29.531489600437904
(307,), (387, 422), 0.0, 0.125, 30.01315626710457
(447, 323), (26, 103, 67, 191, 69, 153, 66), 0.0, 0.5571428571428569, 30.496013409961716
(480, 470), (33, 440, 277, 6, 85, 5, 436), 0.0, 0.29714285714285704, 30.97887055281886
(329, 385), (501, 272, 167, 453, 497), 0.020000000000000035, 0.2600000000000001, 31.49315626710457
(289, 213, 316, 304, 222, 291, 358), (278, 24, 162), 0.0942857142857143, 0.046666666666666676, 32.00820388615218
(319, 456), (256, 505, 425, 449, 415, 41, 168, 91, 129), 0.125, 0.5488888888888889, 32.52340590635422
(315,), (474, 479, 366, 246, 355, 128, 384, 76, 220, 182, 263, 208, 217, 506, 314, 98, 356, 324, 209, 113, 180), 0.0, 1.3114285714285714, 33.05015915310745
(230, 173, 365, 420), (435, 189, 264, 235, 290), 0.13, 0.43200000000000005, 33.58371470866301
(219,), (329, 385, 501, 272, 167, 453, 497), 0.0, 0.7942857142857143, 34.18442899437729
(228, 48, 121, 424, 458, 416, 418, 4, 34), (230, 173, 365, 420, 435, 189, 264, 235, 290), 0.12222222222222225, 1.0955555555555556, 34.78942899437731
(341, 211, 305), (228, 48, 121, 424, 458, 416, 418, 4, 34, 230, 173, 365, 420, 435, 189, 264, 235, 290), 0.006666666666666679, 1.8227777777777776, 35.25998454993282
(132,), (299, 446, 87, 429, 145, 471, 457, 472, 431, 461, 433, 469, 234, 459, 417, 64, 475, 325, 96, 100, 39, 451, 92, 463, 42, 7, 268, 427, 150, 104, 377, 465, 495, 35, 171, 21, 17, 20, 489, 224, 298, 386, 413, 89, 176, 409, 19, 481), 0.0, 3.532499999999999, 35.86748454993289
(437,), (132, 299, 446, 87, 429, 145, 471, 457, 472, 431, 461, 433, 469, 234, 459, 417, 64, 475, 325, 96, 100, 39, 451, 92, 463, 42, 7, 268, 427, 150, 104, 377, 465, 495, 35, 171, 21, 17, 20, 489, 224, 298, 386, 413, 89, 176, 409, 19, 481), 0.0, 4.139999999999999, 36.450684549932824
(193,), (177, 468, 364, 320, 430, 236, 229, 382, 37, 179), 0.0, 0.536, 37.06195727720553
(149, 476, 47, 174, 265, 327, 414, 423, 79, 241, 15, 394), (466, 343, 83, 14, 345, 140), 0.16249999999999998, 0.5883333333333332, 37.675568388316655
(393, 508, 197, 326, 276, 239, 443, 392, 317, 406, 285, 346, 116, 301), (149, 476, 47, 174, 265, 327, 414, 423, 79, 241, 15, 394, 466, 343, 83, 14, 345, 140), 1.132142857142857, 1.3644444444444446, 38.018668586729355
(437, 132, 299, 446, 87, 429, 145, 471, 457, 472, 431, 461, 433, 469, 234, 459, 417, 64, 475, 325, 96, 100, 39, 451, 92, 463, 42, 7, 268, 427, 150, 104, 377, 465, 495, 35, 171, 21, 17, 20, 489, 224, 298, 386, 413, 89, 176, 409, 19, 481), (393, 508, 197, 326, 276, 239, 443, 392, 317, 406, 285, 346, 116, 301, 149, 476, 47, 174, 265, 327, 414, 423, 79, 241, 15, 394, 466, 343, 83, 14, 345, 140), 4.723199999999999, 2.8396875, 38.20273230624159
(55, 58), (3, 1, 53, 155, 308, 52, 147, 54, 10, 77, 78, 63, 93, 163, 281, 94, 45, 159, 202, 467, 133, 84, 110, 221, 233, 295, 72, 115, 454), 0.005000000000000009, 2.262068965517242, 38.83437301814369
(49,), (55, 58, 3, 1, 53, 155, 308, 52, 147, 54, 10, 77, 78, 63, 93, 163, 281, 94, 45, 159, 202, 467, 133, 84, 110, 221, 233, 295, 72, 115, 454), 0.0, 2.8987096774193564, 39.444413340724346
(253, 407, 74, 410), (315, 474, 479, 366, 246, 355, 128, 384, 76, 220, 182, 263, 208, 217, 506, 314, 98, 356, 324, 209, 113, 180), 0.2675000000000001, 1.8381818181818186, 40.08219306100405
(231,), (253, 407, 74, 410, 315, 474, 479, 366, 246, 355, 128, 384, 76, 220, 182, 263, 208, 217, 506, 314, 98, 356, 324, 209, 113, 180), 0.0, 2.74346153846154, 40.3816944855055
(218,), (367, 247), 0.0, 0.0, 41.04836115217217
(302,), (428, 455, 269), 0.0, 0.24666666666666667, 41.74919448550551
(437, 132, 299, 446, 87, 429, 145, 471, 457, 472, 431, 461, 433, 469, 234, 459, 417, 64, 475, 325, 96, 100, 39, 451, 92, 463, 42, 7, 268, 427, 150, 104, 377, 465, 495, 35, 171, 21, 17, 20, 489, 224, 298, 386, 413, 89, 176, 409, 19, 481, 393, 508, 197, 326, 276, 239, 443, 392, 317, 406, 285, 346, 116, 301, 149, 476, 47, 174, 265, 327, 414, 423, 79, 241, 15, 394, 466, 343, 83, 14, 345, 140), (302, 428, 455, 269), 7.746951219512188, 0.9475000000000001, 42.41846419622567
(23, 293), (338, 339, 349, 151, 267, 273, 186, 175, 214, 354, 25, 240, 344, 333, 22, 283, 70, 160, 309, 143, 158, 251, 244, 383, 286, 215, 196, 507, 482, 225, 36, 117, 258, 238, 46, 99, 249, 200, 350, 312, 462, 279, 351, 487, 313, 376, 342, 404, 195, 292, 194, 311, 188, 288, 375), 0.07999999999999996, 3.791999999999995, 43.25909577517312
(126,), (49, 55, 58, 3, 1, 53, 155, 308, 52, 147, 54, 10, 77, 78, 63, 93, 163, 281, 94, 45, 159, 202, 467, 133, 84, 110, 221, 233, 295, 72, 115, 454), 0.0, 3.5087500000000005, 44.10004274487021
(207,), (231, 253, 407, 74, 410, 315, 474, 479, 366, 246, 355, 128, 384, 76, 220, 182, 263, 208, 217, 506, 314, 98, 356, 324, 209, 113, 180), 0.0, 3.042962962962964, 45.13707978190731
(498, 335), (23, 293, 338, 339, 349, 151, 267, 273, 186, 175, 214, 354, 25, 240, 344, 333, 22, 283, 70, 160, 309, 143, 158, 251, 244, 383, 286, 215, 196, 507, 482, 225, 36, 117, 258, 238, 46, 99, 249, 200, 350, 312, 462, 279, 351, 487, 313, 376, 342, 404, 195, 292, 194, 311, 188, 288, 375), 0.01999999999999999, 4.712631578947371, 46.1861431182141
(212, 360), (207, 231, 253, 407, 74, 410, 315, 474, 479, 366, 246, 355, 128, 384, 76, 220, 182, 263, 208, 217, 506, 314, 98, 356, 324, 209, 113, 180), 0.0049999999999999645, 4.08, 47.23614311821408
(248,), (259, 156, 503, 125, 134, 419, 141, 485, 493, 412, 499, 442, 135, 254, 340, 227, 31, 270), 0.0, 2.24, 48.314037855056185
(154,), (368,), 0.0, 0.0, 49.439037855056185
(322, 280, 391, 57, 321, 348, 148, 192, 336), (126, 49, 55, 58, 3, 1, 53, 155, 308, 52, 147, 54, 10, 77, 78, 63, 93, 163, 281, 94, 45, 159, 202, 467, 133, 84, 110, 221, 233, 295, 72, 115, 454), 0.64, 4.349696969696971, 50.748388504406854
(437, 132, 299, 446, 87, 429, 145, 471, 457, 472, 431, 461, 433, 469, 234, 459, 417, 64, 475, 325, 96, 100, 39, 451, 92, 463, 42, 7, 268, 427, 150, 104, 377, 465, 495, 35, 171, 21, 17, 20, 489, 224, 298, 386, 413, 89, 176, 409, 19, 481, 393, 508, 197, 326, 276, 239, 443, 392, 317, 406, 285, 346, 116, 301, 149, 476, 47, 174, 265, 327, 414, 423, 79, 241, 15, 394, 466, 343, 83, 14, 345, 140, 302, 428, 455, 269), (322, 280, 391, 57, 321, 348, 148, 192, 336, 126, 49, 55, 58, 3, 1, 53, 155, 308, 52, 147, 54, 10, 77, 78, 63, 93, 163, 281, 94, 45, 159, 202, 467, 133, 84, 110, 221, 233, 295, 72, 115, 454), 9.363720930232557, 6.299047619047613, 51.654369955126725
(374,), (498, 335, 23, 293, 338, 339, 349, 151, 267, 273, 186, 175, 214, 354, 25, 240, 344, 333, 22, 283, 70, 160, 309, 143, 158, 251, 244, 383, 286, 215, 196, 507, 482, 225, 36, 117, 258, 238, 46, 99, 249, 200, 350, 312, 462, 279, 351, 487, 313, 376, 342, 404, 195, 292, 194, 311, 188, 288, 375), 0.0, 5.781694915254241, 53.04250837320587
(464,), (437, 132, 299, 446, 87, 429, 145, 471, 457, 472, 431, 461, 433, 469, 234, 459, 417, 64, 475, 325, 96, 100, 39, 451, 92, 463, 42, 7, 268, 427, 150, 104, 377, 465, 495, 35, 171, 21, 17, 20, 489, 224, 298, 386, 413, 89, 176, 409, 19, 481, 393, 508, 197, 326, 276, 239, 443, 392, 317, 406, 285, 346, 116, 301, 149, 476, 47, 174, 265, 327, 414, 423, 79, 241, 15, 394, 466, 343, 83, 14, 345, 140, 302, 428, 455, 269, 322, 280, 391, 57, 321, 348, 148, 192, 336, 126, 49, 55, 58, 3, 1, 53, 155, 308, 52, 147, 54, 10, 77, 78, 63, 93, 163, 281, 94, 45, 159, 202, 467, 133, 84, 110, 221, 233, 295, 72, 115, 454), 0.0, 16.568749999999994, 54.50879713289576
(490,), (464, 437, 132, 299, 446, 87, 429, 145, 471, 457, 472, 431, 461, 433, 469, 234, 459, 417, 64, 475, 325, 96, 100, 39, 451, 92, 463, 42, 7, 268, 427, 150, 104, 377, 465, 495, 35, 171, 21, 17, 20, 489, 224, 298, 386, 413, 89, 176, 409, 19, 481, 393, 508, 197, 326, 276, 239, 443, 392, 317, 406, 285, 346, 116, 301, 149, 476, 47, 174, 265, 327, 414, 423, 79, 241, 15, 394, 466, 343, 83, 14, 345, 140, 302, 428, 455, 269, 322, 280, 391, 57, 321, 348, 148, 192, 336, 126, 49, 55, 58, 3, 1, 53, 155, 308, 52, 147, 54, 10, 77, 78, 63, 93, 163, 281, 94, 45, 159, 202, 467, 133, 84, 110, 221, 233, 295, 72, 115, 454), 0.0, 18.03503875968993, 55.952527603975106
(232, 373), (374, 498, 335, 23, 293, 338, 339, 349, 151, 267, 273, 186, 175, 214, 354, 25, 240, 344, 333, 22, 283, 70, 160, 309, 143, 158, 251, 244, 383, 286, 215, 196, 507, 482, 225, 36, 117, 258, 238, 46, 99, 249, 200, 350, 312, 462, 279, 351, 487, 313, 376, 342, 404, 195, 292, 194, 311, 188, 288, 375), 0.005000000000000009, 7.169833333333329, 57.45704910935134
(166,), (212, 360, 207, 231, 253, 407, 74, 410, 315, 474, 479, 366, 246, 355, 128, 384, 76, 220, 182, 263, 208, 217, 506, 314, 98, 356, 324, 209, 113, 180), 0.0, 5.1350000000000025, 58.96914588354489
(32,), (319, 456, 256, 505, 425, 449, 415, 41, 168, 91, 129), 0.0, 1.1890909090909088, 60.49672164112064
(395, 484), (18, 359, 492, 106, 257, 275, 81, 504, 62, 397, 411, 432, 390, 389, 388, 396, 401, 445, 122, 441), 0.04499999999999995, 2.3320000000000007, 62.069267095666085
(90,), (248, 259, 156, 503, 125, 134, 419, 141, 485, 493, 412, 499, 442, 135, 254, 340, 227, 31, 270), 0.0, 3.317894736842105, 63.648872358823986
(183,), (252, 108, 127, 111, 185, 245, 478, 297, 486), 0.0, 0.40222222222222204, 65.27565013660178
(494,), (90, 248, 259, 156, 503, 125, 134, 419, 141, 485, 493, 412, 499, 442, 135, 254, 340, 227, 31, 270), 0.0, 4.897500000000002, 67.07624537469704
(165, 372), (494, 90, 248, 259, 156, 503, 125, 134, 419, 141, 485, 493, 412, 499, 442, 135, 254, 340, 227, 31, 270), 0.125, 6.698095238095239, 68.75749796268875
(68, 190, 284, 101, 138, 337), (219, 329, 385, 501, 272, 167, 453, 497), 0.33499999999999996, 1.3949999999999996, 70.55964081983159
(232, 373, 374, 498, 335, 23, 293, 338, 339, 349, 151, 267, 273, 186, 175, 214, 354, 25, 240, 344, 333, 22, 283, 70, 160, 309, 143, 158, 251, 244, 383, 286, 215, 196, 507, 482, 225, 36, 117, 258, 238, 46, 99, 249, 200, 350, 312, 462, 279, 351, 487, 313, 376, 342, 404, 195, 292, 194, 311, 188, 288, 375), (68, 190, 284, 101, 138, 337, 219, 329, 385, 501, 272, 167, 453, 497), 8.67935483870968, 3.5321428571428575, 71.87169575555812
(352, 357), (232, 373, 374, 498, 335, 23, 293, 338, 339, 349, 151, 267, 273, 186, 175, 214, 354, 25, 240, 344, 333, 22, 283, 70, 160, 309, 143, 158, 251, 244, 383, 286, 215, 196, 507, 482, 225, 36, 117, 258, 238, 46, 99, 249, 200, 350, 312, 462, 279, 351, 487, 313, 376, 342, 404, 195, 292, 194, 311, 188, 288, 375, 68, 190, 284, 101, 138, 337, 219, 329, 385, 501, 272, 167, 453, 497), 0.01999999999999999, 13.523552631578951, 73.5964764573126
(109,), (395, 484, 18, 359, 492, 106, 257, 275, 81, 504, 62, 397, 411, 432, 390, 389, 388, 396, 401, 445, 122, 441), 0.0, 3.9495454545454542, 75.45910491581047
(170, 114, 80, 144), (490, 464, 437, 132, 299, 446, 87, 429, 145, 471, 457, 472, 431, 461, 433, 469, 234, 459, 417, 64, 475, 325, 96, 100, 39, 451, 92, 463, 42, 7, 268, 427, 150, 104, 377, 465, 495, 35, 171, 21, 17, 20, 489, 224, 298, 386, 413, 89, 176, 409, 19, 481, 393, 508, 197, 326, 276, 239, 443, 392, 317, 406, 285, 346, 116, 301, 149, 476, 47, 174, 265, 327, 414, 423, 79, 241, 15, 394, 466, 343, 83, 14, 345, 140, 302, 428, 455, 269, 322, 280, 391, 57, 321, 348, 148, 192, 336, 126, 49, 55, 58, 3, 1, 53, 155, 308, 52, 147, 54, 10, 77, 78, 63, 93, 163, 281, 94, 45, 159, 202, 467, 133, 84, 110, 221, 233, 295, 72, 115, 454), 0.1875, 19.47876923076926, 77.48156702832483
(287,), (352, 357, 232, 373, 374, 498, 335, 23, 293, 338, 339, 349, 151, 267, 273, 186, 175, 214, 354, 25, 240, 344, 333, 22, 283, 70, 160, 309, 143, 158, 251, 244, 383, 286, 215, 196, 507, 482, 225, 36, 117, 258, 238, 46, 99, 249, 200, 350, 312, 462, 279, 351, 487, 313, 376, 342, 404, 195, 292, 194, 311, 188, 288, 375, 68, 190, 284, 101, 138, 337, 219, 329, 385, 501, 272, 167, 453, 497), 0.0, 15.268333333333324, 79.65399318866226
(282, 201, 271), (287, 352, 357, 232, 373, 374, 498, 335, 23, 293, 338, 339, 349, 151, 267, 273, 186, 175, 214, 354, 25, 240, 344, 333, 22, 283, 70, 160, 309, 143, 158, 251, 244, 383, 286, 215, 196, 507, 482, 225, 36, 117, 258, 238, 46, 99, 249, 200, 350, 312, 462, 279, 351, 487, 313, 376, 342, 404, 195, 292, 194, 311, 188, 288, 375, 68, 190, 284, 101, 138, 337, 219, 329, 385, 501, 272, 167, 453, 497), 0.2399999999999997, 17.44075949367088, 81.81433125596705
(300,), (109, 395, 484, 18, 359, 492, 106, 257, 275, 81, 504, 62, 397, 411, 432, 390, 389, 388, 396, 401, 445, 122, 441), 0.0, 5.812173913043478, 84.16215734292355
(408,), (161, 318, 488, 361, 378, 243, 13, 260, 130, 369, 261, 255, 43, 124, 59, 184, 60, 205), 0.0, 2.1711111111111117, 86.52051991602298
(399,), (166, 212, 360, 207, 231, 253, 407, 74, 410, 315, 474, 479, 366, 246, 355, 128, 384, 76, 220, 182, 263, 208, 217, 506, 314, 98, 356, 324, 209, 113, 180), 0.0, 6.647096774193547, 89.03061064182933
(223,), (399, 166, 212, 360, 207, 231, 253, 407, 74, 410, 315, 474, 479, 366, 246, 355, 128, 384, 76, 220, 182, 263, 208, 217, 506, 314, 98, 356, 324, 209, 113, 180), 0.0, 9.157187500000001, 91.70069586910205
(82, 157, 303), (480, 470, 33, 440, 277, 6, 85, 5, 436), 0.046666666666666676, 0.7800000000000004, 94.42319586910206
(183, 252, 108, 127, 111, 185, 245, 478, 297, 486), (82, 157, 303, 480, 470, 33, 440, 277, 6, 85, 5, 436), 2.029000000000001, 3.549166666666667, 95.77775647516268
(274, 491, 75, 178), (183, 252, 108, 127, 111, 185, 245, 478, 297, 486, 82, 157, 303, 480, 470, 33, 440, 277, 6, 85, 5, 436), 0.16749999999999998, 6.932727272727273, 97.64714458705072
(242,), (408, 161, 318, 488, 361, 378, 243, 13, 260, 130, 369, 261, 255, 43, 124, 59, 184, 60, 205), 0.0, 4.529473684210528, 100.40967090284018
(139,), (165, 372, 494, 90, 248, 259, 156, 503, 125, 134, 419, 141, 485, 493, 412, 499, 442, 135, 254, 340, 227, 31, 270), 0.0, 8.504347826086958, 103.26490641008658
(136, 473), (139, 165, 372, 494, 90, 248, 259, 156, 503, 125, 134, 419, 141, 485, 493, 412, 499, 442, 135, 254, 340, 227, 31, 270), 0.020000000000000035, 11.35958333333333, 106.16878461521475
(226, 216, 294, 181), (282, 201, 271, 287, 352, 357, 232, 373, 374, 498, 335, 23, 293, 338, 339, 349, 151, 267, 273, 186, 175, 214, 354, 25, 240, 344, 333, 22, 283, 70, 160, 309, 143, 158, 251, 244, 383, 286, 215, 196, 507, 482, 225, 36, 117, 258, 238, 46, 99, 249, 200, 350, 312, 462, 279, 351, 487, 313, 376, 342, 404, 195, 292, 194, 311, 188, 288, 375, 68, 190, 284, 101, 138, 337, 219, 329, 385, 501, 272, 167, 453, 497), 0.53, 19.84109756097559, 109.14198937982052
(120, 402), (341, 211, 305, 228, 48, 121, 424, 458, 416, 418, 4, 34, 230, 173, 365, 420, 435, 189, 264, 235, 290), 0.0, 2.3000000000000007, 112.22807633634226
(32, 319, 456, 256, 505, 425, 449, 415, 41, 168, 91, 129), (170, 114, 80, 144, 490, 464, 437, 132, 299, 446, 87, 429, 145, 471, 457, 472, 431, 461, 433, 469, 234, 459, 417, 64, 475, 325, 96, 100, 39, 451, 92, 463, 42, 7, 268, 427, 150, 104, 377, 465, 495, 35, 171, 21, 17, 20, 489, 224, 298, 386, 413, 89, 176, 409, 19, 481, 393, 508, 197, 326, 276, 239, 443, 392, 317, 406, 285, 346, 116, 301, 149, 476, 47, 174, 265, 327, 414, 423, 79, 241, 15, 394, 466, 343, 83, 14, 345, 140, 302, 428, 455, 269, 322, 280, 391, 57, 321, 348, 148, 192, 336, 126, 49, 55, 58, 3, 1, 53, 155, 308, 52, 147, 54, 10, 77, 78, 63, 93, 163, 281, 94, 45, 159, 202, 467, 133, 84, 110, 221, 233, 295, 72, 115, 454), 2.716666666666667, 21.68873134328361, 115.66603449077567
(8, 334, 262, 131, 206, 266, 450, 118, 137, 444, 146, 50, 51, 107, 56, 152, 2, 142), (300, 109, 395, 484, 18, 359, 492, 106, 257, 275, 81, 504, 62, 397, 411, 432, 390, 389, 388, 396, 401, 445, 122, 441), 2.5200000000000005, 8.159999999999998, 119.36889163363276
(9, 421, 187), (8, 334, 262, 131, 206, 266, 450, 118, 137, 444, 146, 50, 51, 107, 56, 152, 2, 142, 300, 109, 395, 484, 18, 359, 492, 106, 257, 275, 81, 504, 62, 397, 411, 432, 390, 389, 388, 396, 401, 445, 122, 441), 0.13999999999999993, 14.382857142857143, 121.9340344907756
(347, 362), (242, 408, 161, 318, 488, 361, 378, 243, 13, 260, 130, 369, 261, 255, 43, 124, 59, 184, 60, 205), 0.04500000000000001, 7.292000000000004, 125.65203449077566
(105, 330, 452, 237), (28, 86, 439), 0.03000000000000005, 0.16666666666666666, 129.59536782410902
(447, 323, 26, 103, 67, 191, 69, 153, 66), (105, 330, 452, 237, 28, 86, 439), 1.0399999999999991, 4.139999999999999, 131.345367824109
(307, 387, 422), (120, 402, 341, 211, 305, 228, 48, 121, 424, 458, 416, 418, 4, 34, 230, 173, 365, 420, 435, 189, 264, 235, 290), 0.6066666666666662, 5.38608695652174, 135.2972295855361
(193, 177, 468, 364, 320, 430, 236, 229, 382, 37, 179), (226, 216, 294, 181, 282, 201, 271, 287, 352, 357, 232, 373, 374, 498, 335, 23, 293, 338, 339, 349, 151, 267, 273, 186, 175, 214, 354, 25, 240, 344, 333, 22, 283, 70, 160, 309, 143, 158, 251, 244, 383, 286, 215, 196, 507, 482, 225, 36, 117, 258, 238, 46, 99, 249, 200, 350, 312, 462, 279, 351, 487, 313, 376, 342, 404, 195, 292, 194, 311, 188, 288, 375, 68, 190, 284, 101, 138, 337, 219, 329, 385, 501, 272, 167, 453, 497), 1.1472727272727277, 23.344302325581385, 139.4633864914444
(289, 213, 316, 304, 222, 291, 358, 278, 24, 162), (274, 491, 75, 178, 183, 252, 108, 127, 111, 185, 245, 478, 297, 486, 82, 157, 303, 480, 470, 33, 440, 277, 6, 85, 5, 436), 0.656, 8.969615384615388, 143.90082666238484
(193, 177, 468, 364, 320, 430, 236, 229, 382, 37, 179, 226, 216, 294, 181, 282, 201, 271, 287, 352, 357, 232, 373, 374, 498, 335, 23, 293, 338, 339, 349, 151, 267, 273, 186, 175, 214, 354, 25, 240, 344, 333, 22, 283, 70, 160, 309, 143, 158, 251, 244, 383, 286, 215, 196, 507, 482, 225, 36, 117, 258, 238, 46, 99, 249, 200, 350, 312, 462, 279, 351, 487, 313, 376, 342, 404, 195, 292, 194, 311, 188, 288, 375, 68, 190, 284, 101, 138, 337, 219, 329, 385, 501, 272, 167, 453, 497), (289, 213, 316, 304, 222, 291, 358, 278, 24, 162, 274, 491, 75, 178, 183, 252, 108, 127, 111, 185, 245, 478, 297, 486, 82, 157, 303, 480, 470, 33, 440, 277, 6, 85, 5, 436), 28.657731958762874, 14.063055555555554, 144.47522711799132
(123, 119, 204), (32, 319, 456, 256, 505, 425, 449, 415, 41, 168, 91, 129, 170, 114, 80, 144, 490, 464, 437, 132, 299, 446, 87, 429, 145, 471, 457, 472, 431, 461, 433, 469, 234, 459, 417, 64, 475, 325, 96, 100, 39, 451, 92, 463, 42, 7, 268, 427, 150, 104, 377, 465, 495, 35, 171, 21, 17, 20, 489, 224, 298, 386, 413, 89, 176, 409, 19, 481, 393, 508, 197, 326, 276, 239, 443, 392, 317, 406, 285, 346, 116, 301, 149, 476, 47, 174, 265, 327, 414, 423, 79, 241, 15, 394, 466, 343, 83, 14, 345, 140, 302, 428, 455, 269, 322, 280, 391, 57, 321, 348, 148, 192, 336, 126, 49, 55, 58, 3, 1, 53, 155, 308, 52, 147, 54, 10, 77, 78, 63, 93, 163, 281, 94, 45, 159, 202, 467, 133, 84, 110, 221, 233, 295, 72, 115, 454), 0.05999999999999993, 27.84335616438358, 148.91858236300445
(95,), (223, 399, 166, 212, 360, 207, 231, 253, 407, 74, 410, 315, 474, 479, 366, 246, 355, 128, 384, 76, 220, 182, 263, 208, 217, 506, 314, 98, 356, 324, 209, 113, 180), 0.0, 11.827272727272723, 153.57748610631972
(353, 381), (193, 177, 468, 364, 320, 430, 236, 229, 382, 37, 179, 226, 216, 294, 181, 282, 201, 271, 287, 352, 357, 232, 373, 374, 498, 335, 23, 293, 338, 339, 349, 151, 267, 273, 186, 175, 214, 354, 25, 240, 344, 333, 22, 283, 70, 160, 309, 143, 158, 251, 244, 383, 286, 215, 196, 507, 482, 225, 36, 117, 258, 238, 46, 99, 249, 200, 350, 312, 462, 279, 351, 487, 313, 376, 342, 404, 195, 292, 194, 311, 188, 288, 375, 68, 190, 284, 101, 138, 337, 219, 329, 385, 501, 272, 167, 453, 497, 289, 213, 316, 304, 222, 291, 358, 278, 24, 162, 274, 491, 75, 178, 183, 252, 108, 127, 111, 185, 245, 478, 297, 486, 82, 157, 303, 480, 470, 33, 440, 277, 6, 85, 5, 436), 0.04499999999999995, 43.2951879699248, 158.98100184009803
(27,), (447, 323, 26, 103, 67, 191, 69, 153, 66, 105, 330, 452, 237, 28, 86, 439), 0.0, 6.93, 164.51570772245094
(331, 426), (123, 119, 204, 32, 319, 456, 256, 505, 425, 449, 415, 41, 168, 91, 129, 170, 114, 80, 144, 490, 464, 437, 132, 299, 446, 87, 429, 145, 471, 457, 472, 431, 461, 433, 469, 234, 459, 417, 64, 475, 325, 96, 100, 39, 451, 92, 463, 42, 7, 268, 427, 150, 104, 377, 465, 495, 35, 171, 21, 17, 20, 489, 224, 298, 386, 413, 89, 176, 409, 19, 481, 393, 508, 197, 326, 276, 239, 443, 392, 317, 406, 285, 346, 116, 301, 149, 476, 47, 174, 265, 327, 414, 423, 79, 241, 15, 394, 466, 343, 83, 14, 345, 140, 302, 428, 455, 269, 322, 280, 391, 57, 321, 348, 148, 192, 336, 126, 49, 55, 58, 3, 1, 53, 155, 308, 52, 147, 54, 10, 77, 78, 63, 93, 163, 281, 94, 45, 159, 202, 467, 133, 84, 110, 221, 233, 295, 72, 115, 454), 0.020000000000000035, 32.346711409395986, 170.25071816736008
(477,), (347, 362, 242, 408, 161, 318, 488, 361, 378, 243, 13, 260, 130, 369, 261, 255, 43, 124, 59, 184, 60, 205), 0.0, 11.055000000000001, 176.47050077605581
(353, 381, 193, 177, 468, 364, 320, 430, 236, 229, 382, 37, 179, 226, 216, 294, 181, 282, 201, 271, 287, 352, 357, 232, 373, 374, 498, 335, 23, 293, 338, 339, 349, 151, 267, 273, 186, 175, 214, 354, 25, 240, 344, 333, 22, 283, 70, 160, 309, 143, 158, 251, 244, 383, 286, 215, 196, 507, 482, 225, 36, 117, 258, 238, 46, 99, 249, 200, 350, 312, 462, 279, 351, 487, 313, 376, 342, 404, 195, 292, 194, 311, 188, 288, 375, 68, 190, 284, 101, 138, 337, 219, 329, 385, 501, 272, 167, 453, 497, 289, 213, 316, 304, 222, 291, 358, 278, 24, 162, 274, 491, 75, 178, 183, 252, 108, 127, 111, 185, 245, 478, 297, 486, 82, 157, 303, 480, 470, 33, 440, 277, 6, 85, 5, 436), (331, 426, 123, 119, 204, 32, 319, 456, 256, 505, 425, 449, 415, 41, 168, 91, 129, 170, 114, 80, 144, 490, 464, 437, 132, 299, 446, 87, 429, 145, 471, 457, 472, 431, 461, 433, 469, 234, 459, 417, 64, 475, 325, 96, 100, 39, 451, 92, 463, 42, 7, 268, 427, 150, 104, 377, 465, 495, 35, 171, 21, 17, 20, 489, 224, 298, 386, 413, 89, 176, 409, 19, 481, 393, 508, 197, 326, 276, 239, 443, 392, 317, 406, 285, 346, 116, 301, 149, 476, 47, 174, 265, 327, 414, 423, 79, 241, 15, 394, 466, 343, 83, 14, 345, 140, 302, 428, 455, 269, 322, 280, 391, 57, 321, 348, 148, 192, 336, 126, 49, 55, 58, 3, 1, 53, 155, 308, 52, 147, 54, 10, 77, 78, 63, 93, 163, 281, 94, 45, 159, 202, 467, 133, 84, 110, 221, 233, 295, 72, 115, 454), 48.743703703703694, 38.10172185430472, 182.91266263063514
(38, 164), (353, 381, 193, 177, 468, 364, 320, 430, 236, 229, 382, 37, 179, 226, 216, 294, 181, 282, 201, 271, 287, 352, 357, 232, 373, 374, 498, 335, 23, 293, 338, 339, 349, 151, 267, 273, 186, 175, 214, 354, 25, 240, 344, 333, 22, 283, 70, 160, 309, 143, 158, 251, 244, 383, 286, 215, 196, 507, 482, 225, 36, 117, 258, 238, 46, 99, 249, 200, 350, 312, 462, 279, 351, 487, 313, 376, 342, 404, 195, 292, 194, 311, 188, 288, 375, 68, 190, 284, 101, 138, 337, 219, 329, 385, 501, 272, 167, 453, 497, 289, 213, 316, 304, 222, 291, 358, 278, 24, 162, 274, 491, 75, 178, 183, 252, 108, 127, 111, 185, 245, 478, 297, 486, 82, 157, 303, 480, 470, 33, 440, 277, 6, 85, 5, 436, 331, 426, 123, 119, 204, 32, 319, 456, 256, 505, 425, 449, 415, 41, 168, 91, 129, 170, 114, 80, 144, 490, 464, 437, 132, 299, 446, 87, 429, 145, 471, 457, 472, 431, 461, 433, 469, 234, 459, 417, 64, 475, 325, 96, 100, 39, 451, 92, 463, 42, 7, 268, 427, 150, 104, 377, 465, 495, 35, 171, 21, 17, 20, 489, 224, 298, 386, 413, 89, 176, 409, 19, 481, 393, 508, 197, 326, 276, 239, 443, 392, 317, 406, 285, 346, 116, 301, 149, 476, 47, 174, 265, 327, 414, 423, 79, 241, 15, 394, 466, 343, 83, 14, 345, 140, 302, 428, 455, 269, 322, 280, 391, 57, 321, 348, 148, 192, 336, 126, 49, 55, 58, 3, 1, 53, 155, 308, 52, 147, 54, 10, 77, 78, 63, 93, 163, 281, 94, 45, 159, 202, 467, 133, 84, 110, 221, 233, 295, 72, 115, 454), 0.24500000000000013, 93.28758741258747, 189.277852995824
(218, 367, 247), (38, 164, 353, 381, 193, 177, 468, 364, 320, 430, 236, 229, 382, 37, 179, 226, 216, 294, 181, 282, 201, 271, 287, 352, 357, 232, 373, 374, 498, 335, 23, 293, 338, 339, 349, 151, 267, 273, 186, 175, 214, 354, 25, 240, 344, 333, 22, 283, 70, 160, 309, 143, 158, 251, 244, 383, 286, 215, 196, 507, 482, 225, 36, 117, 258, 238, 46, 99, 249, 200, 350, 312, 462, 279, 351, 487, 313, 376, 342, 404, 195, 292, 194, 311, 188, 288, 375, 68, 190, 284, 101, 138, 337, 219, 329, 385, 501, 272, 167, 453, 497, 289, 213, 316, 304, 222, 291, 358, 278, 24, 162, 274, 491, 75, 178, 183, 252, 108, 127, 111, 185, 245, 478, 297, 486, 82, 157, 303, 480, 470, 33, 440, 277, 6, 85, 5, 436, 331, 426, 123, 119, 204, 32, 319, 456, 256, 505, 425, 449, 415, 41, 168, 91, 129, 170, 114, 80, 144, 490, 464, 437, 132, 299, 446, 87, 429, 145, 471, 457, 472, 431, 461, 433, 469, 234, 459, 417, 64, 475, 325, 96, 100, 39, 451, 92, 463, 42, 7, 268, 427, 150, 104, 377, 465, 495, 35, 171, 21, 17, 20, 489, 224, 298, 386, 413, 89, 176, 409, 19, 481, 393, 508, 197, 326, 276, 239, 443, 392, 317, 406, 285, 346, 116, 301, 149, 476, 47, 174, 265, 327, 414, 423, 79, 241, 15, 394, 466, 343, 83, 14, 345, 140, 302, 428, 455, 269, 322, 280, 391, 57, 321, 348, 148, 192, 336, 126, 49, 55, 58, 3, 1, 53, 155, 308, 52, 147, 54, 10, 77, 78, 63, 93, 163, 281, 94, 45, 159, 202, 467, 133, 84, 110, 221, 233, 295, 72, 115, 454), 0.6666666666666667, 99.89777777777778, 197.47038449639706
(154, 368), (218, 367, 247, 38, 164, 353, 381, 193, 177, 468, 364, 320, 430, 236, 229, 382, 37, 179, 226, 216, 294, 181, 282, 201, 271, 287, 352, 357, 232, 373, 374, 498, 335, 23, 293, 338, 339, 349, 151, 267, 273, 186, 175, 214, 354, 25, 240, 344, 333, 22, 283, 70, 160, 309, 143, 158, 251, 244, 383, 286, 215, 196, 507, 482, 225, 36, 117, 258, 238, 46, 99, 249, 200, 350, 312, 462, 279, 351, 487, 313, 376, 342, 404, 195, 292, 194, 311, 188, 288, 375, 68, 190, 284, 101, 138, 337, 219, 329, 385, 501, 272, 167, 453, 497, 289, 213, 316, 304, 222, 291, 358, 278, 24, 162, 274, 491, 75, 178, 183, 252, 108, 127, 111, 185, 245, 478, 297, 486, 82, 157, 303, 480, 470, 33, 440, 277, 6, 85, 5, 436, 331, 426, 123, 119, 204, 32, 319, 456, 256, 505, 425, 449, 415, 41, 168, 91, 129, 170, 114, 80, 144, 490, 464, 437, 132, 299, 446, 87, 429, 145, 471, 457, 472, 431, 461, 433, 469, 234, 459, 417, 64, 475, 325, 96, 100, 39, 451, 92, 463, 42, 7, 268, 427, 150, 104, 377, 465, 495, 35, 171, 21, 17, 20, 489, 224, 298, 386, 413, 89, 176, 409, 19, 481, 393, 508, 197, 326, 276, 239, 443, 392, 317, 406, 285, 346, 116, 301, 149, 476, 47, 174, 265, 327, 414, 423, 79, 241, 15, 394, 466, 343, 83, 14, 345, 140, 302, 428, 455, 269, 322, 280, 391, 57, 321, 348, 148, 192, 336, 126, 49, 55, 58, 3, 1, 53, 155, 308, 52, 147, 54, 10, 77, 78, 63, 93, 163, 281, 94, 45, 159, 202, 467, 133, 84, 110, 221, 233, 295, 72, 115, 454), 1.125, 108.75697594501744, 206.74349387561213
(477, 347, 362, 242, 408, 161, 318, 488, 361, 378, 243, 13, 260, 130, 369, 261, 255, 43, 124, 59, 184, 60, 205), (154, 368, 218, 367, 247, 38, 164, 353, 381, 193, 177, 468, 364, 320, 430, 236, 229, 382, 37, 179, 226, 216, 294, 181, 282, 201, 271, 287, 352, 357, 232, 373, 374, 498, 335, 23, 293, 338, 339, 349, 151, 267, 273, 186, 175, 214, 354, 25, 240, 344, 333, 22, 283, 70, 160, 309, 143, 158, 251, 244, 383, 286, 215, 196, 507, 482, 225, 36, 117, 258, 238, 46, 99, 249, 200, 350, 312, 462, 279, 351, 487, 313, 376, 342, 404, 195, 292, 194, 311, 188, 288, 375, 68, 190, 284, 101, 138, 337, 219, 329, 385, 501, 272, 167, 453, 497, 289, 213, 316, 304, 222, 291, 358, 278, 24, 162, 274, 491, 75, 178, 183, 252, 108, 127, 111, 185, 245, 478, 297, 486, 82, 157, 303, 480, 470, 33, 440, 277, 6, 85, 5, 436, 331, 426, 123, 119, 204, 32, 319, 456, 256, 505, 425, 449, 415, 41, 168, 91, 129, 170, 114, 80, 144, 490, 464, 437, 132, 299, 446, 87, 429, 145, 471, 457, 472, 431, 461, 433, 469, 234, 459, 417, 64, 475, 325, 96, 100, 39, 451, 92, 463, 42, 7, 268, 427, 150, 104, 377, 465, 495, 35, 171, 21, 17, 20, 489, 224, 298, 386, 413, 89, 176, 409, 19, 481, 393, 508, 197, 326, 276, 239, 443, 392, 317, 406, 285, 346, 116, 301, 149, 476, 47, 174, 265, 327, 414, 423, 79, 241, 15, 394, 466, 343, 83, 14, 345, 140, 302, 428, 455, 269, 322, 280, 391, 57, 321, 348, 148, 192, 336, 126, 49, 55, 58, 3, 1, 53, 155, 308, 52, 147, 54, 10, 77, 78, 63, 93, 163, 281, 94, 45, 159, 202, 467, 133, 84, 110, 221, 233, 295, 72, 115, 454), 17.274782608695652, 119.15508532423233, 215.94248670217917
(438, 500, 434), (136, 473, 139, 165, 372, 494, 90, 248, 259, 156, 503, 125, 134, 419, 141, 485, 493, 412, 499, 442, 135, 254, 340, 227, 31, 270), 0.046666666666666676, 14.283461538461538, 227.53028953153358
(27, 447, 323, 26, 103, 67, 191, 69, 153, 66, 105, 330, 452, 237, 28, 86, 439), (477, 347, 362, 242, 408, 161, 318, 488, 361, 378, 243, 13, 260, 130, 369, 261, 255, 43, 124, 59, 184, 60, 205, 154, 368, 218, 367, 247, 38, 164, 353, 381, 193, 177, 468, 364, 320, 430, 236, 229, 382, 37, 179, 226, 216, 294, 181, 282, 201, 271, 287, 352, 357, 232, 373, 374, 498, 335, 23, 293, 338, 339, 349, 151, 267, 273, 186, 175, 214, 354, 25, 240, 344, 333, 22, 283, 70, 160, 309, 143, 158, 251, 244, 383, 286, 215, 196, 507, 482, 225, 36, 117, 258, 238, 46, 99, 249, 200, 350, 312, 462, 279, 351, 487, 313, 376, 342, 404, 195, 292, 194, 311, 188, 288, 375, 68, 190, 284, 101, 138, 337, 219, 329, 385, 501, 272, 167, 453, 497, 289, 213, 316, 304, 222, 291, 358, 278, 24, 162, 274, 491, 75, 178, 183, 252, 108, 127, 111, 185, 245, 478, 297, 486, 82, 157, 303, 480, 470, 33, 440, 277, 6, 85, 5, 436, 331, 426, 123, 119, 204, 32, 319, 456, 256, 505, 425, 449, 415, 41, 168, 91, 129, 170, 114, 80, 144, 490, 464, 437, 132, 299, 446, 87, 429, 145, 471, 457, 472, 431, 461, 433, 469, 234, 459, 417, 64, 475, 325, 96, 100, 39, 451, 92, 463, 42, 7, 268, 427, 150, 104, 377, 465, 495, 35, 171, 21, 17, 20, 489, 224, 298, 386, 413, 89, 176, 409, 19, 481, 393, 508, 197, 326, 276, 239, 443, 392, 317, 406, 285, 346, 116, 301, 149, 476, 47, 174, 265, 327, 414, 423, 79, 241, 15, 394, 466, 343, 83, 14, 345, 140, 302, 428, 455, 269, 322, 280, 391, 57, 321, 348, 148, 192, 336, 126, 49, 55, 58, 3, 1, 53, 155, 308, 52, 147, 54, 10, 77, 78, 63, 93, 163, 281, 94, 45, 159, 202, 467, 133, 84, 110, 221, 233, 295, 72, 115, 454), 12.464705882352943, 145.62886075949385, 256.08591207887554
(438, 500, 434, 136, 473, 139, 165, 372, 494, 90, 248, 259, 156, 503, 125, 134, 419, 141, 485, 493, 412, 499, 442, 135, 254, 340, 227, 31, 270), (27, 447, 323, 26, 103, 67, 191, 69, 153, 66, 105, 330, 452, 237, 28, 86, 439, 477, 347, 362, 242, 408, 161, 318, 488, 361, 378, 243, 13, 260, 130, 369, 261, 255, 43, 124, 59, 184, 60, 205, 154, 368, 218, 367, 247, 38, 164, 353, 381, 193, 177, 468, 364, 320, 430, 236, 229, 382, 37, 179, 226, 216, 294, 181, 282, 201, 271, 287, 352, 357, 232, 373, 374, 498, 335, 23, 293, 338, 339, 349, 151, 267, 273, 186, 175, 214, 354, 25, 240, 344, 333, 22, 283, 70, 160, 309, 143, 158, 251, 244, 383, 286, 215, 196, 507, 482, 225, 36, 117, 258, 238, 46, 99, 249, 200, 350, 312, 462, 279, 351, 487, 313, 376, 342, 404, 195, 292, 194, 311, 188, 288, 375, 68, 190, 284, 101, 138, 337, 219, 329, 385, 501, 272, 167, 453, 497, 289, 213, 316, 304, 222, 291, 358, 278, 24, 162, 274, 491, 75, 178, 183, 252, 108, 127, 111, 185, 245, 478, 297, 486, 82, 157, 303, 480, 470, 33, 440, 277, 6, 85, 5, 436, 331, 426, 123, 119, 204, 32, 319, 456, 256, 505, 425, 449, 415, 41, 168, 91, 129, 170, 114, 80, 144, 490, 464, 437, 132, 299, 446, 87, 429, 145, 471, 457, 472, 431, 461, 433, 469, 234, 459, 417, 64, 475, 325, 96, 100, 39, 451, 92, 463, 42, 7, 268, 427, 150, 104, 377, 465, 495, 35, 171, 21, 17, 20, 489, 224, 298, 386, 413, 89, 176, 409, 19, 481, 393, 508, 197, 326, 276, 239, 443, 392, 317, 406, 285, 346, 116, 301, 149, 476, 47, 174, 265, 327, 414, 423, 79, 241, 15, 394, 466, 343, 83, 14, 345, 140, 302, 428, 455, 269, 322, 280, 391, 57, 321, 348, 148, 192, 336, 126, 49, 55, 58, 3, 1, 53, 155, 308, 52, 147, 54, 10, 77, 78, 63, 93, 163, 281, 94, 45, 159, 202, 467, 133, 84, 110, 221, 233, 295, 72, 115, 454), 25.917931034482756, 186.64918918918937, 283.1786813579662
(9, 421, 187, 8, 334, 262, 131, 206, 266, 450, 118, 137, 444, 146, 50, 51, 107, 56, 152, 2, 142, 300, 109, 395, 484, 18, 359, 492, 106, 257, 275, 81, 504, 62, 397, 411, 432, 390, 389, 388, 396, 401, 445, 122, 441), (438, 500, 434, 136, 473, 139, 165, 372, 494, 90, 248, 259, 156, 503, 125, 134, 419, 141, 485, 493, 412, 499, 442, 135, 254, 340, 227, 31, 270, 27, 447, 323, 26, 103, 67, 191, 69, 153, 66, 105, 330, 452, 237, 28, 86, 439, 477, 347, 362, 242, 408, 161, 318, 488, 361, 378, 243, 13, 260, 130, 369, 261, 255, 43, 124, 59, 184, 60, 205, 154, 368, 218, 367, 247, 38, 164, 353, 381, 193, 177, 468, 364, 320, 430, 236, 229, 382, 37, 179, 226, 216, 294, 181, 282, 201, 271, 287, 352, 357, 232, 373, 374, 498, 335, 23, 293, 338, 339, 349, 151, 267, 273, 186, 175, 214, 354, 25, 240, 344, 333, 22, 283, 70, 160, 309, 143, 158, 251, 244, 383, 286, 215, 196, 507, 482, 225, 36, 117, 258, 238, 46, 99, 249, 200, 350, 312, 462, 279, 351, 487, 313, 376, 342, 404, 195, 292, 194, 311, 188, 288, 375, 68, 190, 284, 101, 138, 337, 219, 329, 385, 501, 272, 167, 453, 497, 289, 213, 316, 304, 222, 291, 358, 278, 24, 162, 274, 491, 75, 178, 183, 252, 108, 127, 111, 185, 245, 478, 297, 486, 82, 157, 303, 480, 470, 33, 440, 277, 6, 85, 5, 436, 331, 426, 123, 119, 204, 32, 319, 456, 256, 505, 425, 449, 415, 41, 168, 91, 129, 170, 114, 80, 144, 490, 464, 437, 132, 299, 446, 87, 429, 145, 471, 457, 472, 431, 461, 433, 469, 234, 459, 417, 64, 475, 325, 96, 100, 39, 451, 92, 463, 42, 7, 268, 427, 150, 104, 377, 465, 495, 35, 171, 21, 17, 20, 489, 224, 298, 386, 413, 89, 176, 409, 19, 481, 393, 508, 197, 326, 276, 239, 443, 392, 317, 406, 285, 346, 116, 301, 149, 476, 47, 174, 265, 327, 414, 423, 79, 241, 15, 394, 466, 343, 83, 14, 345, 140, 302, 428, 455, 269, 322, 280, 391, 57, 321, 348, 148, 192, 336, 126, 49, 55, 58, 3, 1, 53, 155, 308, 52, 147, 54, 10, 77, 78, 63, 93, 163, 281, 94, 45, 159, 202, 467, 133, 84, 110, 221, 233, 295, 72, 115, 454), 17.088000000000005, 239.6598895027622, 315.080570724983
(95, 223, 399, 166, 212, 360, 207, 231, 253, 407, 74, 410, 315, 474, 479, 366, 246, 355, 128, 384, 76, 220, 182, 263, 208, 217, 506, 314, 98, 356, 324, 209, 113, 180), (9, 421, 187, 8, 334, 262, 131, 206, 266, 450, 118, 137, 444, 146, 50, 51, 107, 56, 152, 2, 142, 300, 109, 395, 484, 18, 359, 492, 106, 257, 275, 81, 504, 62, 397, 411, 432, 390, 389, 388, 396, 401, 445, 122, 441, 438, 500, 434, 136, 473, 139, 165, 372, 494, 90, 248, 259, 156, 503, 125, 134, 419, 141, 485, 493, 412, 499, 442, 135, 254, 340, 227, 31, 270, 27, 447, 323, 26, 103, 67, 191, 69, 153, 66, 105, 330, 452, 237, 28, 86, 439, 477, 347, 362, 242, 408, 161, 318, 488, 361, 378, 243, 13, 260, 130, 369, 261, 255, 43, 124, 59, 184, 60, 205, 154, 368, 218, 367, 247, 38, 164, 353, 381, 193, 177, 468, 364, 320, 430, 236, 229, 382, 37, 179, 226, 216, 294, 181, 282, 201, 271, 287, 352, 357, 232, 373, 374, 498, 335, 23, 293, 338, 339, 349, 151, 267, 273, 186, 175, 214, 354, 25, 240, 344, 333, 22, 283, 70, 160, 309, 143, 158, 251, 244, 383, 286, 215, 196, 507, 482, 225, 36, 117, 258, 238, 46, 99, 249, 200, 350, 312, 462, 279, 351, 487, 313, 376, 342, 404, 195, 292, 194, 311, 188, 288, 375, 68, 190, 284, 101, 138, 337, 219, 329, 385, 501, 272, 167, 453, 497, 289, 213, 316, 304, 222, 291, 358, 278, 24, 162, 274, 491, 75, 178, 183, 252, 108, 127, 111, 185, 245, 478, 297, 486, 82, 157, 303, 480, 470, 33, 440, 277, 6, 85, 5, 436, 331, 426, 123, 119, 204, 32, 319, 456, 256, 505, 425, 449, 415, 41, 168, 91, 129, 170, 114, 80, 144, 490, 464, 437, 132, 299, 446, 87, 429, 145, 471, 457, 472, 431, 461, 433, 469, 234, 459, 417, 64, 475, 325, 96, 100, 39, 451, 92, 463, 42, 7, 268, 427, 150, 104, 377, 465, 495, 35, 171, 21, 17, 20, 489, 224, 298, 386, 413, 89, 176, 409, 19, 481, 393, 508, 197, 326, 276, 239, 443, 392, 317, 406, 285, 346, 116, 301, 149, 476, 47, 174, 265, 327, 414, 423, 79, 241, 15, 394, 466, 343, 83, 14, 345, 140, 302, 428, 455, 269, 322, 280, 391, 57, 321, 348, 148, 192, 336, 126, 49, 55, 58, 3, 1, 53, 155, 308, 52, 147, 54, 10, 77, 78, 63, 93, 163, 281, 94, 45, 159, 202, 467, 133, 84, 110, 221, 233, 295, 72, 115, 454), 16.486176470588244, 288.64977886977925, 342.05726844583995
