r_u, r_v, r_u SSD, r_v SSD, sum of within-region SSD
(4,), (34,), 0.0, 0.0, 0.0
(13,), (130,), 0.0, 0.0, 0.0
(37,), (218,), 0.0, 0.0, 0.0
(295,), (126,), 0.0, 0.0, 0.0
(506,), (264,), 0.0, 0.0, 0.0
(120,), (402,), 0.0, 0.0, 0.0
(67,), (69,), 0.0, 0.0, 0.0
(236,), (37, 218), 0.0, 0.0, 0.0
(311,), (188,), 0.0, 0.0, 0.0
(408,), (243,), 0.0, 0.0, 0.0
(417,), (489,), 0.0, 0.0, 0.0
(341,), (387,), 0.0, 0.0, 0.0
(101,), (330,), 0.0, 0.0, 0.0
(43,), (285,), 0.0, 0.0, 0.0
(288,), (382,), 0.0, 0.0, 0.0
(200,), (238,), 0.0, 0.0, 0.0
(181,), (216,), 0.0, 0.0, 0.0
(5,), (436,), 0.0, 0.0, 0.0
(26,), (103,), 0.0, 0.0, 0.0
(327,), (176,), 0.0, 0.0, 0.0
(418,), (458,), 0.0, 0.0, 0.0
(374,), (337,), 0.0, 0.0, 0.0
(128,), (272,), 0.0, 0.0, 0.0
(271,), (352,), 0.0, 0.0, 0.0
(31,), (325,), 0.0, 0.0, 0.0
(359,), (492,), 0.0, 0.0, 0.0
(365,), (173,), 0.0, 0.0, 0.0
(273,), (251,), 0.0, 0.0, 0.0
(386,), (295, 126), 0.0, 0.0, 0.0
(42,), (156,), 0.0, 0.0, 0.0
(346,), (488,), 0.0, 0.0, 0.0
(443,), (317,), 0.0, 0.0, 0.0
(121,), (189,), 0.0, 0.0, 0.0
(229,), (236, 37, 218), 0.0, 0.0, 0.0
(286,), (229, 236, 37, 218), 0.0, 0.0, 0.0
(424,), (121, 189), 0.0, 0.0, 0.0
(301,), (161,), 0.0, 0.0, 0.0
(116,), (241,), 0.0, 0.0, 0.0
(178,), (297,), 0.0, 0.0, 0.0
(63,), (281,), 0.0, 0.0, 0.0
(21,), (441,), 0.0, 0.0, 0.0
(481,), (21, 441), 0.0, 0.0, 0.0
(454,), (359, 492), 0.0, 0.0, 0.0
(196,), (244,), 0.0, 0.0, 0.0
(212,), (324,), 0.0, 0.0, 0.0
(90,), (254,), 0.0, 0.0, 0.0
(490,), (39,), 0.0, 0.0, 0.0
(144,), (170,), 0.0, 0.0, 0.0
(113,), (435,), 0.0, 0.0, 0.0
(15,), (205,), 0.0, 0.0, 0.0
(227,), (469,), 0.0, 0.0, 0.0
(349,), (286, 229, 236, 37, 218), 0.0, 0.0, 0.0
(143,), (309,), 0.0, 0.0, 0.0
(384,), (365, 173), 0.0, 0.0, 0.0
(312,), (350,), 0.0, 0.0, 0.0
(149,), (221,), 0.0, 0.0, 0.0
(91,), (414,), 0.0, 0.0, 0.0
(104,), (445,), 0.0, 0.0, 0.0
(428,), (429,), 0.0, 0.0, 0.0
(409,), (481, 21, 441), 0.0, 0.0, 0.0
(507,), (316,), 0.0, 0.0, 0.0
(50,), (51,), 0.0, 0.0, 0.0
(333,), (284,), 0.0, 0.0, 0.0
(228,), (424, 121, 189), 0.0, 0.0, 0.0
(128, 272), (384, 365, 173), 0.0, 0.0, 0.0
(225,), (36,), 0.0, 0.0, 0.0
(92,), (134,), 0.0, 0.0, 0.0
(239,), (443, 317), 0.0, 0.0, 0.0
(389,), (257,), 0.0, 0.0, 0.0
(164,), (425,), 0.0, 0.0, 0.0
(152,), (148,), 0.0, 0.0, 0.0
(336,), (426,), 0.0, 0.0, 0.0
(78,), (206,), 0.0, 0.0, 0.0
(23,), (153,), 0.0, 0.0, 0.0
(455,), (137,), 0.0, 0.0, 0.0
(83,), (466,), 0.0, 0.0, 0.0
(8,), (334,), 0.0, 0.0, 0.0
(393,), (239, 443, 317), 0.0, 0.0, 0.0
(415,), (91, 414), 0.0, 0.0, 0.0
(300,), (455, 137), 0.0, 0.0, 0.0
(7,), (465,), 0.0, 0.0, 0.0
(211,), (4, 34), 0.0, 0.0, 5.9164567891575885e-31
(341, 387), (211, 4, 34), 0.0, 5.9164567891575885e-31, 0.0
(160,), (101, 330), 0.0, 0.0, 5.9164567891575885e-31
(60,), (59,), 0.0, 0.0, 0.0049999999999999645
(394,), (339,), 0.0, 0.0, 0.009999999999999929
(381,), (394, 339), 0.0, 0.0049999999999999645, 0.011666666666666582
(22,), (24,), 0.0, 0.0, 0.016666666666666545
(411,), (432,), 0.0, 0.0, 0.021666666666666508
(99,), (498,), 0.0, 0.0, 0.02666666666666647
(487,), (99, 498), 0.0, 0.0049999999999999645, 0.02833333333333313
(335,), (487, 99, 498), 0.0, 0.006666666666666619, 0.029166666666666455
(395,), (388,), 0.0, 0.0, 0.03416666666666642
(396,), (395, 388), 0.0, 0.0049999999999999645, 0.03583333333333307
(392,), (406,), 0.0, 0.0, 0.040833333333333034
(208,), (182,), 0.0, 0.0, 0.045833333333333
(222,), (186,), 0.0, 0.0, 0.05083333333333296
(162,), (222, 186), 0.0, 0.0049999999999999645, 0.052499999999999616
(313,), (462,), 0.0, 0.0, 0.05749999999999958
(247,), (313, 462), 0.0, 0.0049999999999999645, 0.05916666666666624
(354,), (247, 313, 462), 0.0, 0.006666666666666619, 0.06249999999999954
(507, 316), (354, 247, 313, 462), 0.0, 0.009999999999999929, 0.06583333333333286
(201,), (357,), 0.0, 0.0, 0.07083333333333283
(157,), (111,), 0.0, 0.0, 0.07583333333333281
(5, 436), (157, 111), 0.0, 0.0049999999999999645, 0.07833333333333278
(33,), (5, 436, 157, 111), 0.0, 0.007499999999999947, 0.08283333333333275
(117,), (175,), 0.0, 0.0, 0.08783333333333272
(340,), (499,), 0.0, 0.0, 0.0928333333333327
(115,), (233,), 0.0, 0.0, 0.09783333333333268
(27,), (28,), 0.0, 0.0, 0.10283333333333265
(125,), (129,), 0.0, 0.0, 0.10783333333333263
(42, 156), (125, 129), 0.0, 0.0049999999999999645, 0.11033333333333259
(503,), (42, 156, 125, 129), 0.0, 0.007499999999999946, 0.11483333333333255
(500,), (442,), 0.0, 0.0, 0.11983333333333253
(434,), (500, 442), 0.0, 0.0049999999999999645, 0.12149999999999918
(484,), (401,), 0.0, 0.0, 0.12649999999999914
(47,), (174,), 0.0, 0.0, 0.1314999999999991
(439,), (452,), 0.0, 0.0, 0.13649999999999904
(52,), (55,), 0.0, 0.0, 0.141499999999999
(155,), (54,), 0.0, 0.0, 0.14649999999999894
(96,), (270,), 0.0, 0.0, 0.15149999999999889
(423,), (319,), 0.0, 0.0, 0.15649999999999883
(362,), (255,), 0.0, 0.0, 0.16149999999999878
(292,), (311, 188), 0.0, 0.0, 0.16816666666666538
(326,), (43, 285), 0.0, 0.0, 0.17483333333333198
(93,), (78, 206), 0.0, 0.0, 0.18149999999999858
(383,), (196, 244), 0.0, 0.0, 0.18816666666666518
(191,), (26, 103), 0.0, 0.0, 0.19483333333333178
(133,), (149, 221), 0.0, 0.0, 0.20149999999999837
(463,), (7, 465), 0.0, 0.0, 0.20816666666666497
(410,), (178, 297), 0.0, 0.0, 0.21483333333333157
(14,), (15, 205), 0.0, 0.0, 0.22149999999999817
(449,), (415, 91, 414), 0.0, 0.0, 0.22899999999999815
(79,), (449, 415, 91, 414), 0.0, 0.007499999999999948, 0.23349999999999807
(138,), (160, 101, 330), 0.0, 5.9164567891575885e-31, 0.24099999999999805
(409, 481, 21, 441), (396, 395, 388), 0.0, 0.006666666666666619, 0.2486190476190456
(62,), (409, 481, 21, 441, 396, 395, 388), 0.0, 0.014285714285714185, 0.2530833333333314
(104, 445), (62, 409, 481, 21, 441, 396, 395, 388), 0.0, 0.018749999999999867, 0.25933333333333125
(417, 489), (104, 445, 62, 409, 481, 21, 441, 396, 395, 388), 0.0, 0.024999999999999824, 0.2634999999999979
(74,), (128, 272, 384, 365, 173), 0.0, 0.0, 0.27183333333333126
(167,), (74, 128, 272, 384, 365, 173), 0.0, 0.008333333333333276, 0.27778571428571214
(200, 238), (312, 350), 0.0, 0.0, 0.28778571428571215
(31, 325), (90, 254), 0.0, 0.0, 0.29778571428571216
(428, 429), (300, 455, 137), 0.0, 0.0, 0.309785714285712
(242,), (184,), 0.0, 0.0, 0.329785714285712
(141,), (493,), 0.0, 0.0, 0.34978571428571203
(151,), (267,), 0.0, 0.0, 0.3697857142857121
(294,), (151, 267), 0.0, 0.020000000000000035, 0.37645238095237876
(195,), (391,), 0.0, 0.0, 0.39645238095237884
(150,), (427,), 0.0, 0.0, 0.4164523809523789
(490, 39), (150, 427), 0.0, 0.020000000000000035, 0.426452380952379
(35,), (490, 39, 150, 427), 0.0, 0.030000000000000054, 0.44445238095237893
(495,), (35, 490, 39, 150, 427), 0.0, 0.048000000000000084, 0.4497857142857123
(451,), (495, 35, 490, 39, 150, 427), 0.0, 0.05333333333333343, 0.4650238095238075
(64,), (136,), 0.0, 0.0, 0.4850238095238075
(109,), (268,), 0.0, 0.0, 0.5050238095238075
(95,), (315,), 0.0, 0.0, 0.5250238095238076
(194,), (177,), 0.0, 0.0, 0.5450238095238076
(193,), (194, 177), 0.0, 0.020000000000000035, 0.5516904761904742
(355,), (246,), 0.0, 0.0, 0.5716904761904742
(320,), (430,), 0.0, 0.0, 0.5916904761904742
(364,), (320, 430), 0.0, 0.020000000000000035, 0.5983571428571408
(342,), (375,), 0.0, 0.0, 0.6183571428571408
(18,), (122,), 0.0, 0.0, 0.6383571428571408
(321,), (280,), 0.0, 0.0, 0.6583571428571409
(98,), (356,), 0.0, 0.0, 0.6783571428571409
(70,), (217,), 0.0, 0.0, 0.6983571428571409
(274,), (314,), 0.0, 0.0, 0.7183571428571409
(399,), (75,), 0.0, 0.0, 0.7383571428571409
(6,), (289,), 0.0, 0.0, 0.758357142857141
(358,), (6, 289), 0.0, 0.020000000000000035, 0.7650238095238077
(507, 316, 354, 247, 313, 462), (358, 6, 289), 0.013333333333333237, 0.026666666666666713, 0.7850238095238077
(10,), (163,), 0.0, 0.0, 0.8050238095238077
(108,), (366,), 0.0, 0.0, 0.8250238095238077
(329,), (237,), 0.0, 0.0, 0.8450238095238077
(333, 284), (329, 237), 0.0, 0.020000000000000035, 0.8550238095238076
(118,), (437,), 0.0, 0.0, 0.8750238095238076
(53,), (308,), 0.0, 0.0, 0.8950238095238077
(293,), (323,), 0.0, 0.0, 0.9150238095238077
(143, 309), (293, 323), 0.0, 0.020000000000000035, 0.9250238095238076
(158,), (143, 309, 293, 323), 0.0, 0.030000000000000054, 0.9430238095238079
(292, 311, 188), (342, 375), 0.006666666666666619, 0.020000000000000035, 0.9643571428571415
(220,), (95, 315), 0.0, 0.020000000000000035, 0.9910238095238082
(214,), (321, 280), 0.0, 0.020000000000000035, 1.0176904761904748
(180,), (113, 435), 0.0, 0.0, 1.0443571428571414
(287,), (288, 382), 0.0, 0.0, 1.071023809523808
(253,), (212, 324), 0.0, 0.0, 1.0976904761904749
(215,), (225, 36), 0.0, 0.0, 1.1243571428571417
(419,), (227, 469), 0.0, 0.0, 1.1510238095238086
(494,), (419, 227, 469), 0.0, 0.026666666666666717, 1.1643571428571418
(107,), (50, 51), 0.0, 0.0, 1.1910238095238086
(142,), (107, 50, 51), 0.0, 0.026666666666666717, 1.2043571428571418
(8, 334), (142, 107, 50, 51), 0.0, 0.04000000000000007, 1.217690476190475
(197,), (408, 243), 0.0, 0.0, 1.2443571428571418
(114,), (144, 170), 0.0, 0.0, 1.2710238095238084
(322,), (336, 426), 0.0, 0.0, 1.2976904761904753
(331,), (322, 336, 426), 0.0, 0.026666666666666717, 1.3110238095238085
(235,), (120, 402), 0.0, 0.0, 1.3376904761904753
(38,), (164, 425), 0.0, 0.0, 1.364357142857142
(340, 499), (494, 419, 227, 469), 0.0049999999999999645, 0.04000000000000007, 1.3943571428571415
(49,), (386, 295, 126), 0.0, 0.0, 1.4243571428571415
(89,), (49, 386, 295, 126), 0.0, 0.03000000000000005, 1.4423571428571418
(81,), (454, 359, 492), 0.0, 0.0, 1.4723571428571418
(263,), (341, 387, 211, 4, 34), 0.0, 0.0, 1.5056904761904748
(258,), (507, 316, 354, 247, 313, 462, 358, 6, 289), 0.0, 0.05999999999999993, 1.5416904761904748
(353,), (258, 507, 316, 354, 247, 313, 462, 358, 6, 289), 0.0, 0.09599999999999997, 1.5711450216450213
(381, 394, 339), (353, 258, 507, 316, 354, 247, 313, 462, 358, 6, 289), 0.006666666666666619, 0.1254545454545454, 1.5825952380952364
(100,), (451, 495, 35, 490, 39, 150, 427), 0.0, 0.0685714285714287, 1.6227738095238078
(234,), (89, 49, 386, 295, 126), 0.0, 0.048000000000000084, 1.6631071428571407
(105,), (138, 160, 101, 330), 0.0, 0.007499999999999948, 1.7036071428571402
(202,), (133, 149, 221), 0.0, 0.00666666666666662, 1.744440476190474
(467,), (202, 133, 149, 221), 0.0, 0.047499999999999966, 1.7689404761904737
(3,), (155, 54), 0.0, 0.0049999999999999645, 1.8106071428571398
(147,), (3, 155, 54), 0.0, 0.046666666666666634, 1.8314404761904732
(152, 148), (147, 3, 155, 54), 0.0, 0.06749999999999996, 1.8722738095238067
(482,), (201, 357), 0.0, 0.0049999999999999645, 1.913940476190474
(282,), (482, 201, 357), 0.0, 0.046666666666666634, 1.9272738095238073
(413,), (484, 401), 0.0, 0.0049999999999999645, 1.968940476190474
(347,), (60, 59), 0.0, 0.0049999999999999645, 2.01060714285714
(261,), (347, 60, 59), 0.0, 0.046666666666666634, 2.023940476190474
(56,), (52, 55), 0.0, 0.0049999999999999645, 2.0656071428571408
(93, 78, 206), (56, 52, 55), 0.006666666666666619, 0.046666666666666634, 2.0806071428571404
(159,), (93, 78, 206, 56, 52, 55), 0.0, 0.06833333333333323, 2.1208452380952356
(131,), (159, 93, 78, 206, 56, 52, 55), 0.0, 0.10857142857142846, 2.151023809523808
(275,), (302,), 0.0, 0.0, 2.196023809523808
(343,), (260,), 0.0, 0.0, 2.2410238095238078
(444,), (450,), 0.0, 0.0, 2.2860238095238077
(428, 429, 300, 455, 137), (444, 450), 0.011999999999999914, 0.04499999999999994, 2.297595238095237
(76,), (420,), 0.0, 0.0, 2.342595238095237
(333, 284, 329, 237), (76, 420), 0.030000000000000054, 0.04499999999999994, 2.35592857142857
(82,), (470,), 0.0, 0.0, 2.4009285714285697
(252,), (82, 470), 0.0, 0.04499999999999994, 2.41592857142857
(479,), (252, 82, 470), 0.0, 0.05999999999999993, 2.42342857142857
(240,), (344,), 0.0, 0.0, 2.46842857142857
(25,), (278,), 0.0, 0.0, 2.51342857142857
(119,), (123,), 0.0, 0.0, 2.55842857142857
(171,), (19,), 0.0, 0.0, 2.60342857142857
(501,), (167, 74, 128, 272, 384, 365, 173), 0.0, 0.014285714285714185, 2.6491428571428552
(407,), (501, 167, 74, 128, 272, 384, 365, 173), 0.0, 0.05999999999999993, 2.6846984126984115
(168,), (503, 42, 156, 125, 129), 0.0, 0.011999999999999915, 2.7326984126984124
(373,), (294, 151, 267), 0.0, 0.026666666666666717, 2.786031746031745
(249,), (364, 320, 430), 0.0, 0.026666666666666713, 2.8393650793650784
(116, 241), (393, 239, 443, 317), 0.0, 0.0, 2.892698412698411
(390,), (417, 489, 104, 445, 62, 409, 481, 21, 441, 396, 395, 388), 0.0, 0.029166666666666466, 2.9466086691086675
(389, 257), (390, 417, 489, 104, 445, 62, 409, 481, 21, 441, 396, 395, 388), 0.0, 0.0830769230769229, 2.956865079365078
(372,), (389, 257, 390, 417, 489, 104, 445, 62, 409, 481, 21, 441, 396, 395, 388), 0.0, 0.09333333333333312, 3.007906746031745
(456,), (79, 449, 415, 91, 414), 0.0, 0.011999999999999914, 3.0642400793650775
(256,), (456, 79, 449, 415, 91, 414), 0.0, 0.06833333333333322, 3.1044781746031727
(185,), (33, 5, 436, 157, 111), 0.0, 0.011999999999999915, 3.160811507936506
(479, 252, 82, 470), (185, 33, 5, 436, 157, 111), 0.06749999999999992, 0.06833333333333323, 3.208978174603172
(265,), (327, 176), 0.0, 0.0, 3.2689781746031716
(94,), (63, 281), 0.0, 0.0, 3.3289781746031712
(92, 134), (168, 503, 42, 156, 125, 129), 0.0, 0.05999999999999993, 3.3889781746031704
(17,), (18, 122), 0.0, 0.020000000000000035, 3.4489781746031705
(106,), (109, 268), 0.0, 0.020000000000000035, 3.50897817460317
(245,), (108, 366), 0.0, 0.020000000000000035, 3.56897817460317
(273, 251), (162, 222, 186), 0.0, 0.00666666666666662, 3.6343115079365034
(141, 493), (38, 164, 425), 0.020000000000000035, 0.026666666666666717, 3.699644841269836
(145,), (428, 429, 300, 455, 137, 444, 450), 0.0, 0.06857142857142846, 3.7710734126984082
(475,), (145, 428, 429, 300, 455, 137, 444, 450), 0.0, 0.13999999999999993, 3.8266289682539654
(230,), (228, 424, 121, 189), 0.0, 0.0, 3.898628968253966
(146,), (331, 322, 336, 426), 0.0, 0.04000000000000007, 3.9706289682539655
(468,), (349, 286, 229, 236, 37, 218), 0.0, 0.0, 4.047771825396821
(471,), (457,), 0.0, 0.0, 4.127771825396821
(266,), (299,), 0.0, 0.0, 4.207771825396821
(410, 178, 297), (245, 108, 366), 0.00666666666666662, 0.08000000000000014, 4.289438492063488
(274, 314), (410, 178, 297, 245, 108, 366), 0.020000000000000035, 0.16833333333333347, 4.359855158730155
(418, 458), (230, 228, 424, 121, 189), 0.0, 0.07199999999999991, 4.44214087301587
(1,), (152, 148, 147, 3, 155, 54), 0.0, 0.10833333333333321, 4.5280932539682475
(298,), (234, 89, 49, 386, 295, 126), 0.0, 0.08833333333333332, 4.614045634920629
(259,), (298, 234, 89, 49, 386, 295, 126), 0.0, 0.17428571428571443, 4.659759920634914
(307,), (263, 341, 387, 211, 4, 34), 0.0, 0.03333333333333339, 4.754998015873008
(381, 394, 339, 353, 258, 507, 316, 354, 247, 313, 462, 358, 6, 289), (307, 263, 341, 387, 211, 4, 34), 0.14357142857142852, 0.1285714285714285, 4.808569444444435
(279,), (381, 394, 339, 353, 258, 507, 316, 354, 247, 313, 462, 358, 6, 289, 307, 263, 341, 387, 211, 4, 34), 0.0, 0.32571428571428535, 4.886491522366515
(505,), (141, 493, 38, 164, 425), 0.0, 0.11200000000000021, 4.982824855699849
(423, 319), (505, 141, 493, 38, 164, 425), 0.0049999999999999645, 0.20833333333333348, 5.064491522366517
(472,), (340, 499, 494, 419, 227, 469), 0.0, 0.07500000000000001, 5.169491522366517
(412,), (472, 340, 499, 494, 419, 227, 469), 0.0, 0.1800000000000001, 5.248241522366519
(491,), (98, 356), 0.0, 0.020000000000000035, 5.354908189033186
(399, 75), (491, 98, 356), 0.020000000000000035, 0.12666666666666665, 5.376241522366521
(116, 241, 393, 239, 443, 317), (265, 327, 176), 0.05333333333333342, 0.05999999999999993, 5.485130411255409
(377,), (92, 134, 168, 503, 42, 156, 125, 129), 0.0, 0.11999999999999997, 5.594019300144301
(508,), (116, 241, 393, 239, 443, 317, 265, 327, 176), 0.0, 0.2222222222222223, 5.707797077922079
(433,), (412, 472, 340, 499, 494, 419, 227, 469), 0.0, 0.25875000000000026, 5.8246026334776335
(461,), (433, 412, 472, 340, 499, 494, 419, 227, 469), 0.0, 0.3755555555555557, 5.918047077922079
(438,), (461, 433, 412, 472, 340, 499, 494, 419, 227, 469), 0.0, 0.469, 5.994501623376624
(440,), (479, 252, 82, 470, 185, 33, 5, 436, 157, 111), 0.0, 0.18399999999999977, 6.112319805194806
(117, 175), (215, 225, 36), 0.0049999999999999645, 0.026666666666666717, 6.23265313852814
(27, 28), (117, 175, 215, 225, 36), 0.0049999999999999645, 0.15200000000000008, 6.284224567099568
(404,), (292, 311, 188, 342, 375), 0.0, 0.04799999999999998, 6.404557900432902
(351,), (376,), 0.0, 0.0, 6.529557900432902
(45,), (77,), 0.0, 0.0, 6.654557900432902
(219,), (207,), 0.0, 0.0, 6.779557900432902
(318,), (378,), 0.0, 0.0, 6.904557900432902
(361,), (318, 378), 0.0, 0.125, 6.946224567099569
(68,), (190,), 0.0, 0.0, 7.071224567099569
(48,), (209,), 0.0, 0.0, 7.196224567099569
(418, 458, 230, 228, 424, 121, 189), (48, 209), 0.1542857142857141, 0.125, 7.316938852813856
(166,), (486,), 0.0, 0.0, 7.441938852813856
(345,), (368,), 0.0, 0.0, 7.566938852813856
(41,), (256, 456, 79, 449, 415, 91, 414), 0.0, 0.10857142857142847, 7.697117424242427
(279, 381, 394, 339, 353, 258, 507, 316, 354, 247, 313, 462, 358, 6, 289, 307, 263, 341, 387, 211, 4, 34), (27, 28, 117, 175, 215, 225, 36), 0.4036363636363634, 0.20857142857142863, 7.830426873413937
(181, 216), (279, 381, 394, 339, 353, 258, 507, 316, 354, 247, 313, 462, 358, 6, 289, 307, 263, 341, 387, 211, 4, 34, 27, 28, 117, 175, 215, 225, 36), 0.0, 0.7455172413793103, 7.962328986873344
(346, 488), (361, 318, 378), 0.0, 0.16666666666666669, 8.095662320206676
(326, 43, 285), (197, 408, 243), 0.00666666666666662, 0.026666666666666717, 8.230662320206674
(14, 15, 205), (326, 43, 285, 197, 408, 243), 0.00666666666666662, 0.16833333333333345, 8.275662320206676
(360,), (180, 113, 435), 0.0, 0.026666666666666717, 8.416495653540009
(338,), (193, 194, 177), 0.0, 0.026666666666666713, 8.557328986873344
(66,), (191, 26, 103), 0.0, 0.006666666666666619, 8.698162320206679
(158, 143, 309, 293, 323), (273, 251, 162, 222, 186), 0.048000000000000084, 0.072, 8.842162320206675
(23, 153), (158, 143, 309, 293, 323, 273, 251, 162, 222, 186), 0.0, 0.2639999999999999, 8.954828986873338
(179,), (404, 292, 311, 188, 342, 375), 0.0, 0.1683333333333335, 9.103638510682863
(373, 294, 151, 267), (468, 349, 286, 229, 236, 37, 218), 0.08000000000000014, 0.07714285714285705, 9.25376838081274
(115, 233), (275, 302), 0.0049999999999999645, 0.04499999999999994, 9.41376838081274
(372, 389, 257, 390, 417, 489, 104, 445, 62, 409, 481, 21, 441, 396, 395, 388), (115, 233, 275, 302), 0.14437499999999967, 0.20999999999999983, 9.504893380812746
(475, 145, 428, 429, 300, 455, 137, 444, 450), (372, 389, 257, 390, 417, 489, 104, 445, 62, 409, 481, 21, 441, 396, 395, 388, 115, 233, 275, 302), 0.19555555555555545, 0.4454999999999997, 9.55832058387788
(421,), (8, 334, 142, 107, 50, 51), 0.0, 0.05333333333333343, 9.719272964830262
(459,), (463, 7, 465), 0.0, 0.006666666666666619, 9.882606298163594
(87,), (471, 457), 0.0, 0.08000000000000014, 10.04927296483026
(80,), (87, 471, 457), 0.0, 0.24666666666666684, 10.150106298163594
(64, 136), (423, 319, 505, 141, 493, 38, 164, 425), 0.020000000000000035, 0.2950000000000001, 10.319106298163605
(301, 161), (508, 116, 241, 393, 239, 443, 317, 265, 327, 176), 0.0, 0.33599999999999997, 10.48977296483027
(96, 270), (114, 144, 170), 0.0049999999999999645, 0.026666666666666717, 10.666106298163605
(204,), (94, 63, 281), 0.0, 0.05999999999999993, 10.853606298163605
(47, 174), (204, 94, 63, 281), 0.0049999999999999645, 0.2474999999999997, 10.994439631496938
(67, 69), (66, 191, 26, 103), 0.0, 0.1475000000000001, 11.181939631496936
(377, 92, 134, 168, 503, 42, 156, 125, 129), (459, 463, 7, 465), 0.22888888888888897, 0.17000000000000004, 11.370743050300351
(31, 325, 90, 254), (377, 92, 134, 168, 503, 42, 156, 125, 129, 459, 463, 7, 465), 0.009999999999999929, 0.5876923076923076, 11.517756624960978
(304,), (181, 216, 279, 381, 394, 339, 353, 258, 507, 316, 354, 247, 313, 462, 358, 6, 289, 307, 263, 341, 387, 211, 4, 34, 27, 28, 117, 175, 215, 225, 36), 0.0, 0.8774193548387097, 11.712524770122258
(287, 288, 382), (373, 294, 151, 267, 468, 349, 286, 229, 236, 37, 218), 0.026666666666666717, 0.30727272727272736, 11.90787109046857
(195, 391), (287, 288, 382, 373, 294, 151, 267, 468, 349, 286, 229, 236, 37, 218), 0.020000000000000035, 0.5292857142857148, 12.072960376182856
(473,), (438, 461, 433, 412, 472, 340, 499, 494, 419, 227, 469), 0.0, 0.5454545454545454, 12.27000583072831
(305,), (208, 182), 0.0, 0.0049999999999999645, 12.471672497394975
(453,), (407, 501, 167, 74, 128, 272, 384, 365, 173), 0.0, 0.09555555555555552, 12.677116941839415
(57,), (214, 321, 280), 0.0, 0.046666666666666634, 12.890450275172748
(242, 184), (261, 347, 60, 59), 0.020000000000000035, 0.05999999999999993, 13.10378360850608
(220, 95, 315), (360, 180, 113, 435), 0.046666666666666634, 0.16749999999999998, 13.323902656125126
(374, 337), (333, 284, 329, 237, 76, 420), 0.0, 0.08833333333333329, 13.544319322791791
(283,), (374, 337, 333, 284, 329, 237, 76, 420), 0.0, 0.30874999999999975, 13.631124878347345
(23, 153, 158, 143, 309, 293, 323, 273, 251, 162, 222, 186), (283, 374, 337, 333, 284, 329, 237, 76, 420), 0.3766666666666666, 0.39555555555555527, 13.825569322791788
(506, 264), (235, 120, 402), 0.0, 0.026666666666666717, 14.050902656125125
(58,), (10, 163), 0.0, 0.020000000000000035, 14.290902656125125
(474,), (355, 246), 0.0, 0.020000000000000035, 14.530902656125123
(249, 364, 320, 430), (304, 181, 216, 279, 381, 394, 339, 353, 258, 507, 316, 354, 247, 313, 462, 358, 6, 289, 307, 263, 341, 387, 211, 4, 34, 27, 28, 117, 175, 215, 225, 36), 0.08000000000000014, 1.0721875, 14.781770711680707
(47, 174, 204, 94, 63, 281), (249, 364, 320, 430, 304, 181, 216, 279, 381, 394, 339, 353, 258, 507, 316, 354, 247, 313, 462, 358, 6, 289, 307, 263, 341, 387, 211, 4, 34, 27, 28, 117, 175, 215, 225, 36), 0.393333333333333, 1.403055555555555, 14.993238965648954
(446,), (475, 145, 428, 429, 300, 455, 137, 444, 450, 372, 389, 257, 390, 417, 489, 104, 445, 62, 409, 481, 21, 441, 396, 395, 388, 115, 233, 275, 302), 0.0, 0.6944827586206893, 15.248422873694922
(2,), (421, 8, 334, 142, 107, 50, 51), 0.0, 0.21428571428571438, 15.534137159409214
(219, 207), (453, 407, 501, 167, 74, 128, 272, 384, 365, 173), 0.125, 0.30099999999999977, 15.828137159409216
(338, 193, 194, 177), (195, 391, 287, 288, 382, 373, 294, 151, 267, 468, 349, 286, 229, 236, 37, 218), 0.1675, 0.7143750000000002, 16.128262159409207
(57, 214, 321, 280), (338, 193, 194, 177, 195, 391, 287, 288, 382, 373, 294, 151, 267, 468, 349, 286, 229, 236, 37, 218), 0.2600000000000001, 1.1820000000000004, 16.371262159409216
(200, 238, 312, 350), (57, 214, 321, 280, 338, 193, 194, 177, 195, 391, 287, 288, 382, 373, 294, 151, 267, 468, 349, 286, 229, 236, 37, 218), 0.009999999999999929, 1.6850000000000003, 16.63054787369493
(240, 344), (200, 238, 312, 350, 57, 214, 321, 280, 338, 193, 194, 177, 195, 391, 287, 288, 382, 373, 294, 151, 267, 468, 349, 286, 229, 236, 37, 218), 0.04499999999999994, 1.9542857142857142, 16.84092882607589
(232,), (240, 344, 200, 238, 312, 350, 57, 214, 321, 280, 338, 193, 194, 177, 195, 391, 287, 288, 382, 373, 294, 151, 267, 468, 349, 286, 229, 236, 37, 218), 0.0, 2.209666666666667, 17.04868151424791
(127,), (440, 479, 252, 82, 470, 185, 33, 5, 436, 157, 111), 0.0, 0.30181818181818176, 17.34936333242973
(135,), (100, 451, 495, 35, 490, 39, 150, 427), 0.0, 0.10875000000000003, 17.656168887985288
(504,), (259, 298, 234, 89, 49, 386, 295, 126), 0.0, 0.22000000000000006, 17.97616888798529
(262,), (266, 299), 0.0, 0.08000000000000014, 18.302835554651956
(497,), (219, 207, 453, 407, 501, 167, 74, 128, 272, 384, 365, 173), 0.0, 0.7199999999999995, 18.635143246959647
(476,), (47, 174, 204, 94, 63, 281, 249, 364, 320, 430, 304, 181, 216, 279, 381, 394, 339, 353, 258, 507, 316, 354, 247, 313, 462, 358, 6, 289, 307, 263, 341, 387, 211, 4, 34, 27, 28, 117, 175, 215, 225, 36), 0.0, 2.007857142857141, 18.97844889480018
(367,), (476, 47, 174, 204, 94, 63, 281, 249, 364, 320, 430, 304, 181, 216, 279, 381, 394, 339, 353, 258, 507, 316, 354, 247, 313, 462, 358, 6, 289, 307, 263, 341, 387, 211, 4, 34, 27, 28, 117, 175, 215, 225, 36), 0.0, 2.351162790697672, 19.306149740466157
(269,), (446, 475, 145, 428, 429, 300, 455, 137, 444, 450, 372, 389, 257, 390, 417, 489, 104, 445, 62, 409, 481, 21, 441, 396, 395, 388, 115, 233, 275, 302), 0.0, 0.9496666666666653, 19.65841855767047
(22, 24), (25, 278), 0.0049999999999999645, 0.04499999999999995, 20.018418557670472
(70, 217), (22, 24, 25, 278), 0.020000000000000035, 0.41000000000000003, 20.28841855767047
(506, 264, 235, 120, 402), (70, 217, 22, 24, 25, 278), 0.25199999999999995, 0.7, 20.6036912849432
(362, 255), (343, 260), 0.0049999999999999645, 0.04499999999999994, 20.963691284943195
(165,), (31, 325, 90, 254, 377, 92, 134, 168, 503, 42, 156, 125, 129, 459, 463, 7, 465), 0.0, 0.744705882352941, 21.32398540259024
(224,), (165, 31, 325, 90, 254, 377, 92, 134, 168, 503, 42, 156, 125, 129, 459, 463, 7, 465), 0.0, 1.105, 21.646353823642873
(303,), (127, 440, 479, 252, 82, 470, 185, 33, 5, 436, 157, 111), 0.0, 0.6025000000000001, 22.00693074671979
(80, 87, 471, 457), (96, 270, 114, 144, 170), 0.34750000000000025, 0.20800000000000013, 22.371430746719756
(399, 75, 491, 98, 356), (367, 476, 47, 174, 204, 94, 63, 281, 249, 364, 320, 430, 304, 181, 216, 279, 381, 394, 339, 353, 258, 507, 316, 354, 247, 313, 462, 358, 6, 289, 307, 263, 341, 387, 211, 4, 34, 27, 28, 117, 175, 215, 225, 36), 0.168, 2.6788636363636384, 22.73844466137651
(506, 264, 235, 120, 402, 70, 217, 22, 24, 25, 278), (399, 75, 491, 98, 356, 367, 476, 47, 174, 204, 94, 63, 281, 249, 364, 320, 430, 304, 181, 216, 279, 381, 394, 339, 353, 258, 507, 316, 354, 247, 313, 462, 358, 6, 289, 307, 263, 341, 387, 211, 4, 34, 27, 28, 117, 175, 215, 225, 36), 1.2672727272727273, 3.2138775510204076, 23.036627716416746
(485,), (64, 136, 423, 319, 505, 141, 493, 38, 164, 425), 0.0, 0.4840000000000001, 23.43262771641675
(131, 159, 93, 78, 206, 56, 52, 55), (262, 266, 299), 0.1387499999999999, 0.40666666666666695, 23.83448377702281
(119, 123), (131, 159, 93, 78, 206, 56, 52, 55, 262, 266, 299), 0.04499999999999995, 0.9472727272727273, 24.099134126673164
(83, 466), (362, 255, 343, 260), 0.0, 0.41000000000000003, 24.5024674600065
(14, 15, 205, 326, 43, 285, 197, 408, 243), (83, 466, 362, 255, 343, 260), 0.2200000000000001, 0.8133333333333335, 24.75846746000651
(139,), (224, 165, 31, 325, 90, 254, 377, 92, 134, 168, 503, 42, 156, 125, 129, 459, 463, 7, 465), 0.0, 1.4273684210526318, 25.163099038953845
(301, 161, 508, 116, 241, 393, 239, 443, 317, 265, 327, 176), (14, 15, 205, 326, 43, 285, 197, 408, 243, 83, 466, 362, 255, 343, 260), 0.5066666666666665, 1.2893333333333337, 25.61376570562049
(271, 352), (282, 482, 201, 357), 0.0, 0.05999999999999993, 26.09376570562049
(431,), (473, 438, 461, 433, 412, 472, 340, 499, 494, 419, 227, 469), 0.0, 0.7425, 26.57895801331281
(274, 314, 410, 178, 297, 245, 108, 366), (497, 219, 207, 453, 407, 501, 167, 74, 128, 272, 384, 365, 173), 0.25875000000000026, 1.052307692307692, 27.074566987671798
(303, 127, 440, 479, 252, 82, 470, 185, 33, 5, 436, 157, 111), (274, 314, 410, 178, 297, 245, 108, 366, 497, 219, 207, 453, 407, 501, 167, 74, 128, 272, 384, 365, 173), 0.9630769230769228, 1.8066666666666664, 27.24011751557525
(20,), (269, 446, 475, 145, 428, 429, 300, 455, 137, 444, 450, 372, 389, 257, 390, 417, 489, 104, 445, 62, 409, 481, 21, 441, 396, 395, 388, 115, 233, 275, 302), 0.0, 1.301935483870967, 27.736932031704296
(105, 138, 160, 101, 330), (67, 69, 66, 191, 26, 103), 0.04799999999999998, 0.33500000000000013, 28.241204758977034
(171, 19), (17, 18, 122), 0.04499999999999995, 0.08000000000000014, 28.74820475897703
(506, 264, 235, 120, 402, 70, 217, 22, 24, 25, 278, 399, 75, 491, 98, 356, 367, 476, 47, 174, 204, 94, 63, 281, 249, 364, 320, 430, 304, 181, 216, 279, 381, 394, 339, 353, 258, 507, 316, 354, 247, 313, 462, 358, 6, 289, 307, 263, 341, 387, 211, 4, 34, 27, 28, 117, 175, 215, 225, 36), (119, 123, 131, 159, 93, 78, 206, 56, 52, 55, 262, 266, 299), 4.779333333333333, 1.2569230769230768, 29.259345608994643
(105, 138, 160, 101, 330, 67, 69, 66, 191, 26, 103), (506, 264, 235, 120, 402, 70, 217, 22, 24, 25, 278, 399, 75, 491, 98, 356, 367, 476, 47, 174, 204, 94, 63, 281, 249, 364, 320, 430, 304, 181, 216, 279, 381, 394, 339, 353, 258, 507, 316, 354, 247, 313, 462, 358, 6, 289, 307, 263, 341, 387, 211, 4, 34, 27, 28, 117, 175, 215, 225, 36, 119, 123, 131, 159, 93, 78, 206, 56, 52, 55, 262, 266, 299), 0.8872727272727277, 6.547397260273973, 29.71753276430506
(383, 196, 244), (105, 138, 160, 101, 330, 67, 69, 66, 191, 26, 103, 506, 264, 235, 120, 402, 70, 217, 22, 24, 25, 278, 399, 75, 491, 98, 356, 367, 476, 47, 174, 204, 94, 63, 281, 249, 364, 320, 430, 304, 181, 216, 279, 381, 394, 339, 353, 258, 507, 316, 354, 247, 313, 462, 358, 6, 289, 307, 263, 341, 387, 211, 4, 34, 27, 28, 117, 175, 215, 225, 36, 119, 123, 131, 159, 93, 78, 206, 56, 52, 55, 262, 266, 299), 0.006666666666666619, 7.892857142857151, 30.1865147019077
(346, 488, 361, 318, 378), (242, 184, 261, 347, 60, 59), 0.30000000000000004, 0.2933333333333335, 30.698635914028912
(13, 130), (346, 488, 361, 318, 378, 242, 184, 261, 347, 60, 59), 0.0, 1.105454545454545, 31.020873676266675
(411, 432), (20, 269, 446, 475, 145, 428, 429, 300, 455, 137, 444, 450, 372, 389, 257, 390, 417, 489, 104, 445, 62, 409, 481, 21, 441, 396, 395, 388, 115, 233, 275, 302), 0.0049999999999999645, 1.7987499999999974, 31.6033001468549
(351, 376), (383, 196, 244, 105, 138, 160, 101, 330, 67, 69, 66, 191, 26, 103, 506, 264, 235, 120, 402, 70, 217, 22, 24, 25, 278, 399, 75, 491, 98, 356, 367, 476, 47, 174, 204, 94, 63, 281, 249, 364, 320, 430, 304, 181, 216, 279, 381, 394, 339, 353, 258, 507, 316, 354, 247, 313, 462, 358, 6, 289, 307, 263, 341, 387, 211, 4, 34, 27, 28, 117, 175, 215, 225, 36, 119, 123, 131, 159, 93, 78, 206, 56, 52, 55, 262, 266, 299), 0.125, 8.368505747126434, 32.2426033884925
(132,), (431, 473, 438, 461, 433, 412, 472, 340, 499, 494, 419, 227, 469), 0.0, 1.2276923076923072, 32.88348250937161
(290,), (351, 376, 383, 196, 244, 105, 138, 160, 101, 330, 67, 69, 66, 191, 26, 103, 506, 264, 235, 120, 402, 70, 217, 22, 24, 25, 278, 399, 75, 491, 98, 356, 367, 476, 47, 174, 204, 94, 63, 281, 249, 364, 320, 430, 304, 181, 216, 279, 381, 394, 339, 353, 258, 507, 316, 354, 247, 313, 462, 358, 6, 289, 307, 263, 341, 387, 211, 4, 34, 27, 28, 117, 175, 215, 225, 36, 119, 123, 131, 159, 93, 78, 206, 56, 52, 55, 262, 266, 299), 0.0, 9.132808988764054, 33.530673520607586
(72,), (290, 351, 376, 383, 196, 244, 105, 138, 160, 101, 330, 67, 69, 66, 191, 26, 103, 506, 264, 235, 120, 402, 70, 217, 22, 24, 25, 278, 399, 75, 491, 98, 356, 367, 476, 47, 174, 204, 94, 63, 281, 249, 364, 320, 430, 304, 181, 216, 279, 381, 394, 339, 353, 258, 507, 316, 354, 247, 313, 462, 358, 6, 289, 307, 263, 341, 387, 211, 4, 34, 27, 28, 117, 175, 215, 225, 36, 119, 123, 131, 159, 93, 78, 206, 56, 52, 55, 262, 266, 299), 0.0, 9.779999999999994, 34.163640553574645
(504, 259, 298, 234, 89, 49, 386, 295, 126), (72, 290, 351, 376, 383, 196, 244, 105, 138, 160, 101, 330, 67, 69, 66, 191, 26, 103, 506, 264, 235, 120, 402, 70, 217, 22, 24, 25, 278, 399, 75, 491, 98, 356, 367, 476, 47, 174, 204, 94, 63, 281, 249, 364, 320, 430, 304, 181, 216, 279, 381, 394, 339, 353, 258, 507, 316, 354, 247, 313, 462, 358, 6, 289, 307, 263, 341, 387, 211, 4, 34, 27, 28, 117, 175, 215, 225, 36, 119, 123, 131, 159, 93, 78, 206, 56, 52, 55, 262, 266, 299), 0.5400000000000001, 10.412967032967021, 34.64377352060748
(85,), (504, 259, 298, 234, 89, 49, 386, 295, 126, 72, 290, 351, 376, 383, 196, 244, 105, 138, 160, 101, 330, 67, 69, 66, 191, 26, 103, 506, 264, 235, 120, 402, 70, 217, 22, 24, 25, 278, 399, 75, 491, 98, 356, 367, 476, 47, 174, 204, 94, 63, 281, 249, 364, 320, 430, 304, 181, 216, 279, 381, 394, 339, 353, 258, 507, 316, 354, 247, 313, 462, 358, 6, 289, 307, 263, 341, 387, 211, 4, 34, 27, 28, 117, 175, 215, 225, 36, 119, 123, 131, 159, 93, 78, 206, 56, 52, 55, 262, 266, 299), 0.0, 11.433100000000017, 35.29819827308283
(32,), (41, 256, 456, 79, 449, 415, 91, 414), 0.0, 0.23874999999999996, 35.95944827308281
(132, 431, 473, 438, 461, 433, 412, 472, 340, 499, 494, 419, 227, 469), (32, 41, 256, 456, 79, 449, 415, 91, 414), 1.868571428571428, 0.9000000000000002, 36.10305075755486
(291,), (220, 95, 315, 360, 180, 113, 435), 0.0, 0.43428571428571444, 36.76751504326914
(86,), (439, 452), 0.0, 0.0049999999999999645, 37.50251504326915
(348,), (1, 152, 148, 147, 3, 155, 54), 0.0, 0.19428571428571417, 38.25697932898343
(192,), (348, 1, 152, 148, 147, 3, 155, 54), 0.0, 0.94875, 38.84378488453899
(397,), (171, 19, 17, 18, 122), 0.0, 0.632, 39.611784884539
(213,), (85, 504, 259, 298, 234, 89, 49, 386, 295, 126, 72, 290, 351, 376, 383, 196, 244, 105, 138, 160, 101, 330, 67, 69, 66, 191, 26, 103, 506, 264, 235, 120, 402, 70, 217, 22, 24, 25, 278, 399, 75, 491, 98, 356, 367, 476, 47, 174, 204, 94, 63, 281, 249, 364, 320, 430, 304, 181, 216, 279, 381, 394, 339, 353, 258, 507, 316, 354, 247, 313, 462, 358, 6, 289, 307, 263, 341, 387, 211, 4, 34, 27, 28, 117, 175, 215, 225, 36, 119, 123, 131, 159, 93, 78, 206, 56, 52, 55, 262, 266, 299), 0.0, 12.087524752475254, 40.40504444578923
(110,), (213, 85, 504, 259, 298, 234, 89, 49, 386, 295, 126, 72, 290, 351, 376, 383, 196, 244, 105, 138, 160, 101, 330, 67, 69, 66, 191, 26, 103, 506, 264, 235, 120, 402, 70, 217, 22, 24, 25, 278, 399, 75, 491, 98, 356, 367, 476, 47, 174, 204, 94, 63, 281, 249, 364, 320, 430, 304, 181, 216, 279, 381, 394, 339, 353, 258, 507, 316, 354, 247, 313, 462, 358, 6, 289, 307, 263, 341, 387, 211, 4, 34, 27, 28, 117, 175, 215, 225, 36, 119, 123, 131, 159, 93, 78, 206, 56, 52, 55, 262, 266, 299), 0.0, 12.880784313725506, 41.231832947597745
(305, 208, 182), (110, 213, 85, 504, 259, 298, 234, 89, 49, 386, 295, 126, 72, 290, 351, 376, 383, 196, 244, 105, 138, 160, 101, 330, 67, 69, 66, 191, 26, 103, 506, 264, 235, 120, 402, 70, 217, 22, 24, 25, 278, 399, 75, 491, 98, 356, 367, 476, 47, 174, 204, 94, 63, 281, 249, 364, 320, 430, 304, 181, 216, 279, 381, 394, 339, 353, 258, 507, 316, 354, 247, 313, 462, 358, 6, 289, 307, 263, 341, 387, 211, 4, 34, 27, 28, 117, 175, 215, 225, 36, 119, 123, 131, 159, 93, 78, 206, 56, 52, 55, 262, 266, 299), 0.2066666666666665, 13.707572815533945, 42.07617837105737
(413, 484, 401), (411, 432, 20, 269, 446, 475, 145, 428, 429, 300, 455, 137, 444, 450, 372, 389, 257, 390, 417, 489, 104, 445, 62, 409, 481, 21, 441, 396, 395, 388, 115, 233, 275, 302), 0.046666666666666634, 2.386176470588235, 42.94009199055922
(248,), (485, 64, 136, 423, 319, 505, 141, 493, 38, 164, 425), 0.0, 0.88, 43.85675865722586
(139, 224, 165, 31, 325, 90, 254, 377, 92, 134, 168, 503, 42, 156, 125, 129, 459, 463, 7, 465), (248, 485, 64, 136, 423, 319, 505, 141, 493, 38, 164, 425), 1.8319999999999994, 1.7966666666666673, 43.936841990559216
(478,), (303, 127, 440, 479, 252, 82, 470, 185, 33, 5, 436, 157, 111, 274, 314, 410, 178, 297, 245, 108, 366, 497, 219, 207, 453, 407, 501, 167, 74, 128, 272, 384, 365, 173), 0.0, 2.9352941176470595, 44.931262158626595
(140,), (345, 368), 0.0, 0.125, 45.972928825293266
(301, 161, 508, 116, 241, 393, 239, 443, 317, 265, 327, 176, 14, 15, 205, 326, 43, 285, 197, 408, 243, 83, 466, 362, 255, 343, 260), (140, 345, 368), 2.246666666666667, 1.1666666666666665, 47.01826215862661
(434, 500, 442), (132, 431, 473, 438, 461, 433, 412, 472, 340, 499, 494, 419, 227, 469, 32, 41, 256, 456, 79, 449, 415, 91, 414), 0.00666666666666662, 2.9121739130434787, 48.07788311737803
(392, 406), (301, 161, 508, 116, 241, 393, 239, 443, 317, 265, 327, 176, 14, 15, 205, 326, 43, 285, 197, 408, 243, 83, 466, 362, 255, 343, 260, 140, 345, 368), 0.0049999999999999645, 4.4586666666666686, 49.20890395071137
(434, 500, 442, 132, 431, 473, 438, 461, 433, 412, 472, 340, 499, 494, 419, 227, 469, 32, 41, 256, 456, 79, 449, 415, 91, 414), (392, 406, 301, 161, 508, 116, 241, 393, 239, 443, 317, 265, 327, 176, 14, 15, 205, 326, 43, 285, 197, 408, 243, 83, 466, 362, 255, 343, 260, 140, 345, 368), 3.978461538461539, 5.5946875, 50.257996291560154
(124,), (434, 500, 442, 132, 431, 473, 438, 461, 433, 412, 472, 340, 499, 494, 419, 227, 469, 32, 41, 256, 456, 79, 449, 415, 91, 414, 392, 406, 301, 161, 508, 116, 241, 393, 239, 443, 317, 265, 327, 176, 14, 15, 205, 326, 43, 285, 197, 408, 243, 83, 466, 362, 255, 343, 260, 140, 345, 368), 0.0, 10.622241379310346, 51.35609389530062
(58, 10, 163), (192, 348, 1, 152, 148, 147, 3, 155, 54), 0.2600000000000001, 1.5355555555555556, 52.52970500641172
(53, 308), (58, 10, 163, 192, 348, 1, 152, 148, 147, 3, 155, 54), 0.020000000000000035, 2.9691666666666667, 53.4726811968879
(232, 240, 344, 200, 238, 312, 350, 57, 214, 321, 280, 338, 193, 194, 177, 195, 391, 287, 288, 382, 373, 294, 151, 267, 468, 349, 286, 229, 236, 37, 218), (53, 308, 58, 10, 163, 192, 348, 1, 152, 148, 147, 3, 155, 54), 2.4174193548387093, 3.9321428571428565, 54.268896762684065
(447,), (305, 208, 182, 110, 213, 85, 504, 259, 298, 234, 89, 49, 386, 295, 126, 72, 290, 351, 376, 383, 196, 244, 105, 138, 160, 101, 330, 67, 69, 66, 191, 26, 103, 506, 264, 235, 120, 402, 70, 217, 22, 24, 25, 278, 399, 75, 491, 98, 356, 367, 476, 47, 174, 204, 94, 63, 281, 249, 364, 320, 430, 304, 181, 216, 279, 381, 394, 339, 353, 258, 507, 316, 354, 247, 313, 462, 358, 6, 289, 307, 263, 341, 387, 211, 4, 34, 27, 28, 117, 175, 215, 225, 36, 119, 123, 131, 159, 93, 78, 206, 56, 52, 55, 262, 266, 299), 0.0, 14.758584905660385, 55.44507821216395
(418, 458, 230, 228, 424, 121, 189, 48, 209), (291, 220, 95, 315, 360, 180, 113, 435), 0.40000000000000013, 1.0987500000000001, 56.63103409451692
(478, 303, 127, 440, 479, 252, 82, 470, 185, 33, 5, 436, 157, 111, 274, 314, 410, 178, 297, 245, 108, 366, 497, 219, 207, 453, 407, 501, 167, 74, 128, 272, 384, 365, 173), (418, 458, 230, 228, 424, 121, 189, 48, 209, 291, 220, 95, 315, 360, 180, 113, 435), 3.9297142857142844, 2.684705882352942, 57.26180623414205
(23, 153, 158, 143, 309, 293, 323, 273, 251, 162, 222, 186, 283, 374, 337, 333, 284, 329, 237, 76, 420), (478, 303, 127, 440, 479, 252, 82, 470, 185, 33, 5, 436, 157, 111, 274, 314, 410, 178, 297, 245, 108, 366, 497, 219, 207, 453, 407, 501, 167, 74, 128, 272, 384, 365, 173, 418, 458, 230, 228, 424, 121, 189, 48, 209, 291, 220, 95, 315, 360, 180, 113, 435), 0.9666666666666662, 7.245192307692313, 58.38254999950903
(477,), (13, 130, 346, 488, 361, 318, 378, 242, 184, 261, 347, 60, 59), 0.0, 1.4276923076923071, 59.56985769181672
(253, 212, 324), (447, 305, 208, 182, 110, 213, 85, 504, 259, 298, 234, 89, 49, 386, 295, 126, 72, 290, 351, 376, 383, 196, 244, 105, 138, 160, 101, 330, 67, 69, 66, 191, 26, 103, 506, 264, 235, 120, 402, 70, 217, 22, 24, 25, 278, 399, 75, 491, 98, 356, 367, 476, 47, 174, 204, 94, 63, 281, 249, 364, 320, 430, 304, 181, 216, 279, 381, 394, 339, 353, 258, 507, 316, 354, 247, 313, 462, 358, 6, 289, 307, 263, 341, 387, 211, 4, 34, 27, 28, 117, 175, 215, 225, 36, 119, 123, 131, 159, 93, 78, 206, 56, 52, 55, 262, 266, 299), 0.026666666666666717, 15.934766355140143, 60.78806103364609
(422,), (253, 212, 324, 447, 305, 208, 182, 110, 213, 85, 504, 259, 298, 234, 89, 49, 386, 295, 126, 72, 290, 351, 376, 383, 196, 244, 105, 138, 160, 101, 330, 67, 69, 66, 191, 26, 103, 506, 264, 235, 120, 402, 70, 217, 22, 24, 25, 278, 399, 75, 491, 98, 356, 367, 476, 47, 174, 204, 94, 63, 281, 249, 364, 320, 430, 304, 181, 216, 279, 381, 394, 339, 353, 258, 507, 316, 354, 247, 313, 462, 358, 6, 289, 307, 263, 341, 387, 211, 4, 34, 27, 28, 117, 175, 215, 225, 36, 119, 123, 131, 159, 93, 78, 206, 56, 52, 55, 262, 266, 299), 0.0, 17.179636363636362, 62.07184809343335
(187,), (422, 253, 212, 324, 447, 305, 208, 182, 110, 213, 85, 504, 259, 298, 234, 89, 49, 386, 295, 126, 72, 290, 351, 376, 383, 196, 244, 105, 138, 160, 101, 330, 67, 69, 66, 191, 26, 103, 506, 264, 235, 120, 402, 70, 217, 22, 24, 25, 278, 399, 75, 491, 98, 356, 367, 476, 47, 174, 204, 94, 63, 281, 249, 364, 320, 430, 304, 181, 216, 279, 381, 394, 339, 353, 258, 507, 316, 354, 247, 313, 462, 358, 6, 289, 307, 263, 341, 387, 211, 4, 34, 27, 28, 117, 175, 215, 225, 36, 119, 123, 131, 159, 93, 78, 206, 56, 52, 55, 262, 266, 299), 0.0, 18.463423423423432, 63.33271038429541
(467, 202, 133, 149, 221), (413, 484, 401, 411, 432, 20, 269, 446, 475, 145, 428, 429, 300, 455, 137, 444, 450, 372, 389, 257, 390, 417, 489, 104, 445, 62, 409, 481, 21, 441, 396, 395, 388, 115, 233, 275, 302), 0.07199999999999998, 3.2967567567567517, 64.622286960872
(146, 331, 322, 336, 426), (187, 422, 253, 212, 324, 447, 305, 208, 182, 110, 213, 85, 504, 259, 298, 234, 89, 49, 386, 295, 126, 72, 290, 351, 376, 383, 196, 244, 105, 138, 160, 101, 330, 67, 69, 66, 191, 26, 103, 506, 264, 235, 120, 402, 70, 217, 22, 24, 25, 278, 399, 75, 491, 98, 356, 367, 476, 47, 174, 204, 94, 63, 281, 249, 364, 320, 430, 304, 181, 216, 279, 381, 394, 339, 353, 258, 507, 316, 354, 247, 313, 462, 358, 6, 289, 307, 263, 341, 387, 211, 4, 34, 27, 28, 117, 175, 215, 225, 36, 119, 123, 131, 159, 93, 78, 206, 56, 52, 55, 262, 266, 299), 0.11200000000000021, 19.72428571428568, 66.02907816966325
(135, 100, 451, 495, 35, 490, 39, 150, 427), (467, 202, 133, 149, 221, 413, 484, 401, 411, 432, 20, 269, 446, 475, 145, 428, 429, 300, 455, 137, 444, 450, 372, 389, 257, 390, 417, 489, 104, 445, 62, 409, 481, 21, 441, 396, 395, 388, 115, 233, 275, 302), 0.41555555555555584, 4.65833333333333, 67.45675790822536
(68, 190), (146, 331, 322, 336, 426, 187, 422, 253, 212, 324, 447, 305, 208, 182, 110, 213, 85, 504, 259, 298, 234, 89, 49, 386, 295, 126, 72, 290, 351, 376, 383, 196, 244, 105, 138, 160, 101, 330, 67, 69, 66, 191, 26, 103, 506, 264, 235, 120, 402, 70, 217, 22, 24, 25, 278, 399, 75, 491, 98, 356, 367, 476, 47, 174, 204, 94, 63, 281, 249, 364, 320, 430, 304, 181, 216, 279, 381, 394, 339, 353, 258, 507, 316, 354, 247, 313, 462, 358, 6, 289, 307, 263, 341, 387, 211, 4, 34, 27, 28, 117, 175, 215, 225, 36, 119, 123, 131, 159, 93, 78, 206, 56, 52, 55, 262, 266, 299), 0.125, 21.243076923076952, 69.01792468262735
(226,), (68, 190, 146, 331, 322, 336, 426, 187, 422, 253, 212, 324, 447, 305, 208, 182, 110, 213, 85, 504, 259, 298, 234, 89, 49, 386, 295, 126, 72, 290, 351, 376, 383, 196, 244, 105, 138, 160, 101, 330, 67, 69, 66, 191, 26, 103, 506, 264, 235, 120, 402, 70, 217, 22, 24, 25, 278, 399, 75, 491, 98, 356, 367, 476, 47, 174, 204, 94, 63, 281, 249, 364, 320, 430, 304, 181, 216, 279, 381, 394, 339, 353, 258, 507, 316, 354, 247, 313, 462, 358, 6, 289, 307, 263, 341, 387, 211, 4, 34, 27, 28, 117, 175, 215, 225, 36, 119, 123, 131, 159, 93, 78, 206, 56, 52, 55, 262, 266, 299), 0.0, 22.92924369747902, 70.62734765181506
(46,), (226, 68, 190, 146, 331, 322, 336, 426, 187, 422, 253, 212, 324, 447, 305, 208, 182, 110, 213, 85, 504, 259, 298, 234, 89, 49, 386, 295, 126, 72, 290, 351, 376, 383, 196, 244, 105, 138, 160, 101, 330, 67, 69, 66, 191, 26, 103, 506, 264, 235, 120, 402, 70, 217, 22, 24, 25, 278, 399, 75, 491, 98, 356, 367, 476, 47, 174, 204, 94, 63, 281, 249, 364, 320, 430, 304, 181, 216, 279, 381, 394, 339, 353, 258, 507, 316, 354, 247, 313, 462, 358, 6, 289, 307, 263, 341, 387, 211, 4, 34, 27, 28, 117, 175, 215, 225, 36, 119, 123, 131, 159, 93, 78, 206, 56, 52, 55, 262, 266, 299), 0.0, 24.538666666666696, 72.21016858845445
(276,), (477, 13, 130, 346, 488, 361, 318, 378, 242, 184, 261, 347, 60, 59), 0.0, 2.6149999999999993, 73.9111685884543
(84,), (46, 226, 68, 190, 146, 331, 322, 336, 426, 187, 422, 253, 212, 324, 447, 305, 208, 182, 110, 213, 85, 504, 259, 298, 234, 89, 49, 386, 295, 126, 72, 290, 351, 376, 383, 196, 244, 105, 138, 160, 101, 330, 67, 69, 66, 191, 26, 103, 506, 264, 235, 120, 402, 70, 217, 22, 24, 25, 278, 399, 75, 491, 98, 356, 367, 476, 47, 174, 204, 94, 63, 281, 249, 364, 320, 430, 304, 181, 216, 279, 381, 394, 339, 353, 258, 507, 316, 354, 247, 313, 462, 358, 6, 289, 307, 263, 341, 387, 211, 4, 34, 27, 28, 117, 175, 215, 225, 36, 119, 123, 131, 159, 93, 78, 206, 56, 52, 55, 262, 266, 299), 0.0, 26.121487603305834, 75.72648426383678
(139, 224, 165, 31, 325, 90, 254, 377, 92, 134, 168, 503, 42, 156, 125, 129, 459, 463, 7, 465, 248, 485, 64, 136, 423, 319, 505, 141, 493, 38, 164, 425), (84, 46, 226, 68, 190, 146, 331, 322, 336, 426, 187, 422, 253, 212, 324, 447, 305, 208, 182, 110, 213, 85, 504, 259, 298, 234, 89, 49, 386, 295, 126, 72, 290, 351, 376, 383, 196, 244, 105, 138, 160, 101, 330, 67, 69, 66, 191, 26, 103, 506, 264, 235, 120, 402, 70, 217, 22, 24, 25, 278, 399, 75, 491, 98, 356, 367, 476, 47, 174, 204, 94, 63, 281, 249, 364, 320, 430, 304, 181, 216, 279, 381, 394, 339, 353, 258, 507, 316, 354, 247, 313, 462, 358, 6, 289, 307, 263, 341, 387, 211, 4, 34, 27, 28, 117, 175, 215, 225, 36, 119, 123, 131, 159, 93, 78, 206, 56, 52, 55, 262, 266, 299), 3.7087499999999998, 27.936803278688526, 77.44748942670677
(80, 87, 471, 457, 96, 270, 114, 144, 170), (139, 224, 165, 31, 325, 90, 254, 377, 92, 134, 168, 503, 42, 156, 125, 129, 459, 463, 7, 465, 248, 485, 64, 136, 423, 319, 505, 141, 493, 38, 164, 425, 84, 46, 226, 68, 190, 146, 331, 322, 336, 426, 187, 422, 253, 212, 324, 447, 305, 208, 182, 110, 213, 85, 504, 259, 298, 234, 89, 49, 386, 295, 126, 72, 290, 351, 376, 383, 196, 244, 105, 138, 160, 101, 330, 67, 69, 66, 191, 26, 103, 506, 264, 235, 120, 402, 70, 217, 22, 24, 25, 278, 399, 75, 491, 98, 356, 367, 476, 47, 174, 204, 94, 63, 281, 249, 364, 320, 430, 304, 181, 216, 279, 381, 394, 339, 353, 258, 507, 316, 354, 247, 313, 462, 358, 6, 289, 307, 263, 341, 387, 211, 4, 34, 27, 28, 117, 175, 215, 225, 36, 119, 123, 131, 159, 93, 78, 206, 56, 52, 55, 262, 266, 299), 0.9200000000000006, 33.36655844155849, 78.27700460478025
(385,), (80, 87, 471, 457, 96, 270, 114, 144, 170, 139, 224, 165, 31, 325, 90, 254, 377, 92, 134, 168, 503, 42, 156, 125, 129, 459, 463, 7, 465, 248, 485, 64, 136, 423, 319, 505, 141, 493, 38, 164, 425, 84, 46, 226, 68, 190, 146, 331, 322, 336, 426, 187, 422, 253, 212, 324, 447, 305, 208, 182, 110, 213, 85, 504, 259, 298, 234, 89, 49, 386, 295, 126, 72, 290, 351, 376, 383, 196, 244, 105, 138, 160, 101, 330, 67, 69, 66, 191, 26, 103, 506, 264, 235, 120, 402, 70, 217, 22, 24, 25, 278, 399, 75, 491, 98, 356, 367, 476, 47, 174, 204, 94, 63, 281, 249, 364, 320, 430, 304, 181, 216, 279, 381, 394, 339, 353, 258, 507, 316, 354, 247, 313, 462, 358, 6, 289, 307, 263, 341, 387, 211, 4, 34, 27, 28, 117, 175, 215, 225, 36, 119, 123, 131, 159, 93, 78, 206, 56, 52, 55, 262, 266, 299), 0.0, 35.116073619631926, 79.96940659490441
(2, 421, 8, 334, 142, 107, 50, 51), (385, 80, 87, 471, 457, 96, 270, 114, 144, 170, 139, 224, 165, 31, 325, 90, 254, 377, 92, 134, 168, 503, 42, 156, 125, 129, 459, 463, 7, 465, 248, 485, 64, 136, 423, 319, 505, 141, 493, 38, 164, 425, 84, 46, 226, 68, 190, 146, 331, 322, 336, 426, 187, 422, 253, 212, 324, 447, 305, 208, 182, 110, 213, 85, 504, 259, 298, 234, 89, 49, 386, 295, 126, 72, 290, 351, 376, 383, 196, 244, 105, 138, 160, 101, 330, 67, 69, 66, 191, 26, 103, 506, 264, 235, 120, 402, 70, 217, 22, 24, 25, 278, 399, 75, 491, 98, 356, 367, 476, 47, 174, 204, 94, 63, 281, 249, 364, 320, 430, 304, 181, 216, 279, 381, 394, 339, 353, 258, 507, 316, 354, 247, 313, 462, 358, 6, 289, 307, 263, 341, 387, 211, 4, 34, 27, 28, 117, 175, 215, 225, 36, 119, 123, 131, 159, 93, 78, 206, 56, 52, 55, 262, 266, 299), 0.5000000000000002, 36.80847560975605, 81.85319842700898
(9,), (2, 421, 8, 334, 142, 107, 50, 51, 385, 80, 87, 471, 457, 96, 270, 114, 144, 170, 139, 224, 165, 31, 325, 90, 254, 377, 92, 134, 168, 503, 42, 156, 125, 129, 459, 463, 7, 465, 248, 485, 64, 136, 423, 319, 505, 141, 493, 38, 164, 425, 84, 46, 226, 68, 190, 146, 331, 322, 336, 426, 187, 422, 253, 212, 324, 447, 305, 208, 182, 110, 213, 85, 504, 259, 298, 234, 89, 49, 386, 295, 126, 72, 290, 351, 376, 383, 196, 244, 105, 138, 160, 101, 330, 67, 69, 66, 191, 26, 103, 506, 264, 235, 120, 402, 70, 217, 22, 24, 25, 278, 399, 75, 491, 98, 356, 367, 476, 47, 174, 204, 94, 63, 281, 249, 364, 320, 430, 304, 181, 216, 279, 381, 394, 339, 353, 258, 507, 316, 354, 247, 313, 462, 358, 6, 289, 307, 263, 341, 387, 211, 4, 34, 27, 28, 117, 175, 215, 225, 36, 119, 123, 131, 159, 93, 78, 206, 56, 52, 55, 262, 266, 299), 0.0, 39.19226744186053, 82.9001217365938
(223,), (23, 153, 158, 143, 309, 293, 323, 273, 251, 162, 222, 186, 283, 374, 337, 333, 284, 329, 237, 76, 420, 478, 303, 127, 440, 479, 252, 82, 470, 185, 33, 5, 436, 157, 111, 274, 314, 410, 178, 297, 245, 108, 366, 497, 219, 207, 453, 407, 501, 167, 74, 128, 272, 384, 365, 173, 418, 458, 230, 228, 424, 121, 189, 48, 209, 291, 220, 95, 315, 360, 180, 113, 435), 0.0, 9.33260273972603, 84.9410325103813
(118, 437), (135, 100, 451, 495, 35, 490, 39, 150, 427, 467, 202, 133, 149, 221, 413, 484, 401, 411, 432, 20, 269, 446, 475, 145, 428, 429, 300, 455, 137, 444, 450, 372, 389, 257, 390, 417, 489, 104, 445, 62, 409, 481, 21, 441, 396, 395, 388, 115, 233, 275, 302), 0.020000000000000035, 6.501568627450967, 87.10663369425085
(369,), (276, 477, 13, 130, 346, 488, 361, 318, 378, 242, 184, 261, 347, 60, 59), 0.0, 4.316, 89.38813369425075
(277,), (9, 2, 421, 8, 334, 142, 107, 50, 51, 385, 80, 87, 471, 457, 96, 270, 114, 144, 170, 139, 224, 165, 31, 325, 90, 254, 377, 92, 134, 168, 503, 42, 156, 125, 129, 459, 463, 7, 465, 248, 485, 64, 136, 423, 319, 505, 141, 493, 38, 164, 425, 84, 46, 226, 68, 190, 146, 331, 322, 336, 426, 187, 422, 253, 212, 324, 447, 305, 208, 182, 110, 213, 85, 504, 259, 298, 234, 89, 49, 386, 295, 126, 72, 290, 351, 376, 383, 196, 244, 105, 138, 160, 101, 330, 67, 69, 66, 191, 26, 103, 506, 264, 235, 120, 402, 70, 217, 22, 24, 25, 278, 399, 75, 491, 98, 356, 367, 476, 47, 174, 204, 94, 63, 281, 249, 364, 320, 430, 304, 181, 216, 279, 381, 394, 339, 353, 258, 507, 316, 354, 247, 313, 462, 358, 6, 289, 307, 263, 341, 387, 211, 4, 34, 27, 28, 117, 175, 215, 225, 36, 119, 123, 131, 159, 93, 78, 206, 56, 52, 55, 262, 266, 299), 0.0, 40.239190751445015, 91.68595443705854
(416,), (277, 9, 2, 421, 8, 334, 142, 107, 50, 51, 385, 80, 87, 471, 457, 96, 270, 114, 144, 170, 139, 224, 165, 31, 325, 90, 254, 377, 92, 134, 168, 503, 42, 156, 125, 129, 459, 463, 7, 465, 248, 485, 64, 136, 423, 319, 505, 141, 493, 38, 164, 425, 84, 46, 226, 68, 190, 146, 331, 322, 336, 426, 187, 422, 253, 212, 324, 447, 305, 208, 182, 110, 213, 85, 504, 259, 298, 234, 89, 49, 386, 295, 126, 72, 290, 351, 376, 383, 196, 244, 105, 138, 160, 101, 330, 67, 69, 66, 191, 26, 103, 506, 264, 235, 120, 402, 70, 217, 22, 24, 25, 278, 399, 75, 491, 98, 356, 367, 476, 47, 174, 204, 94, 63, 281, 249, 364, 320, 430, 304, 181, 216, 279, 381, 394, 339, 353, 258, 507, 316, 354, 247, 313, 462, 358, 6, 289, 307, 263, 341, 387, 211, 4, 34, 27, 28, 117, 175, 215, 225, 36, 119, 123, 131, 159, 93, 78, 206, 56, 52, 55, 262, 266, 299), 0.0, 42.53701149425294, 93.95751437137724
(464,), (416, 277, 9, 2, 421, 8, 334, 142, 107, 50, 51, 385, 80, 87, 471, 457, 96, 270, 114, 144, 170, 139, 224, 165, 31, 325, 90, 254, 377, 92, 134, 168, 503, 42, 156, 125, 129, 459, 463, 7, 465, 248, 485, 64, 136, 423, 319, 505, 141, 493, 38, 164, 425, 84, 46, 226, 68, 190, 146, 331, 322, 336, 426, 187, 422, 253, 212, 324, 447, 305, 208, 182, 110, 213, 85, 504, 259, 298, 234, 89, 49, 386, 295, 126, 72, 290, 351, 376, 383, 196, 244, 105, 138, 160, 101, 330, 67, 69, 66, 191, 26, 103, 506, 264, 235, 120, 402, 70, 217, 22, 24, 25, 278, 399, 75, 491, 98, 356, 367, 476, 47, 174, 204, 94, 63, 281, 249, 364, 320, 430, 304, 181, 216, 279, 381, 394, 339, 353, 258, 507, 316, 354, 247, 313, 462, 358, 6, 289, 307, 263, 341, 387, 211, 4, 34, 27, 28, 117, 175, 215, 225, 36, 119, 123, 131, 159, 93, 78, 206, 56, 52, 55, 262, 266, 299), 0.0, 44.808571428571476, 96.203261124624
(106, 109, 268), (118, 437, 135, 100, 451, 495, 35, 490, 39, 150, 427, 467, 202, 133, 149, 221, 413, 484, 401, 411, 432, 20, 269, 446, 475, 145, 428, 429, 300, 455, 137, 444, 450, 372, 389, 257, 390, 417, 489, 104, 445, 62, 409, 481, 21, 441, 396, 395, 388, 115, 233, 275, 302), 0.08000000000000014, 8.687169811320752, 98.61037702758885
(231,), (223, 23, 153, 158, 143, 309, 293, 323, 273, 251, 162, 222, 186, 283, 374, 337, 333, 284, 329, 237, 76, 420, 478, 303, 127, 440, 479, 252, 82, 470, 185, 33, 5, 436, 157, 111, 274, 314, 410, 178, 297, 245, 108, 366, 497, 219, 207, 453, 407, 501, 167, 74, 128, 272, 384, 365, 173, 418, 458, 230, 228, 424, 121, 189, 48, 209, 291, 220, 95, 315, 360, 180, 113, 435), 0.0, 11.37351351351351, 101.19633018074212
(480,), (231, 223, 23, 153, 158, 143, 309, 293, 323, 273, 251, 162, 222, 186, 283, 374, 337, 333, 284, 329, 237, 76, 420, 478, 303, 127, 440, 479, 252, 82, 470, 185, 33, 5, 436, 157, 111, 274, 314, 410, 178, 297, 245, 108, 366, 497, 219, 207, 453, 407, 501, 167, 74, 128, 272, 384, 365, 173, 418, 458, 230, 228, 424, 121, 189, 48, 209, 291, 220, 95, 315, 360, 180, 113, 435), 0.0, 13.959466666666662, 103.71423193512805
(45, 77), (464, 416, 277, 9, 2, 421, 8, 334, 142, 107, 50, 51, 385, 80, 87, 471, 457, 96, 270, 114, 144, 170, 139, 224, 165, 31, 325, 90, 254, 377, 92, 134, 168, 503, 42, 156, 125, 129, 459, 463, 7, 465, 248, 485, 64, 136, 423, 319, 505, 141, 493, 38, 164, 425, 84, 46, 226, 68, 190, 146, 331, 322, 336, 426, 187, 422, 253, 212, 324, 447, 305, 208, 182, 110, 213, 85, 504, 259, 298, 234, 89, 49, 386, 295, 126, 72, 290, 351, 376, 383, 196, 244, 105, 138, 160, 101, 330, 67, 69, 66, 191, 26, 103, 506, 264, 235, 120, 402, 70, 217, 22, 24, 25, 278, 399, 75, 491, 98, 356, 367, 476, 47, 174, 204, 94, 63, 281, 249, 364, 320, 430, 304, 181, 216, 279, 381, 394, 339, 353, 258, 507, 316, 354, 247, 313, 462, 358, 6, 289, 307, 263, 341, 387, 211, 4, 34, 27, 28, 117, 175, 215, 225, 36, 119, 123, 131, 159, 93, 78, 206, 56, 52, 55, 262, 266, 299), 0.125, 47.05431818181818, 106.77609352859047
(81, 454, 359, 492), (106, 109, 268, 118, 437, 135, 100, 451, 495, 35, 490, 39, 150, 427, 467, 202, 133, 149, 221, 413, 484, 401, 411, 432, 20, 269, 446, 475, 145, 428, 429, 300, 455, 137, 444, 450, 372, 389, 257, 390, 417, 489, 104, 445, 62, 409, 481, 21, 441, 396, 395, 388, 115, 233, 275, 302), 0.03000000000000005, 11.174285714285718, 109.94580781430486
(86, 439, 452), (45, 77, 464, 416, 277, 9, 2, 421, 8, 334, 142, 107, 50, 51, 385, 80, 87, 471, 457, 96, 270, 114, 144, 170, 139, 224, 165, 31, 325, 90, 254, 377, 92, 134, 168, 503, 42, 156, 125, 129, 459, 463, 7, 465, 248, 485, 64, 136, 423, 319, 505, 141, 493, 38, 164, 425, 84, 46, 226, 68, 190, 146, 331, 322, 336, 426, 187, 422, 253, 212, 324, 447, 305, 208, 182, 110, 213, 85, 504, 259, 298, 234, 89, 49, 386, 295, 126, 72, 290, 351, 376, 383, 196, 244, 105, 138, 160, 101, 330, 67, 69, 66, 191, 26, 103, 506, 264, 235, 120, 402, 70, 217, 22, 24, 25, 278, 399, 75, 491, 98, 356, 367, 476, 47, 174, 204, 94, 63, 281, 249, 364, 320, 430, 304, 181, 216, 279, 381, 394, 339, 353, 258, 507, 316, 354, 247, 313, 462, 358, 6, 289, 307, 263, 341, 387, 211, 4, 34, 27, 28, 117, 175, 215, 225, 36, 119, 123, 131, 159, 93, 78, 206, 56, 52, 55, 262, 266, 299), 0.7400000000000001, 50.24117977528093, 113.64440704454927
(183,), (480, 231, 223, 23, 153, 158, 143, 309, 293, 323, 273, 251, 162, 222, 186, 283, 374, 337, 333, 284, 329, 237, 76, 420, 478, 303, 127, 440, 479, 252, 82, 470, 185, 33, 5, 436, 157, 111, 274, 314, 410, 178, 297, 245, 108, 366, 497, 219, 207, 453, 407, 501, 167, 74, 128, 272, 384, 365, 173, 418, 458, 230, 228, 424, 121, 189, 48, 209, 291, 220, 95, 315, 360, 180, 113, 435), 0.0, 16.477368421052624, 117.8995061559641
(271, 352, 282, 482, 201, 357), (86, 439, 452, 45, 77, 464, 416, 277, 9, 2, 421, 8, 334, 142, 107, 50, 51, 385, 80, 87, 471, 457, 96, 270, 114, 144, 170, 139, 224, 165, 31, 325, 90, 254, 377, 92, 134, 168, 503, 42, 156, 125, 129, 459, 463, 7, 465, 248, 485, 64, 136, 423, 319, 505, 141, 493, 38, 164, 425, 84, 46, 226, 68, 190, 146, 331, 322, 336, 426, 187, 422, 253, 212, 324, 447, 305, 208, 182, 110, 213, 85, 504, 259, 298, 234, 89, 49, 386, 295, 126, 72, 290, 351, 376, 383, 196, 244, 105, 138, 160, 101, 330, 67, 69, 66, 191, 26, 103, 506, 264, 235, 120, 402, 70, 217, 22, 24, 25, 278, 399, 75, 491, 98, 356, 367, 476, 47, 174, 204, 94, 63, 281, 249, 364, 320, 430, 304, 181, 216, 279, 381, 394, 339, 353, 258, 507, 316, 354, 247, 313, 462, 358, 6, 289, 307, 263, 341, 387, 211, 4, 34, 27, 28, 117, 175, 215, 225, 36, 119, 123, 131, 159, 93, 78, 206, 56, 52, 55, 262, 266, 299), 0.5399999999999997, 54.67977900552474, 122.59202661567996
(179, 404, 292, 311, 188, 342, 375), (232, 240, 344, 200, 238, 312, 350, 57, 214, 321, 280, 338, 193, 194, 177, 195, 391, 287, 288, 382, 373, 294, 151, 267, 468, 349, 286, 229, 236, 37, 218, 53, 308, 58, 10, 163, 192, 348, 1, 152, 148, 147, 3, 155, 54), 0.3171428571428572, 7.145777777777778, 127.55429828845155
(166, 486), (183, 480, 231, 223, 23, 153, 158, 143, 309, 293, 323, 273, 251, 162, 222, 186, 283, 374, 337, 333, 284, 329, 237, 76, 420, 478, 303, 127, 440, 479, 252, 82, 470, 185, 33, 5, 436, 157, 111, 274, 314, 410, 178, 297, 245, 108, 366, 497, 219, 207, 453, 407, 501, 167, 74, 128, 272, 384, 365, 173, 418, 458, 230, 228, 424, 121, 189, 48, 209, 291, 220, 95, 315, 360, 180, 113, 435), 0.125, 20.732467532467513, 132.54062822433858
(335, 487, 99, 498), (271, 352, 282, 482, 201, 357, 86, 439, 452, 45, 77, 464, 416, 277, 9, 2, 421, 8, 334, 142, 107, 50, 51, 385, 80, 87, 471, 457, 96, 270, 114, 144, 170, 139, 224, 165, 31, 325, 90, 254, 377, 92, 134, 168, 503, 42, 156, 125, 129, 459, 463, 7, 465, 248, 485, 64, 136, 423, 319, 505, 141, 493, 38, 164, 425, 84, 46, 226, 68, 190, 146, 331, 322, 336, 426, 187, 422, 253, 212, 324, 447, 305, 208, 182, 110, 213, 85, 504, 259, 298, 234, 89, 49, 386, 295, 126, 72, 290, 351, 376, 383, 196, 244, 105, 138, 160, 101, 330, 67, 69, 66, 191, 26, 103, 506, 264, 235, 120, 402, 70, 217, 22, 24, 25, 278, 399, 75, 491, 98, 356, 367, 476, 47, 174, 204, 94, 63, 281, 249, 364, 320, 430, 304, 181, 216, 279, 381, 394, 339, 353, 258, 507, 316, 354, 247, 313, 462, 358, 6, 289, 307, 263, 341, 387, 211, 4, 34, 27, 28, 117, 175, 215, 225, 36, 119, 123, 131, 159, 93, 78, 206, 56, 52, 55, 262, 266, 299), 0.007499999999999946, 59.912299465240594, 138.1336036282073
(474, 355, 246), (166, 486, 183, 480, 231, 223, 23, 153, 158, 143, 309, 293, 323, 273, 251, 162, 222, 186, 283, 374, 337, 333, 284, 329, 237, 76, 420, 478, 303, 127, 440, 479, 252, 82, 470, 185, 33, 5, 436, 157, 111, 274, 314, 410, 178, 297, 245, 108, 366, 497, 219, 207, 453, 407, 501, 167, 74, 128, 272, 384, 365, 173, 418, 458, 230, 228, 424, 121, 189, 48, 209, 291, 220, 95, 315, 360, 180, 113, 435), 0.2600000000000001, 25.84379746835451, 143.87041591595053
(154,), (124, 434, 500, 442, 132, 431, 473, 438, 461, 433, 412, 472, 340, 499, 494, 419, 227, 469, 32, 41, 256, 456, 79, 449, 415, 91, 414, 392, 406, 301, 161, 508, 116, 241, 393, 239, 443, 317, 265, 327, 176, 14, 15, 205, 326, 43, 285, 197, 408, 243, 83, 466, 362, 255, 343, 260, 140, 345, 368), 0.0, 11.720338983050851, 150.20941026623333
(369, 276, 477, 13, 130, 346, 488, 361, 318, 378, 242, 184, 261, 347, 60, 59), (154, 124, 434, 500, 442, 132, 431, 473, 438, 461, 433, 412, 472, 340, 499, 494, 419, 227, 469, 32, 41, 256, 456, 79, 449, 415, 91, 414, 392, 406, 301, 161, 508, 116, 241, 393, 239, 443, 317, 265, 327, 176, 14, 15, 205, 326, 43, 285, 197, 408, 243, 83, 466, 362, 255, 343, 260, 140, 345, 368), 6.597499999999999, 18.05933333333333, 157.4894190381628
(397, 171, 19, 17, 18, 122), (81, 454, 359, 492, 106, 109, 268, 118, 437, 135, 100, 451, 495, 35, 490, 39, 150, 427, 467, 202, 133, 149, 221, 413, 484, 401, 411, 432, 20, 269, 446, 475, 145, 428, 429, 300, 455, 137, 444, 450, 372, 389, 257, 390, 417, 489, 104, 445, 62, 409, 481, 21, 441, 396, 395, 388, 115, 233, 275, 302), 1.4000000000000001, 14.373999999999993, 165.47541903816298
(335, 487, 99, 498, 271, 352, 282, 482, 201, 357, 86, 439, 452, 45, 77, 464, 416, 277, 9, 2, 421, 8, 334, 142, 107, 50, 51, 385, 80, 87, 471, 457, 96, 270, 114, 144, 170, 139, 224, 165, 31, 325, 90, 254, 377, 92, 134, 168, 503, 42, 156, 125, 129, 459, 463, 7, 465, 248, 485, 64, 136, 423, 319, 505, 141, 493, 38, 164, 425, 84, 46, 226, 68, 190, 146, 331, 322, 336, 426, 187, 422, 253, 212, 324, 447, 305, 208, 182, 110, 213, 85, 504, 259, 298, 234, 89, 49, 386, 295, 126, 72, 290, 351, 376, 383, 196, 244, 105, 138, 160, 101, 330, 67, 69, 66, 191, 26, 103, 506, 264, 235, 120, 402, 70, 217, 22, 24, 25, 278, 399, 75, 491, 98, 356, 367, 476, 47, 174, 204, 94, 63, 281, 249, 364, 320, 430, 304, 181, 216, 279, 381, 394, 339, 353, 258, 507, 316, 354, 247, 313, 462, 358, 6, 289, 307, 263, 341, 387, 211, 4, 34, 27, 28, 117, 175, 215, 225, 36, 119, 123, 131, 159, 93, 78, 206, 56, 52, 55, 262, 266, 299), (369, 276, 477, 13, 130, 346, 488, 361, 318, 378, 242, 184, 261, 347, 60, 59, 154, 124, 434, 500, 442, 132, 431, 473, 438, 461, 433, 412, 472, 340, 499, 494, 419, 227, 469, 32, 41, 256, 456, 79, 449, 415, 91, 414, 392, 406, 301, 161, 508, 116, 241, 393, 239, 443, 317, 265, 327, 176, 14, 15, 205, 326, 43, 285, 197, 408, 243, 83, 466, 362, 255, 343, 260, 140, 345, 368), 65.51277486911007, 31.936842105263132, 183.88250618364032
(397, 171, 19, 17, 18, 122, 81, 454, 359, 492, 106, 109, 268, 118, 437, 135, 100, 451, 495, 35, 490, 39, 150, 427, 467, 202, 133, 149, 221, 413, 484, 401, 411, 432, 20, 269, 446, 475, 145, 428, 429, 300, 455, 137, 444, 450, 372, 389, 257, 390, 417, 489, 104, 445, 62, 409, 481, 21, 441, 396, 395, 388, 115, 233, 275, 302), (335, 487, 99, 498, 271, 352, 282, 482, 201, 357, 86, 439, 452, 45, 77, 464, 416, 277, 9, 2, 421, 8, 334, 142, 107, 50, 51, 385, 80, 87, 471, 457, 96, 270, 114, 144, 170, 139, 224, 165, 31, 325, 90, 254, 377, 92, 134, 168, 503, 42, 156, 125, 129, 459, 463, 7, 465, 248, 485, 64, 136, 423, 319, 505, 141, 493, 38, 164, 425, 84, 46, 226, 68, 190, 146, 331, 322, 336, 426, 187, 422, 253, 212, 324, 447, 305, 208, 182, 110, 213, 85, 504, 259, 298, 234, 89, 49, 386, 295, 126, 72, 290, 351, 376, 383, 196, 244, 105, 138, 160, 101, 330, 67, 69, 66, 191, 26, 103, 506, 264, 235, 120, 402, 70, 217, 22, 24, 25, 278, 399, 75, 491, 98, 356, 367, 476, 47, 174, 204, 94, 63, 281, 249, 364, 320, 430, 304, 181, 216, 279, 381, 394, 339, 353, 258, 507, 316, 354, 247, 313, 462, 358, 6, 289, 307, 263, 341, 387, 211, 4, 34, 27, 28, 117, 175, 215, 225, 36, 119, 123, 131, 159, 93, 78, 206, 56, 52, 55, 262, 266, 299, 369, 276, 477, 13, 130, 346, 488, 361, 318, 378, 242, 184, 261, 347, 60, 59, 154, 124, 434, 500, 442, 132, 431, 473, 438, 461, 433, 412, 472, 340, 499, 494, 419, 227, 469, 32, 41, 256, 456, 79, 449, 415, 91, 414, 392, 406, 301, 161, 508, 116, 241, 393, 239, 443, 317, 265, 327, 176, 14, 15, 205, 326, 43, 285, 197, 408, 243, 83, 466, 362, 255, 343, 260, 140, 345, 368), 23.76000000000002, 115.85670411985006, 196.04460086258845
(179, 404, 292, 311, 188, 342, 375, 232, 240, 344, 200, 238, 312, 350, 57, 214, 321, 280, 338, 193, 194, 177, 195, 391, 287, 288, 382, 373, 294, 151, 267, 468, 349, 286, 229, 236, 37, 218, 53, 308, 58, 10, 163, 192, 348, 1, 152, 148, 147, 3, 155, 54), (397, 171, 19, 17, 18, 122, 81, 454, 359, 492, 106, 109, 268, 118, 437, 135, 100, 451, 495, 35, 490, 39, 150, 427, 467, 202, 133, 149, 221, 413, 484, 401, 411, 432, 20, 269, 446, 475, 145, 428, 429, 300, 455, 137, 444, 450, 372, 389, 257, 390, 417, 489, 104, 445, 62, 409, 481, 21, 441, 396, 395, 388, 115, 233, 275, 302, 335, 487, 99, 498, 271, 352, 282, 482, 201, 357, 86, 439, 452, 45, 77, 464, 416, 277, 9, 2, 421, 8, 334, 142, 107, 50, 51, 385, 80, 87, 471, 457, 96, 270, 114, 144, 170, 139, 224, 165, 31, 325, 90, 254, 377, 92, 134, 168, 503, 42, 156, 125, 129, 459, 463, 7, 465, 248, 485, 64, 136, 423, 319, 505, 141, 493, 38, 164, 425, 84, 46, 226, 68, 190, 146, 331, 322, 336, 426, 187, 422, 253, 212, 324, 447, 305, 208, 182, 110, 213, 85, 504, 259, 298, 234, 89, 49, 386, 295, 126, 72, 290, 351, 376, 383, 196, 244, 105, 138, 160, 101, 330, 67, 69, 66, 191, 26, 103, 506, 264, 235, 120, 402, 70, 217, 22, 24, 25, 278, 399, 75, 491, 98, 356, 367, 476, 47, 174, 204, 94, 63, 281, 249, 364, 320, 430, 304, 181, 216, 279, 381, 394, 339, 353, 258, 507, 316, 354, 247, 313, 462, 358, 6, 289, 307, 263, 341, 387, 211, 4, 34, 27, 28, 117, 175, 215, 225, 36, 119, 123, 131, 159, 93, 78, 206, 56, 52, 55, 262, 266, 299, 369, 276, 477, 13, 130, 346, 488, 361, 318, 378, 242, 184, 261, 347, 60, 59, 154, 124, 434, 500, 442, 132, 431, 473, 438, 461, 433, 412, 472, 340, 499, 494, 419, 227, 469, 32, 41, 256, 456, 79, 449, 415, 91, 414, 392, 406, 301, 161, 508, 116, 241, 393, 239, 443, 317, 265, 327, 176, 14, 15, 205, 326, 43, 285, 197, 408, 243, 83, 466, 362, 255, 343, 260, 140, 345, 368), 12.42519230769231, 151.7787987987988, 208.43037598986353
