r_u, r_v, r_u SSD, r_v SSD, sum of within-region SSD
(13,), (130,), 0.0, 0.0, 0.0
(20,), (21,), 0.0, 0.0, 0.0
(283,), (70,), 0.0, 0.0, 0.0
(395,), (484,), 0.0, 0.0, 0.0
(420,), (264,), 0.0, 0.0, 0.0
(506,), (458,), 0.0, 0.0, 0.0
(453,), (497,), 0.0, 0.0, 0.0
(279,), (335,), 0.0, 0.0, 0.0
(45,), (119,), 0.0, 0.0, 0.0
(150,), (269,), 0.0, 0.0, 0.0
(174,), (281,), 0.0, 0.0, 0.0
(307,), (506, 458), 0.0, 0.0, 0.0
(378,), (243,), 0.0, 0.0, 0.0
(327,), (353,), 0.0, 0.0, 0.0
(394,), (265,), 0.0, 0.0, 0.0
(197,), (378, 243), 0.0, 0.0, 0.0
(189,), (402,), 0.0, 0.0, 0.0
(5,), (157,), 0.0, 0.0, 0.0
(213,), (316,), 0.0, 0.0, 0.0
(110,), (221,), 0.0, 0.0, 0.0
(89,), (176,), 0.0, 0.0, 0.0
(143,), (337,), 0.0, 0.0, 0.0
(158,), (273,), 0.0, 0.0, 0.0
(192,), (336,), 0.0, 0.0, 0.0
(491,), (314,), 0.0, 0.0, 0.0
(68,), (103,), 0.0, 0.0, 0.0
(47,), (115,), 0.0, 0.0, 0.0
(325,), (495,), 0.0, 0.0, 0.0
(454,), (47, 115), 0.0, 0.0, 0.0
(218,), (288,), 0.0, 0.0, 0.0
(321,), (342,), 0.0, 0.0, 0.0
(22,), (222,), 0.0, 0.0, 0.0
(211,), (307, 506, 458), 0.0, 0.0, 0.0
(95,), (324,), 0.0, 0.0, 0.0
(74,), (407,), 0.0, 0.0, 0.0
(98,), (277,), 0.0, 0.0, 0.0
(257,), (106,), 0.0, 0.0, 0.0
(124,), (197, 378, 243), 0.0, 0.0, 0.0
(333,), (143, 337), 0.0, 0.0, 0.0
(500,), (442,), 0.0, 0.0, 0.0
(247,), (312,), 0.0, 0.0, 0.0
(439,), (330,), 0.0, 0.0, 0.0
(75,), (178,), 0.0, 0.0, 0.0
(156,), (377,), 0.0, 0.0, 0.0
(72,), (454, 47, 115), 0.0, 0.0, 0.0
(361,), (488,), 0.0, 0.0, 0.0
(236,), (244,), 0.0, 0.0, 0.0
(80,), (114,), 0.0, 0.0, 0.0
(217,), (211, 307, 506, 458), 0.0, 0.0, 0.0
(171,), (389,), 0.0, 0.0, 0.0
(212,), (356,), 0.0, 0.0, 0.0
(224,), (298,), 0.0, 0.0, 0.0
(253,), (212, 356), 0.0, 0.0, 0.0
(113,), (253, 212, 356), 0.0, 0.0, 0.0
(15,), (205,), 0.0, 0.0, 0.0
(110, 221), (72, 454, 47, 115), 0.0, 0.0, 0.0
(100,), (87,), 0.0, 0.0, 0.0
(86,), (36,), 0.0, 0.0, 0.0
(487,), (498,), 0.0, 0.0, 0.0
(313,), (376,), 0.0, 0.0, 0.0
(441,), (481,), 0.0, 0.0, 0.0
(148,), (348,), 0.0, 0.0, 0.0
(50,), (51,), 0.0, 0.0, 0.0
(154,), (368,), 0.0, 0.0, 0.0
(386,), (395, 484), 0.0, 0.0, 0.0
(433,), (494,), 0.0, 0.0, 0.0
(503,), (156, 377), 0.0, 0.0, 0.0
(19,), (62,), 0.0, 0.0, 0.0
(282,), (213, 316), 0.0, 0.0, 0.0
(153,), (447,), 0.0, 0.0, 0.0
(186,), (304,), 0.0, 0.0, 0.0
(261,), (369,), 0.0, 0.0, 0.0
(164,), (425,), 0.0, 0.0, 0.0
(22, 222), (333, 143, 337), 0.0, 0.0, 0.0
(135,), (254,), 0.0, 0.0, 0.0
(134,), (503, 156, 377), 0.0, 0.0, 0.0
(162,), (263,), 0.0, 0.0, 0.0
(160,), (101,), 0.0, 0.0, 0.0
(78,), (131,), 0.0, 0.0, 0.0
(52,), (107,), 0.0, 0.0, 0.0
(127,), (185,), 0.0, 0.0, 0.0
(227,), (431,), 0.0, 0.0, 0.0
(412,), (493,), 0.0, 0.0, 0.0
(23,), (293,), 0.0, 0.0, 0.0
(466,), (154, 368), 0.0, 0.0, 0.0
(136,), (141,), 0.0, 0.0, 0.0
(64,), (248,), 0.0, 0.0, 0.0
(499,), (136, 141), 0.0, 0.0, 0.0
(84,), (266,), 0.0, 0.0, 0.0
(268,), (150, 269), 0.0, 0.0, 5.9164567891575885e-31
(315,), (98, 277), 0.0, 0.0, 1.1832913578315177e-30
(365,), (420, 264), 0.0, 0.0, 1.7749370367472766e-30
(35,), (171, 389), 0.0, 0.0, 2.3665827156630354e-30
(17,), (35, 171, 389), 0.0, 5.9164567891575885e-31, 1.7749370367472766e-30
(292,), (382,), 0.0, 0.0, 0.0049999999999999645
(56,), (58,), 0.0, 0.0, 0.009999999999999929
(428,), (457,), 0.0, 0.0, 0.014999999999999892
(258,), (462,), 0.0, 0.0, 0.019999999999999855
(326,), (346,), 0.0, 0.0, 0.024999999999999818
(161,), (326, 346), 0.0, 0.0049999999999999645, 0.026666666666666478
(294,), (373,), 0.0, 0.0, 0.03166666666666644
(216,), (294, 373), 0.0, 0.0049999999999999645, 0.0333333333333331
(91,), (319,), 0.0, 0.0, 0.03833333333333306
(117,), (175,), 0.0, 0.0, 0.04333333333333302
(209,), (223,), 0.0, 0.0, 0.048333333333332985
(77,), (159,), 0.0, 0.0, 0.05333333333333295
(167,), (219,), 0.0, 0.0, 0.05833333333333291
(128,), (167, 219), 0.0, 0.0049999999999999645, 0.059999999999999575
(200,), (320,), 0.0, 0.0, 0.06499999999999954
(501,), (246,), 0.0, 0.0, 0.06999999999999952
(404,), (344,), 0.0, 0.0, 0.0749999999999995
(121,), (387,), 0.0, 0.0, 0.07999999999999947
(104,), (504,), 0.0, 0.0, 0.08499999999999945
(94,), (280,), 0.0, 0.0, 0.08999999999999943
(239,), (317,), 0.0, 0.0, 0.0949999999999994
(249,), (350,), 0.0, 0.0, 0.09999999999999938
(215,), (507,), 0.0, 0.0, 0.10499999999999936
(251,), (309,), 0.0, 0.0, 0.10999999999999933
(120,), (235,), 0.0, 0.0, 0.11499999999999931
(492,), (137,), 0.0, 0.0, 0.11999999999999929
(10,), (163,), 0.0, 0.0, 0.12499999999999926
(8,), (10, 163), 0.0, 0.0049999999999999645, 0.1266666666666659
(341,), (422,), 0.0, 0.0, 0.13166666666666585
(436,), (480,), 0.0, 0.0, 0.1366666666666658
(53,), (334,), 0.0, 0.0, 0.14166666666666575
(109,), (302,), 0.0, 0.0, 0.14666666666666575
(193,), (236, 244), 0.0, 0.0, 0.15333333333333235
(194,), (193, 236, 244), 0.0, 0.00666666666666662, 0.15666666666666565
(66,), (153, 447), 0.0, 0.0, 0.16333333333333225
(399,), (74, 407), 0.0, 0.0, 0.16999999999999885
(421,), (50, 51), 0.0, 0.0, 0.17666666666666545
(469,), (500, 442), 0.0, 0.0, 0.18333333333333204
(412, 493), (469, 500, 442), 0.0, 0.006666666666666619, 0.1886666666666654
(415,), (412, 493, 469, 500, 442), 0.0, 0.011999999999999915, 0.1916666666666653
(446,), (78, 131), 0.0, 0.0, 0.1983333333333319
(206,), (446, 78, 131), 0.0, 0.00666666666666662, 0.2016666666666652
(417,), (224, 298), 0.0, 0.0, 0.2083333333333318
(486,), (491, 314), 0.0, 0.0, 0.2149999999999984
(435,), (189, 402), 0.0, 0.0, 0.22166666666666499
(408,), (15, 205), 0.0, 0.0, 0.22833333333333158
(451,), (135, 254), 0.0, 0.0, 0.23499999999999818
(252,), (5, 157), 0.0, 0.0, 0.24166666666666478
(270,), (64, 248), 0.0, 0.0, 0.24833333333333138
(142,), (148, 348), 0.0, 0.0, 0.254999999999998
(124, 197, 378, 243), (161, 326, 346), 0.0, 0.006666666666666619, 0.26261904761904553
(186, 304), (22, 222, 333, 143, 337), 0.0, 0.0, 0.27690476190475977
(455,), (109, 302), 0.0, 0.005000000000000009, 0.2919047619047598
(464,), (459,), 0.0, 0.0, 0.3119047619047598
(411,), (432,), 0.0, 0.0, 0.33190476190475987
(339,), (381,), 0.0, 0.0, 0.35190476190475994
(67,), (69,), 0.0, 0.0, 0.37190476190475996
(79,), (241,), 0.0, 0.0, 0.39190476190476004
(96,), (144,), 0.0, 0.0, 0.41190476190476005
(177,), (468,), 0.0, 0.0, 0.4319047619047601
(267,), (226,), 0.0, 0.0, 0.4519047619047602
(388,), (396,), 0.0, 0.0, 0.4719047619047603
(155,), (3,), 0.0, 0.0, 0.4919047619047603
(59,), (362,), 0.0, 0.0, 0.5119047619047603
(214,), (354,), 0.0, 0.0, 0.5319047619047603
(92,), (461,), 0.0, 0.0, 0.5519047619047603
(7,), (92, 461), 0.0, 0.020000000000000035, 0.5585714285714272
(230,), (173,), 0.0, 0.0, 0.5785714285714272
(397,), (445,), 0.0, 0.0, 0.5985714285714272
(452,), (138,), 0.0, 0.0, 0.6185714285714272
(329,), (452, 138), 0.0, 0.020000000000000035, 0.6252380952380938
(375,), (287,), 0.0, 0.0, 0.6452380952380938
(490,), (39,), 0.0, 0.0, 0.6652380952380939
(2,), (147,), 0.0, 0.0, 0.6852380952380939
(196,), (286,), 0.0, 0.0, 0.7052380952380939
(282, 213, 316), (196, 286), 0.0, 0.020000000000000035, 0.7172380952380941
(49,), (390,), 0.0, 0.0, 0.7372380952380941
(82,), (470,), 0.0, 0.0, 0.7572380952380942
(414,), (456,), 0.0, 0.0, 0.7772380952380942
(164, 425), (414, 456), 0.0, 0.020000000000000035, 0.7872380952380941
(443,), (164, 425, 414, 456), 0.0, 0.030000000000000054, 0.8052380952380944
(331,), (426,), 0.0, 0.0, 0.8252380952380944
(32,), (41,), 0.0, 0.0, 0.8452380952380945
(472,), (7, 92, 461), 0.0, 0.026666666666666717, 0.8660714285714275
(435, 189, 402), (230, 173), 0.00666666666666662, 0.020000000000000035, 0.887404761904761
(451, 135, 254), (464, 459), 0.006666666666666619, 0.020000000000000035, 0.9087380952380946
(436, 480), (82, 470), 0.0049999999999999645, 0.020000000000000035, 0.9312380952380945
(188,), (375, 287), 0.0, 0.020000000000000035, 0.9579047619047611
(129,), (32, 41), 0.0, 0.020000000000000035, 0.9845714285714278
(190,), (68, 103), 0.0, 0.0, 1.0112380952380944
(27,), (190, 68, 103), 0.0, 0.026666666666666717, 1.0245714285714276
(207,), (453, 497), 0.0, 0.0, 1.0512380952380944
(255,), (261, 369), 0.0, 0.0, 1.0779047619047613
(13, 130), (255, 261, 369), 0.0, 0.026666666666666717, 1.0992380952380942
(340,), (227, 431), 0.0, 0.0, 1.1259047619047609
(90,), (340, 227, 431), 0.0, 0.026666666666666717, 1.1392380952380943
(225,), (86, 36), 0.0, 0.0, 1.1659047619047611
(149,), (174, 281), 0.0, 0.0, 1.192571428571428
(57,), (321, 342), 0.0, 0.0, 1.2192380952380948
(31,), (451, 135, 254, 464, 459), 0.0, 0.04799999999999998, 1.2462380952380945
(270, 64, 248), (31, 451, 135, 254, 464, 459), 0.006666666666666619, 0.07500000000000001, 1.2601269841269842
(125,), (134, 503, 156, 377), 0.0, 0.0, 1.2921269841269845
(360,), (113, 253, 212, 356), 0.0, 0.0, 1.3241269841269847
(122,), (17, 35, 171, 389), 0.0, 0.0, 1.356126984126985
(284,), (217, 211, 307, 506, 458), 0.0, 0.0, 1.3894603174603182
(4,), (284, 217, 211, 307, 506, 458), 0.0, 0.033333333333333395, 1.4132698412698423
(20, 21), (122, 17, 35, 171, 389), 0.0, 0.03200000000000006, 1.4498412698412708
(325, 495), (100, 87), 0.0, 0.0, 1.4898412698412709
(251, 309), (329, 452, 138), 0.0049999999999999645, 0.026666666666666717, 1.5301746031746044
(385,), (251, 309, 329, 452, 138), 0.0, 0.07199999999999998, 1.5515079365079374
(94, 280), (57, 321, 342), 0.0049999999999999645, 0.026666666666666717, 1.5918412698412705
(194, 193, 236, 244), (94, 280, 57, 321, 342), 0.009999999999999929, 0.07199999999999998, 1.618730158730159
(383,), (194, 193, 236, 244, 94, 280, 57, 321, 342), 0.0, 0.10888888888888879, 1.6508412698412707
(111,), (252, 5, 157), 0.0, 0.006666666666666619, 1.6916746031746042
(183,), (111, 252, 5, 157), 0.0, 0.047499999999999966, 1.716174603174604
(184,), (408, 15, 205), 0.0, 0.00666666666666662, 1.7570079365079372
(146,), (142, 148, 348), 0.0, 0.00666666666666662, 1.7978412698412707
(181,), (216, 294, 373), 0.0, 0.006666666666666619, 1.8386746031746042
(54,), (8, 10, 163), 0.0, 0.00666666666666662, 1.8795079365079375
(37,), (292, 382), 0.0, 0.0049999999999999645, 1.9211746031746042
(355,), (501, 246), 0.0, 0.0049999999999999645, 1.962841269841271
(359,), (492, 137), 0.0, 0.0049999999999999645, 2.0045079365079377
(275,), (359, 492, 137), 0.0, 0.046666666666666634, 2.025341269841271
(467,), (275, 359, 492, 137), 0.0, 0.06749999999999996, 2.0378412698412713
(295,), (467, 275, 359, 492, 137), 0.0, 0.07999999999999997, 2.071174603174604
(208,), (209, 223), 0.0, 0.0049999999999999645, 2.1128412698412706
(429,), (428, 457), 0.0, 0.0049999999999999645, 2.154507936507937
(318,), (239, 317), 0.0, 0.0049999999999999645, 2.196174603174604
(499, 136, 141), (318, 239, 317), 0.0, 0.046666666666666634, 2.237841269841271
(270, 64, 248, 31, 451, 135, 254, 464, 459), (499, 136, 141, 318, 239, 317), 0.0955555555555555, 0.08833333333333329, 2.2699523809523807
(158, 273), (385, 251, 309, 329, 452, 138), 0.0, 0.09333333333333327, 2.3116190476190486
(220,), (182,), 0.0, 0.0, 2.3566190476190485
(424,), (228,), 0.0, 0.0, 2.4016190476190484
(262,), (133,), 0.0, 0.0, 2.4466190476190484
(311,), (338,), 0.0, 0.0, 2.4916190476190483
(201,), (271,), 0.0, 0.0, 2.536619047619048
(444,), (450,), 0.0, 0.0, 2.581619047619048
(477,), (343,), 0.0, 0.0, 2.626619047619048
(471,), (475,), 0.0, 0.0, 2.671619047619048
(6,), (289,), 0.0, 0.0, 2.716619047619048
(285,), (124, 197, 378, 243, 161, 326, 346), 0.0, 0.014285714285714185, 2.7623333333333333
(489,), (125, 134, 503, 156, 377), 0.0, 0.03200000000000006, 2.8103333333333333
(437,), (206, 446, 78, 131), 0.0, 0.009999999999999929, 2.8603333333333327
(93,), (437, 206, 446, 78, 131), 0.0, 0.05999999999999993, 2.893666666666666
(52, 107), (93, 437, 206, 446, 78, 131), 0.0, 0.09333333333333327, 2.935333333333334
(53, 334), (52, 107, 93, 437, 206, 446, 78, 131), 0.0049999999999999645, 0.13499999999999993, 2.960333333333333
(415, 412, 493, 469, 500, 442), (270, 64, 248, 31, 451, 135, 254, 464, 459, 499, 136, 141, 318, 239, 317), 0.014999999999999892, 0.2159999999999999, 3.012190476190473
(474,), (207, 453, 497), 0.0, 0.026666666666666717, 3.0655238095238064
(240,), (282, 213, 316, 196, 286), 0.0, 0.032000000000000056, 3.121857142857139
(268, 150, 269), (455, 109, 302), 5.9164567891575885e-31, 0.020000000000000035, 3.181857142857139
(471, 475), (268, 150, 269, 455, 109, 302), 0.04499999999999995, 0.07999999999999988, 3.215607142857139
(168,), (394, 265), 0.0, 0.0, 3.2756071428571394
(89, 176), (168, 394, 265), 0.0, 0.05999999999999993, 3.287607142857139
(126,), (89, 176, 168, 394, 265), 0.0, 0.07199999999999991, 3.33560714285714
(104, 504), (126, 89, 176, 168, 394, 265), 0.0049999999999999645, 0.11999999999999987, 3.3693571428571394
(476,), (104, 504, 126, 89, 176, 168, 394, 265), 0.0, 0.15874999999999984, 3.3928293650793626
(478,), (75, 178), 0.0, 0.0, 3.4528293650793627
(486, 491, 314), (478, 75, 178), 0.00666666666666662, 0.05999999999999993, 3.4794960317460286
(355, 501, 246), (486, 491, 314, 478, 75, 178), 0.046666666666666634, 0.09333333333333327, 3.535051587301586
(384,), (355, 501, 246, 486, 491, 314, 478, 75, 178), 0.0, 0.19555555555555545, 3.5794960317460287
(430,), (247, 312), 0.0, 0.0, 3.6394960317460288
(278,), (162, 263), 0.0, 0.0, 3.6994960317460293
(59, 362), (477, 343), 0.020000000000000035, 0.04499999999999995, 3.761996031746029
(13, 130, 255, 261, 369), (59, 362, 477, 343), 0.048000000000000084, 0.12749999999999997, 3.782051587301586
(345,), (466, 154, 368), 0.0, 0.0, 3.8495515873015855
(14,), (345, 466, 154, 368), 0.0, 0.06749999999999992, 3.910051587301586
(25,), (278, 162, 263), 0.0, 0.05999999999999993, 3.9775515873015856
(366,), (474, 207, 453, 497), 0.0, 0.08000000000000014, 4.049551587301584
(42,), (489, 125, 134, 503, 156, 377), 0.0, 0.08000000000000014, 4.126694444444442
(38,), (116,), 0.0, 0.0, 4.206694444444442
(123,), (63,), 0.0, 0.0, 4.286694444444442
(291,), (358,), 0.0, 0.0, 4.366694444444442
(60,), (347,), 0.0, 0.0, 4.446694444444442
(34,), (305,), 0.0, 0.0, 4.526694444444442
(186, 304, 22, 222, 333, 143, 337), (291, 358), 0.014285714285714185, 0.08000000000000014, 4.6079642857142815
(202,), (262, 133), 0.0, 0.04499999999999995, 4.6896309523809485
(427,), (429, 428, 457), 0.0, 0.046666666666666634, 4.772964285714282
(308,), (146, 142, 148, 348), 0.0, 0.047499999999999966, 4.857464285714283
(392,), (443, 164, 425, 414, 456), 0.0, 0.048000000000000084, 4.9427976190476155
(406,), (392, 443, 164, 425, 414, 456), 0.0, 0.13333333333333358, 4.9894642857142815
(201, 271), (6, 289), 0.04499999999999995, 0.04499999999999995, 5.079464285714281
(215, 507), (201, 271, 6, 289), 0.0049999999999999645, 0.1799999999999998, 5.162797619047616
(279, 335), (487, 498), 0.0, 0.0, 5.252797619047616
(441, 481), (388, 396), 0.0, 0.020000000000000035, 5.342797619047617
(19, 62), (441, 481, 388, 396), 0.0, 0.1100000000000002, 5.426130952380949
(413,), (19, 62, 441, 481, 388, 396), 0.0, 0.19333333333333366, 5.487083333333329
(272,), (158, 273, 385, 251, 309, 329, 452, 138), 0.0, 0.13499999999999995, 5.5809722222222184
(128, 167, 219), (272, 158, 273, 385, 251, 309, 329, 452, 138), 0.006666666666666619, 0.22888888888888892, 5.627916666666662
(234,), (295, 467, 275, 359, 492, 137), 0.0, 0.11333333333333323, 5.723154761904762
(440,), (183, 111, 252, 5, 157), 0.0, 0.07199999999999998, 5.819488095238097
(372,), (42, 489, 125, 134, 503, 156, 377), 0.0, 0.15714285714285722, 5.922345238095239
(276,), (415, 412, 493, 469, 500, 442, 270, 64, 248, 31, 451, 135, 254, 464, 459, 499, 136, 141, 318, 239, 317), 0.0, 0.2828571428571427, 6.025397186147185
(99,), (339, 381), 0.0, 0.020000000000000035, 6.13206385281385
(327, 353), (99, 339, 381), 0.0, 0.12666666666666665, 6.217397186147183
(411, 432), (476, 104, 504, 126, 89, 176, 168, 394, 265), 0.020000000000000035, 0.182222222222222, 6.32426587301587
(479,), (366, 474, 207, 453, 497), 0.0, 0.15200000000000008, 6.432265873015869
(128, 167, 219, 272, 158, 273, 385, 251, 309, 329, 452, 138), (479, 366, 474, 207, 453, 497), 0.28250000000000003, 0.25999999999999995, 6.494765873015873
(9,), (53, 334, 52, 107, 93, 437, 206, 446, 78, 131), 0.0, 0.1649999999999999, 6.606129509379513
(232,), (181, 216, 294, 373), 0.0, 0.04749999999999997, 6.718629509379513
(149, 174, 281), (54, 8, 10, 163), 0.026666666666666717, 0.04749999999999997, 6.833034271284273
(327, 353, 99, 339, 381), (149, 174, 281, 54, 8, 10, 163), 0.21199999999999997, 0.1885714285714285, 6.87912950937951
(160, 101), (27, 190, 68, 103), 0.0, 0.04000000000000007, 6.999129509379511
(23, 293), (160, 101, 27, 190, 68, 103), 0.0, 0.16000000000000028, 7.0591295093795114
(26,), (23, 293, 160, 101, 27, 190, 68, 103), 0.0, 0.22000000000000036, 7.168018398268402
(365, 420, 264), (4, 284, 217, 211, 307, 506, 458), 5.9164567891575885e-31, 0.057142857142857245, 7.291875541125544
(416,), (365, 420, 264, 4, 284, 217, 211, 307, 506, 458), 0.0, 0.18099999999999986, 7.4163300865800865
(139,), (259,), 0.0, 0.0, 7.5413300865800865
(195,), (367,), 0.0, 0.0, 7.6663300865800865
(165,), (465,), 0.0, 0.0, 7.7913300865800865
(81,), (300,), 0.0, 0.0, 7.9163300865800865
(110, 221, 72, 454, 47, 115), (81, 300), 0.0, 0.125, 7.950080086580083
(233,), (110, 221, 72, 454, 47, 115, 81, 300), 0.0, 0.15875000000000014, 8.066885642135638
(490, 39), (20, 21, 122, 17, 35, 171, 389), 0.020000000000000035, 0.0685714285714287, 8.193869769119765
(237,), (186, 304, 22, 222, 333, 143, 337, 291, 358), 0.0, 0.17555555555555563, 8.322314213564217
(118,), (234, 295, 467, 275, 359, 492, 137), 0.0, 0.20857142857142855, 8.452492784992785
(145,), (9, 53, 334, 52, 107, 93, 437, 206, 446, 78, 131), 0.0, 0.27636363636363626, 8.586129148629144
(299,), (145, 9, 53, 334, 52, 107, 93, 437, 206, 446, 78, 131), 0.0, 0.4100000000000001, 8.699206071706069
(66, 153, 447), (26, 23, 293, 160, 101, 27, 190, 68, 103), 0.00666666666666662, 0.32888888888888923, 8.83365051615051
(238,), (200, 320), 0.0, 0.0049999999999999645, 8.96865051615051
(218, 288), (238, 200, 320), 0.0, 0.14000000000000007, 9.076650516150508
(188, 375, 287), (218, 288, 238, 200, 320), 0.046666666666666634, 0.24800000000000016, 9.141983849483845
(364,), (258, 462), 0.0, 0.0049999999999999645, 9.276983849483843
(48,), (121, 387), 0.0, 0.0049999999999999645, 9.411983849483843
(413, 19, 62, 441, 481, 388, 396), (411, 432, 476, 104, 504, 126, 89, 176, 168, 394, 265), 0.25428571428571456, 0.3090909090909089, 9.551385003885002
(393,), (406, 392, 443, 164, 425, 414, 456), 0.0, 0.18000000000000016, 9.691385003885006
(132,), (276, 415, 412, 493, 469, 500, 442, 270, 64, 248, 31, 451, 135, 254, 464, 459, 499, 136, 141, 318, 239, 317), 0.0, 0.38590909090909076, 9.834171565149827
(439, 330), (128, 167, 219, 272, 158, 273, 385, 251, 309, 329, 452, 138, 479, 366, 474, 207, 453, 497), 0.0, 0.6049999999999999, 9.978671565149835
(435, 189, 402, 230, 173), (48, 121, 387), 0.04799999999999998, 0.14000000000000007, 10.125671565149837
(140,), (14, 345, 466, 154, 368), 0.0, 0.12799999999999997, 10.272671565149837
(352,), (240, 282, 213, 316, 196, 286), 0.0, 0.08833333333333329, 10.42148108895936
(177, 468), (352, 240, 282, 213, 316, 196, 286), 0.020000000000000035, 0.2371428571428571, 10.524338231816506
(267, 226), (177, 468, 352, 240, 282, 213, 316, 196, 286), 0.020000000000000035, 0.36, 10.589792777271047
(417, 224, 298), (372, 42, 489, 125, 134, 503, 156, 377), 0.00666666666666662, 0.25999999999999995, 10.744944292422568
(80, 114), (96, 144), 0.0, 0.020000000000000035, 10.90494429242257
(313, 376), (214, 354), 0.0, 0.020000000000000035, 11.064944292422572
(215, 507, 201, 271, 6, 289), (313, 376, 214, 354), 0.2683333333333331, 0.17999999999999997, 11.145610959089229
(436, 480, 82, 470), (440, 183, 111, 252, 5, 157), 0.04749999999999997, 0.16833333333333347, 11.305777625755898
(439, 330, 128, 167, 219, 272, 158, 273, 385, 251, 309, 329, 452, 138, 479, 366, 474, 207, 453, 497), (436, 480, 82, 470, 440, 183, 111, 252, 5, 157), 0.7495000000000002, 0.3760000000000001, 11.3432776257559
(360, 113, 253, 212, 356), (208, 209, 223), 0.03200000000000006, 0.046666666666666634, 11.504610959089236
(25, 278, 162, 263), (360, 113, 253, 212, 356, 208, 209, 223), 0.12749999999999997, 0.24, 11.546277625755895
(418,), (34, 305), 0.0, 0.08000000000000014, 11.712944292422561
(322,), (192, 336), 0.0, 0.0, 11.879610959089229
(204,), (123, 63), 0.0, 0.08000000000000014, 12.046277625755897
(120, 235), (435, 189, 402, 230, 173, 48, 121, 387), 0.0049999999999999645, 0.3350000000000001, 12.215277625755895
(357,), (267, 226, 177, 468, 352, 240, 282, 213, 316, 196, 286), 0.0, 0.4454545454545454, 12.389823080301353
(132, 276, 415, 412, 493, 469, 500, 442, 270, 64, 248, 31, 451, 135, 254, 464, 459, 499, 136, 141, 318, 239, 317), (80, 114, 96, 144), 0.5286956521739129, 0.17999999999999997, 12.570757057757058
(433, 494), (132, 276, 415, 412, 493, 469, 500, 442, 270, 64, 248, 31, 451, 135, 254, 464, 459, 499, 136, 141, 318, 239, 317, 80, 114, 96, 144), 0.0, 0.8896296296296298, 12.734230876403302
(283, 70), (237, 186, 304, 22, 222, 333, 143, 337, 291, 358), 0.0, 0.30400000000000016, 12.926897543069966
(117, 175), (283, 70, 237, 186, 304, 22, 222, 333, 143, 337, 291, 358), 0.0049999999999999645, 0.4966666666666672, 13.117373733546161
(127, 185), (439, 330, 128, 167, 219, 272, 158, 273, 385, 251, 309, 329, 452, 138, 479, 366, 474, 207, 453, 497, 436, 480, 82, 470, 440, 183, 111, 252, 5, 157), 0.0, 1.1630000000000003, 13.321561233546156
(383, 194, 193, 236, 244, 94, 280, 57, 321, 342), (322, 192, 336), 0.1409999999999999, 0.16666666666666666, 13.533894566879486
(179,), (37, 292, 382), 0.0, 0.046666666666666634, 13.747227900212822
(485,), (129, 32, 41), 0.0, 0.046666666666666634, 13.960561233546159
(393, 406, 392, 443, 164, 425, 414, 456), (485, 129, 32, 41), 0.3200000000000001, 0.2600000000000001, 14.127227900212825
(417, 224, 298, 372, 42, 489, 125, 134, 503, 156, 377), (393, 406, 392, 443, 164, 425, 414, 456, 485, 129, 32, 41), 0.42181818181818154, 0.7466666666666668, 14.191786529988853
(449,), (433, 494, 132, 276, 415, 412, 493, 469, 500, 442, 270, 64, 248, 31, 451, 135, 254, 464, 459, 499, 136, 141, 318, 239, 317, 80, 114, 96, 144), 0.0, 1.0531034482758623, 14.410683081712993
(315, 98, 277), (215, 507, 201, 271, 6, 289, 313, 376, 214, 354), 5.9164567891575885e-31, 0.5289999999999996, 14.632452312482233
(25, 278, 162, 263, 360, 113, 253, 212, 356, 208, 209, 223), (315, 98, 277, 215, 507, 201, 271, 6, 289, 313, 376, 214, 354), 0.4091666666666667, 0.7507692307692303, 14.812516415046334
(165, 465), (490, 39, 20, 21, 122, 17, 35, 171, 389), 0.125, 0.21555555555555556, 15.039233586763503
(245,), (384, 355, 501, 246, 486, 491, 314, 478, 75, 178), 0.0, 0.23999999999999988, 15.266506314036231
(508,), (38, 116), 0.0, 0.07999999999999996, 15.50650631403623
(1,), (155, 3), 0.0, 0.020000000000000035, 15.74650631403623
(301,), (79, 241), 0.0, 0.020000000000000035, 15.986506314036227
(417, 224, 298, 372, 42, 489, 125, 134, 503, 156, 377, 393, 406, 392, 443, 164, 425, 414, 456, 485, 129, 32, 41), (301, 79, 241), 1.233043478260869, 0.2600000000000001, 16.02307822039074
(28,), (225, 86, 36), 0.0, 0.026666666666666717, 16.263911553724068
(152,), (308, 146, 142, 148, 348), 0.0, 0.13199999999999992, 16.50691155372407
(423,), (417, 224, 298, 372, 42, 489, 125, 134, 503, 156, 377, 393, 406, 392, 443, 164, 425, 414, 456, 485, 129, 32, 41, 301, 79, 241), 0.0, 1.529615384615385, 16.751370243182773
(45, 119), (84, 266), 0.0, 0.0, 17.001370243182773
(118, 234, 295, 467, 275, 359, 492, 137), (45, 119, 84, 266), 0.33874999999999983, 0.25, 17.221786909849452
(220, 182), (117, 175, 283, 70, 237, 186, 304, 22, 222, 333, 143, 337, 291, 358), 0.04499999999999994, 0.6921428571428576, 17.48214405270657
(18,), (165, 465, 490, 39, 20, 21, 122, 17, 35, 171, 389), 0.0, 0.5672727272727272, 17.7640379921005
(434,), (90, 340, 227, 431), 0.0, 0.04000000000000007, 18.0520379921005
(472, 7, 92, 461), (434, 90, 340, 227, 431), 0.04749999999999997, 0.3280000000000001, 18.258760214322724
(423, 417, 224, 298, 372, 42, 489, 125, 134, 503, 156, 377, 393, 406, 392, 443, 164, 425, 414, 456, 485, 129, 32, 41, 301, 79, 241), (472, 7, 92, 461, 434, 90, 340, 227, 431), 1.7740740740740735, 0.5822222222222224, 18.39246391802644
(341, 422), (416, 365, 420, 264, 4, 284, 217, 211, 307, 506, 458), 0.0049999999999999645, 0.30545454545454537, 18.682009372571905
(399, 74, 407), (341, 422, 416, 365, 420, 264, 4, 284, 217, 211, 307, 506, 458), 0.006666666666666619, 0.5999999999999998, 18.952842705905226
(410,), (399, 74, 407, 341, 422, 416, 365, 420, 264, 4, 284, 217, 211, 307, 506, 458), 0.0, 0.8775000000000001, 19.15416623531701
(260,), (13, 130, 255, 261, 369, 59, 362, 477, 343), 0.0, 0.19555555555555568, 19.454610679761448
(438,), (449, 433, 494, 132, 276, 415, 412, 493, 469, 500, 442, 270, 64, 248, 31, 451, 135, 254, 464, 459, 499, 136, 141, 318, 239, 317, 80, 114, 96, 144), 0.0, 1.2720000000000007, 19.75809455072917
(299, 145, 9, 53, 334, 52, 107, 93, 437, 206, 446, 78, 131), (152, 308, 146, 142, 148, 348), 0.5230769230769233, 0.37499999999999983, 20.064228153968028
(285, 124, 197, 378, 243, 161, 326, 346), (413, 19, 62, 441, 481, 388, 396, 411, 432, 476, 104, 504, 126, 89, 176, 168, 394, 265), 0.05999999999999993, 0.7027777777777777, 20.380296530036386
(229,), (383, 194, 193, 236, 244, 94, 280, 57, 321, 342, 322, 192, 336), 0.0, 0.5199999999999997, 20.714582244322106
(83,), (140, 14, 345, 466, 154, 368), 0.0, 0.27500000000000013, 21.076725101464955
(184, 408, 15, 205), (83, 140, 14, 345, 466, 154, 368), 0.047499999999999966, 0.6371428571428575, 21.44844588068574
(55,), (56, 58), 0.0, 0.0049999999999999645, 21.823445880685743
(391,), (229, 383, 194, 193, 236, 244, 94, 280, 57, 321, 342, 322, 192, 336), 0.0, 0.8542857142857139, 22.209160166400036
(351,), (391, 229, 383, 194, 193, 236, 244, 94, 280, 57, 321, 342, 322, 192, 336), 0.0, 1.2399999999999998, 22.54666016640003
(364, 258, 462), (25, 278, 162, 263, 360, 113, 253, 212, 356, 208, 209, 223, 315, 98, 277, 215, 507, 201, 271, 6, 289, 313, 376, 214, 354), 0.14000000000000007, 1.3399999999999992, 22.93344588068575
(95, 324), (364, 258, 462, 25, 278, 162, 263, 360, 113, 253, 212, 356, 208, 209, 223, 315, 98, 277, 215, 507, 201, 271, 6, 289, 313, 376, 214, 354), 0.0, 1.866785714285714, 23.293660166400013
(297,), (245, 384, 355, 501, 246, 486, 491, 314, 478, 75, 178), 0.0, 0.467272727272727, 23.686387439127305
(349,), (357, 267, 226, 177, 468, 352, 240, 282, 213, 316, 196, 286), 0.0, 0.6200000000000001, 24.138695131435
(76,), (127, 185, 439, 330, 128, 167, 219, 272, 158, 273, 385, 251, 309, 329, 452, 138, 479, 366, 474, 207, 453, 497, 436, 480, 82, 470, 440, 183, 111, 252, 5, 157), 0.0, 1.3671874999999998, 24.601204601131993
(482,), (95, 324, 364, 258, 462, 25, 278, 162, 263, 360, 113, 253, 212, 356, 208, 209, 223, 315, 98, 277, 215, 507, 201, 271, 6, 289, 313, 376, 214, 354), 0.0, 2.226999999999999, 25.089043310809426
(249, 350), (430, 247, 312), 0.0049999999999999645, 0.05999999999999993, 25.59604331080942
(105,), (76, 127, 185, 439, 330, 128, 167, 219, 272, 158, 273, 385, 251, 309, 329, 452, 138, 479, 366, 474, 207, 453, 497, 436, 480, 82, 470, 440, 183, 111, 252, 5, 157), 0.0, 1.8296969696969707, 26.113699282288916
(108,), (105, 76, 127, 185, 439, 330, 128, 167, 219, 272, 158, 273, 385, 251, 309, 329, 452, 138, 479, 366, 474, 207, 453, 497, 436, 480, 82, 470, 440, 183, 111, 252, 5, 157), 0.0, 2.3473529411764704, 26.60177491254103
(323,), (108, 105, 76, 127, 185, 439, 330, 128, 167, 219, 272, 158, 273, 385, 251, 309, 329, 452, 138, 479, 366, 474, 207, 453, 497, 436, 480, 82, 470, 440, 183, 111, 252, 5, 157), 0.0, 2.835428571428572, 27.062735230001334
(401,), (285, 124, 197, 378, 243, 161, 326, 346, 413, 19, 62, 441, 481, 388, 396, 411, 432, 476, 104, 504, 126, 89, 176, 168, 394, 265), 0.0, 1.078846153846154, 27.58240759467368
(256,), (438, 449, 433, 494, 132, 276, 415, 412, 493, 469, 500, 442, 270, 64, 248, 31, 451, 135, 254, 464, 459, 499, 136, 141, 318, 239, 317, 80, 114, 96, 144), 0.0, 1.5754838709677412, 28.11567372370591
(139, 259), (401, 285, 124, 197, 378, 243, 161, 326, 346, 413, 19, 62, 441, 481, 388, 396, 411, 432, 476, 104, 504, 126, 89, 176, 168, 394, 265), 0.125, 1.5985185185185193, 28.69422417070464
(386, 395, 484), (49, 390), 0.0, 0.020000000000000035, 29.282224170704634
(257, 106), (386, 395, 484, 49, 390), 0.0, 0.6079999999999995, 29.611367027847496
(290,), (120, 235, 435, 189, 402, 230, 173, 48, 121, 387), 0.0, 0.509, 30.207821573302052
(327, 353, 99, 339, 381, 149, 174, 281, 54, 8, 10, 163), (299, 145, 9, 53, 334, 52, 107, 93, 437, 206, 446, 78, 131, 152, 308, 146, 142, 148, 348), 0.4466666666666666, 1.2042105263157896, 30.885331477093786
(233, 110, 221, 72, 454, 47, 115, 81, 300), (327, 353, 99, 339, 381, 149, 174, 281, 54, 8, 10, 163, 299, 145, 9, 53, 334, 52, 107, 93, 437, 206, 446, 78, 131, 152, 308, 146, 142, 148, 348), 0.27555555555555594, 2.3283870967741933, 31.17238882476404
(279, 335, 487, 498), (233, 110, 221, 72, 454, 47, 115, 81, 300, 327, 353, 99, 339, 381, 149, 174, 281, 54, 8, 10, 163, 299, 145, 9, 53, 334, 52, 107, 93, 437, 206, 446, 78, 131, 152, 308, 146, 142, 148, 348), 0.0899999999999999, 2.8910000000000005, 31.711388824763997
(187,), (421, 50, 51), 0.0, 0.006666666666666619, 32.412222158097336
(28, 225, 86, 36), (323, 108, 105, 76, 127, 185, 439, 330, 128, 167, 219, 272, 158, 273, 385, 251, 309, 329, 452, 138, 479, 366, 474, 207, 453, 497, 436, 480, 82, 470, 440, 183, 111, 252, 5, 157), 0.2675000000000001, 3.296388888888892, 33.15933326920845
(482, 95, 324, 364, 258, 462, 25, 278, 162, 263, 360, 113, 253, 212, 356, 208, 209, 223, 315, 98, 277, 215, 507, 201, 271, 6, 289, 313, 376, 214, 354), (28, 225, 86, 36, 323, 108, 105, 76, 127, 185, 439, 330, 128, 167, 219, 272, 158, 273, 385, 251, 309, 329, 452, 138, 479, 366, 474, 207, 453, 497, 436, 480, 82, 470, 440, 183, 111, 252, 5, 157), 2.71483870967742, 4.311000000000001, 33.44504385530563
(191,), (482, 95, 324, 364, 258, 462, 25, 278, 162, 263, 360, 113, 253, 212, 356, 208, 209, 223, 315, 98, 277, 215, 507, 201, 271, 6, 289, 313, 376, 214, 354, 28, 225, 86, 36, 323, 108, 105, 76, 127, 185, 439, 330, 128, 167, 219, 272, 158, 273, 385, 251, 309, 329, 452, 138, 479, 366, 474, 207, 453, 497, 436, 480, 82, 470, 440, 183, 111, 252, 5, 157), 0.0, 7.311549295774645, 33.87349455953102
(274,), (297, 245, 384, 355, 501, 246, 486, 491, 314, 478, 75, 178), 0.0, 0.8599999999999997, 34.62118686722334
(2, 147), (1, 155, 3), 0.020000000000000035, 0.2600000000000001, 35.38918686722334
(311, 338), (188, 375, 287, 218, 288, 238, 200, 320), 0.04499999999999995, 0.3600000000000002, 36.17318686722334
(463,), (256, 438, 449, 433, 494, 132, 276, 415, 412, 493, 469, 500, 442, 270, 64, 248, 31, 451, 135, 254, 464, 459, 499, 136, 141, 318, 239, 317, 80, 114, 96, 144), 0.0, 2.10875, 36.99170959449606
(170,), (463, 256, 438, 449, 433, 494, 132, 276, 415, 412, 493, 469, 500, 442, 270, 64, 248, 31, 451, 135, 254, 464, 459, 499, 136, 141, 318, 239, 317, 80, 114, 96, 144), 0.0, 2.9272727272727277, 37.76208392604691
(444, 450), (118, 234, 295, 467, 275, 359, 492, 137, 45, 119, 84, 266), 0.04499999999999995, 0.8091666666666666, 38.62220297366597
(424, 228), (290, 120, 235, 435, 189, 402, 230, 173, 48, 121, 387), 0.04499999999999994, 1.105454545454545, 39.484056120519135
(231,), (424, 228, 290, 120, 235, 435, 189, 402, 230, 173, 48, 121, 387), 0.0, 2.0123076923076924, 40.32889128535432
(77, 159), (444, 450, 118, 234, 295, 467, 275, 359, 492, 137, 45, 119, 84, 266), 0.0049999999999999645, 1.7142857142857144, 41.20398057106861
(24,), (191, 482, 95, 324, 364, 258, 462, 25, 278, 162, 263, 360, 113, 253, 212, 356, 208, 209, 223, 315, 98, 277, 215, 507, 201, 271, 6, 289, 313, 376, 214, 354, 28, 225, 86, 36, 323, 108, 105, 76, 127, 185, 439, 330, 128, 167, 219, 272, 158, 273, 385, 251, 309, 329, 452, 138, 479, 366, 474, 207, 453, 497, 436, 480, 82, 470, 440, 183, 111, 252, 5, 157), 0.0, 7.740000000000001, 42.09411755736991
(85,), (24, 191, 482, 95, 324, 364, 258, 462, 25, 278, 162, 263, 360, 113, 253, 212, 356, 208, 209, 223, 315, 98, 277, 215, 507, 201, 271, 6, 289, 313, 376, 214, 354, 28, 225, 86, 36, 323, 108, 105, 76, 127, 185, 439, 330, 128, 167, 219, 272, 158, 273, 385, 251, 309, 329, 452, 138, 479, 366, 474, 207, 453, 497, 436, 480, 82, 470, 440, 183, 111, 252, 5, 157), 0.0, 8.630136986301368, 42.960196787284666
(419,), (170, 463, 256, 438, 449, 433, 494, 132, 276, 415, 412, 493, 469, 500, 442, 270, 64, 248, 31, 451, 135, 254, 464, 459, 499, 136, 141, 318, 239, 317, 80, 114, 96, 144), 0.0, 3.697647058823527, 43.864264014175454
(505,), (508, 38, 116), 0.0, 0.31999999999999984, 44.771764014175446
(43,), (139, 259, 401, 285, 124, 197, 378, 243, 161, 326, 346, 413, 19, 62, 441, 481, 388, 396, 411, 432, 476, 104, 504, 126, 89, 176, 168, 394, 265), 0.0, 2.302068965517242, 45.67936171532494
(91, 319), (43, 139, 259, 401, 285, 124, 197, 378, 243, 161, 326, 346, 413, 19, 62, 441, 481, 388, 396, 411, 432, 476, 104, 504, 126, 89, 176, 168, 394, 265), 0.0049999999999999645, 3.2096666666666684, 46.56344504865826
(202, 262, 133), (77, 159, 444, 450, 118, 234, 295, 467, 275, 359, 492, 137, 45, 119, 84, 266), 0.12666666666666665, 2.5943749999999994, 47.47924548725475
(204, 123, 63), (202, 262, 133, 77, 159, 444, 450, 118, 234, 295, 467, 275, 359, 492, 137, 45, 119, 84, 266), 0.2466666666666668, 3.6368421052631588, 48.43391853350675
(351, 391, 229, 383, 194, 193, 236, 244, 94, 280, 57, 321, 342, 322, 192, 336), (249, 350, 430, 247, 312), 1.5775000000000006, 0.5720000000000001, 49.39584710493537
(179, 37, 292, 382), (351, 391, 229, 383, 194, 193, 236, 244, 94, 280, 57, 321, 342, 322, 192, 336, 249, 350, 430, 247, 312), 0.2600000000000001, 3.111428571428571, 50.05481853350683
(279, 335, 487, 498, 233, 110, 221, 72, 454, 47, 115, 81, 300, 327, 353, 99, 339, 381, 149, 174, 281, 54, 8, 10, 163, 299, 145, 9, 53, 334, 52, 107, 93, 437, 206, 446, 78, 131, 152, 308, 146, 142, 148, 348), (179, 37, 292, 382, 351, 391, 229, 383, 194, 193, 236, 244, 94, 280, 57, 321, 342, 322, 192, 336, 249, 350, 430, 247, 312), 3.5200000000000005, 4.030399999999999, 50.526447519013985
(349, 357, 267, 226, 177, 468, 352, 240, 282, 213, 316, 196, 286), (279, 335, 487, 498, 233, 110, 221, 72, 454, 47, 115, 81, 300, 327, 353, 99, 339, 381, 149, 174, 281, 54, 8, 10, 163, 299, 145, 9, 53, 334, 52, 107, 93, 437, 206, 446, 78, 131, 152, 308, 146, 142, 148, 348, 179, 37, 292, 382, 351, 391, 229, 383, 194, 193, 236, 244, 94, 280, 57, 321, 342, 322, 192, 336, 249, 350, 430, 247, 312), 1.072307692307692, 8.022028985507246, 51.0018669387601
(374,), (220, 182, 117, 175, 283, 70, 237, 186, 304, 22, 222, 333, 143, 337, 291, 358), 0.0, 0.9975000000000006, 51.966719879936555
(151,), (232, 181, 216, 294, 373), 0.0, 0.16000000000000014, 52.97505321326989
(85, 24, 191, 482, 95, 324, 364, 258, 462, 25, 278, 162, 263, 360, 113, 253, 212, 356, 208, 209, 223, 315, 98, 277, 215, 507, 201, 271, 6, 289, 313, 376, 214, 354, 28, 225, 86, 36, 323, 108, 105, 76, 127, 185, 439, 330, 128, 167, 219, 272, 158, 273, 385, 251, 309, 329, 452, 138, 479, 366, 474, 207, 453, 497, 436, 480, 82, 470, 440, 183, 111, 252, 5, 157), (151, 232, 181, 216, 294, 373), 9.496216216216208, 1.168333333333334, 53.44937866372036
(471, 475, 268, 150, 269, 455, 109, 302), (204, 123, 63, 202, 262, 133, 77, 159, 444, 450, 118, 234, 295, 467, 275, 359, 492, 137, 45, 119, 84, 266), 0.15874999999999986, 4.838181818181818, 54.52611351220518
(18, 165, 465, 490, 39, 20, 21, 122, 17, 35, 171, 389), (471, 475, 268, 150, 269, 455, 109, 302, 204, 123, 63, 202, 262, 133, 77, 159, 444, 450, 118, 234, 295, 467, 275, 359, 492, 137, 45, 119, 84, 266), 0.8491666666666664, 6.073666666666667, 54.9223277979195
(419, 170, 463, 256, 438, 449, 433, 494, 132, 276, 415, 412, 493, 469, 500, 442, 270, 64, 248, 31, 451, 135, 254, 464, 459, 499, 136, 141, 318, 239, 317, 80, 114, 96, 144), (91, 319, 43, 139, 259, 401, 285, 124, 197, 378, 243, 161, 326, 346, 413, 19, 62, 441, 481, 388, 396, 411, 432, 476, 104, 504, 126, 89, 176, 168, 394, 265), 4.601714285714287, 4.098749999999997, 56.023057542056016
(409,), (419, 170, 463, 256, 438, 449, 433, 494, 132, 276, 415, 412, 493, 469, 500, 442, 270, 64, 248, 31, 451, 135, 254, 464, 459, 499, 136, 141, 318, 239, 317, 80, 114, 96, 144, 91, 319, 43, 139, 259, 401, 285, 124, 197, 378, 243, 161, 326, 346, 413, 19, 62, 441, 481, 388, 396, 411, 432, 476, 104, 504, 126, 89, 176, 168, 394, 265), 0.0, 9.801194029850752, 56.930539982793476
(46,), (409, 419, 170, 463, 256, 438, 449, 433, 494, 132, 276, 415, 412, 493, 469, 500, 442, 270, 64, 248, 31, 451, 135, 254, 464, 459, 499, 136, 141, 318, 239, 317, 80, 114, 96, 144, 91, 319, 43, 139, 259, 401, 285, 124, 197, 378, 243, 161, 326, 346, 413, 19, 62, 441, 481, 388, 396, 411, 432, 476, 104, 504, 126, 89, 176, 168, 394, 265), 0.0, 10.708676470588232, 57.81171858466894
(473,), (46, 409, 419, 170, 463, 256, 438, 449, 433, 494, 132, 276, 415, 412, 493, 469, 500, 442, 270, 64, 248, 31, 451, 135, 254, 464, 459, 499, 136, 141, 318, 239, 317, 80, 114, 96, 144, 91, 319, 43, 139, 259, 401, 285, 124, 197, 378, 243, 161, 326, 346, 413, 19, 62, 441, 481, 388, 396, 411, 432, 476, 104, 504, 126, 89, 176, 168, 394, 265), 0.0, 11.589855072463775, 58.93629208363378
(195, 367), (311, 338, 188, 375, 287, 218, 288, 238, 200, 320), 0.125, 1.189, 60.168958750300426
(85, 24, 191, 482, 95, 324, 364, 258, 462, 25, 278, 162, 263, 360, 113, 253, 212, 356, 208, 209, 223, 315, 98, 277, 215, 507, 201, 271, 6, 289, 313, 376, 214, 354, 28, 225, 86, 36, 323, 108, 105, 76, 127, 185, 439, 330, 128, 167, 219, 272, 158, 273, 385, 251, 309, 329, 452, 138, 479, 366, 474, 207, 453, 497, 436, 480, 82, 470, 440, 183, 111, 252, 5, 157, 151, 232, 181, 216, 294, 373), (195, 367, 311, 338, 188, 375, 287, 218, 288, 238, 200, 320), 11.138874999999997, 2.5466666666666677, 60.505482301025026
(166,), (85, 24, 191, 482, 95, 324, 364, 258, 462, 25, 278, 162, 263, 360, 113, 253, 212, 356, 208, 209, 223, 315, 98, 277, 215, 507, 201, 271, 6, 289, 313, 376, 214, 354, 28, 225, 86, 36, 323, 108, 105, 76, 127, 185, 439, 330, 128, 167, 219, 272, 158, 273, 385, 251, 309, 329, 452, 138, 479, 366, 474, 207, 453, 497, 436, 480, 82, 470, 440, 183, 111, 252, 5, 157, 151, 232, 181, 216, 294, 373, 195, 367, 311, 338, 188, 375, 287, 218, 288, 238, 200, 320), 0.0, 14.022065217391294, 61.75266439546168
(242,), (260, 13, 130, 255, 261, 369, 59, 362, 477, 343), 0.0, 0.496, 63.2421189409162
(60, 347), (242, 260, 13, 130, 255, 261, 369, 59, 362, 477, 343), 0.08000000000000014, 1.9854545454545447, 64.504356703154
(180,), (166, 85, 24, 191, 482, 95, 324, 364, 258, 462, 25, 278, 162, 263, 360, 113, 253, 212, 356, 208, 209, 223, 315, 98, 277, 215, 507, 201, 271, 6, 289, 313, 376, 214, 354, 28, 225, 86, 36, 323, 108, 105, 76, 127, 185, 439, 330, 128, 167, 219, 272, 158, 273, 385, 251, 309, 329, 452, 138, 479, 366, 474, 207, 453, 497, 436, 480, 82, 470, 440, 183, 111, 252, 5, 157, 151, 232, 181, 216, 294, 373, 195, 367, 311, 338, 188, 375, 287, 218, 288, 238, 200, 320), 0.0, 15.269247311827975, 66.14883279558123
(33,), (180, 166, 85, 24, 191, 482, 95, 324, 364, 258, 462, 25, 278, 162, 263, 360, 113, 253, 212, 356, 208, 209, 223, 315, 98, 277, 215, 507, 201, 271, 6, 289, 313, 376, 214, 354, 28, 225, 86, 36, 323, 108, 105, 76, 127, 185, 439, 330, 128, 167, 219, 272, 158, 273, 385, 251, 309, 329, 452, 138, 479, 366, 474, 207, 453, 497, 436, 480, 82, 470, 440, 183, 111, 252, 5, 157, 151, 232, 181, 216, 294, 373, 195, 367, 311, 338, 188, 375, 287, 218, 288, 238, 200, 320), 0.0, 16.913723404255308, 67.75868833869448
(303,), (33, 180, 166, 85, 24, 191, 482, 95, 324, 364, 258, 462, 25, 278, 162, 263, 360, 113, 253, 212, 356, 208, 209, 223, 315, 98, 277, 215, 507, 201, 271, 6, 289, 313, 376, 214, 354, 28, 225, 86, 36, 323, 108, 105, 76, 127, 185, 439, 330, 128, 167, 219, 272, 158, 273, 385, 251, 309, 329, 452, 138, 479, 366, 474, 207, 453, 497, 436, 480, 82, 470, 440, 183, 111, 252, 5, 157, 151, 232, 181, 216, 294, 373, 195, 367, 311, 338, 188, 375, 287, 218, 288, 238, 200, 320), 0.0, 18.523578947368403, 69.59469272465937
(361, 488), (473, 46, 409, 419, 170, 463, 256, 438, 449, 433, 494, 132, 276, 415, 412, 493, 469, 500, 442, 270, 64, 248, 31, 451, 135, 254, 464, 459, 499, 136, 141, 318, 239, 317, 80, 114, 96, 144, 91, 319, 43, 139, 259, 401, 285, 124, 197, 378, 243, 161, 326, 346, 413, 19, 62, 441, 481, 388, 396, 411, 432, 476, 104, 504, 126, 89, 176, 168, 394, 265), 0.0, 12.714428571428574, 71.75012526434202
(410, 399, 74, 407, 341, 422, 416, 365, 420, 264, 4, 284, 217, 211, 307, 506, 458), (303, 33, 180, 166, 85, 24, 191, 482, 95, 324, 364, 258, 462, 25, 278, 162, 263, 360, 113, 253, 212, 356, 208, 209, 223, 315, 98, 277, 215, 507, 201, 271, 6, 289, 313, 376, 214, 354, 28, 225, 86, 36, 323, 108, 105, 76, 127, 185, 439, 330, 128, 167, 219, 272, 158, 273, 385, 251, 309, 329, 452, 138, 479, 366, 474, 207, 453, 497, 436, 480, 82, 470, 440, 183, 111, 252, 5, 157, 151, 232, 181, 216, 294, 373, 195, 367, 311, 338, 188, 375, 287, 218, 288, 238, 200, 320), 1.0788235294117647, 20.35958333333333, 73.91738211841077
(397, 445), (361, 488, 473, 46, 409, 419, 170, 463, 256, 438, 449, 433, 494, 132, 276, 415, 412, 493, 469, 500, 442, 270, 64, 248, 31, 451, 135, 254, 464, 459, 499, 136, 141, 318, 239, 317, 80, 114, 96, 144, 91, 319, 43, 139, 259, 401, 285, 124, 197, 378, 243, 161, 326, 346, 413, 19, 62, 441, 481, 388, 396, 411, 432, 476, 104, 504, 126, 89, 176, 168, 394, 265), 0.020000000000000035, 14.869861111111108, 76.37414262892172
(325, 495, 100, 87), (397, 445, 361, 488, 473, 46, 409, 419, 170, 463, 256, 438, 449, 433, 494, 132, 276, 415, 412, 493, 469, 500, 442, 270, 64, 248, 31, 451, 135, 254, 464, 459, 499, 136, 141, 318, 239, 317, 80, 114, 96, 144, 91, 319, 43, 139, 259, 401, 285, 124, 197, 378, 243, 161, 326, 346, 413, 19, 62, 441, 481, 388, 396, 411, 432, 476, 104, 504, 126, 89, 176, 168, 394, 265), 0.04000000000000007, 17.346621621621598, 78.76200818678714
(418, 34, 305), (410, 399, 74, 407, 341, 422, 416, 365, 420, 264, 4, 284, 217, 211, 307, 506, 458, 303, 33, 180, 166, 85, 24, 191, 482, 95, 324, 364, 258, 462, 25, 278, 162, 263, 360, 113, 253, 212, 356, 208, 209, 223, 315, 98, 277, 215, 507, 201, 271, 6, 289, 313, 376, 214, 354, 28, 225, 86, 36, 323, 108, 105, 76, 127, 185, 439, 330, 128, 167, 219, 272, 158, 273, 385, 251, 309, 329, 452, 138, 479, 366, 474, 207, 453, 497, 436, 480, 82, 470, 440, 183, 111, 252, 5, 157, 151, 232, 181, 216, 294, 373, 195, 367, 311, 338, 188, 375, 287, 218, 288, 238, 200, 320), 0.24666666666666678, 23.605663716814156, 81.34166056192663
(55, 56, 58), (349, 357, 267, 226, 177, 468, 352, 240, 282, 213, 316, 196, 286, 279, 335, 487, 498, 233, 110, 221, 72, 454, 47, 115, 81, 300, 327, 353, 99, 339, 381, 149, 174, 281, 54, 8, 10, 163, 299, 145, 9, 53, 334, 52, 107, 93, 437, 206, 446, 78, 131, 152, 308, 146, 142, 148, 348, 179, 37, 292, 382, 351, 391, 229, 383, 194, 193, 236, 244, 94, 280, 57, 321, 342, 322, 192, 336, 249, 350, 430, 247, 312), 0.38, 9.569756097560973, 84.06884564083616
(404, 344), (55, 56, 58, 349, 357, 267, 226, 177, 468, 352, 240, 282, 213, 316, 196, 286, 279, 335, 487, 498, 233, 110, 221, 72, 454, 47, 115, 81, 300, 327, 353, 99, 339, 381, 149, 174, 281, 54, 8, 10, 163, 299, 145, 9, 53, 334, 52, 107, 93, 437, 206, 446, 78, 131, 152, 308, 146, 142, 148, 348, 179, 37, 292, 382, 351, 391, 229, 383, 194, 193, 236, 244, 94, 280, 57, 321, 342, 322, 192, 336, 249, 350, 430, 247, 312), 0.0049999999999999645, 12.676941176470574, 86.81954814252681
(331, 426), (404, 344, 55, 56, 58, 349, 357, 267, 226, 177, 468, 352, 240, 282, 213, 316, 196, 286, 279, 335, 487, 498, 233, 110, 221, 72, 454, 47, 115, 81, 300, 327, 353, 99, 339, 381, 149, 174, 281, 54, 8, 10, 163, 299, 145, 9, 53, 334, 52, 107, 93, 437, 206, 446, 78, 131, 152, 308, 146, 142, 148, 348, 179, 37, 292, 382, 351, 391, 229, 383, 194, 193, 236, 244, 94, 280, 57, 321, 342, 322, 192, 336, 249, 350, 430, 247, 312), 0.020000000000000035, 15.432643678160913, 90.17049996998381
(67, 69), (66, 153, 447, 26, 23, 293, 160, 101, 27, 190, 68, 103), 0.020000000000000035, 0.4700000000000005, 93.77478568426953
(257, 106, 386, 395, 484, 49, 390), (325, 495, 100, 87, 397, 445, 361, 488, 473, 46, 409, 419, 170, 463, 256, 438, 449, 433, 494, 132, 276, 415, 412, 493, 469, 500, 442, 270, 64, 248, 31, 451, 135, 254, 464, 459, 499, 136, 141, 318, 239, 317, 80, 114, 96, 144, 91, 319, 43, 139, 259, 401, 285, 124, 197, 378, 243, 161, 326, 346, 413, 19, 62, 441, 481, 388, 396, 411, 432, 476, 104, 504, 126, 89, 176, 168, 394, 265), 0.9371428571428569, 19.774487179487185, 97.9862144711692
(184, 408, 15, 205, 83, 140, 14, 345, 466, 154, 368), (60, 347, 242, 260, 13, 130, 255, 261, 369, 59, 362, 477, 343), 1.0563636363636366, 3.3276923076923066, 102.30174186044653
(257, 106, 386, 395, 484, 49, 390, 325, 495, 100, 87, 397, 445, 361, 488, 473, 46, 409, 419, 170, 463, 256, 438, 449, 433, 494, 132, 276, 415, 412, 493, 469, 500, 442, 270, 64, 248, 31, 451, 135, 254, 464, 459, 499, 136, 141, 318, 239, 317, 80, 114, 96, 144, 91, 319, 43, 139, 259, 401, 285, 124, 197, 378, 243, 161, 326, 346, 413, 19, 62, 441, 481, 388, 396, 411, 432, 476, 104, 504, 126, 89, 176, 168, 394, 265), (184, 408, 15, 205, 83, 140, 14, 345, 466, 154, 368, 60, 347, 242, 260, 13, 130, 255, 261, 369, 59, 362, 477, 343), 24.923058823529452, 8.699583333333337, 103.10148502468486
(2, 147, 1, 155, 3), (331, 426, 404, 344, 55, 56, 58, 349, 357, 267, 226, 177, 468, 352, 240, 282, 213, 316, 196, 286, 279, 335, 487, 498, 233, 110, 221, 72, 454, 47, 115, 81, 300, 327, 353, 99, 339, 381, 149, 174, 281, 54, 8, 10, 163, 299, 145, 9, 53, 334, 52, 107, 93, 437, 206, 446, 78, 131, 152, 308, 146, 142, 148, 348, 179, 37, 292, 382, 351, 391, 229, 383, 194, 193, 236, 244, 94, 280, 57, 321, 342, 322, 192, 336, 249, 350, 430, 247, 312), 1.048, 18.803595505617963, 107.8334001573648
(231, 424, 228, 290, 120, 235, 435, 189, 402, 230, 173, 48, 121, 387), (418, 34, 305, 410, 399, 74, 407, 341, 422, 416, 365, 420, 264, 4, 284, 217, 211, 307, 506, 458, 303, 33, 180, 166, 85, 24, 191, 482, 95, 324, 364, 258, 462, 25, 278, 162, 263, 360, 113, 253, 212, 356, 208, 209, 223, 315, 98, 277, 215, 507, 201, 271, 6, 289, 313, 376, 214, 354, 28, 225, 86, 36, 323, 108, 105, 76, 127, 185, 439, 330, 128, 167, 219, 272, 158, 273, 385, 251, 309, 329, 452, 138, 479, 366, 474, 207, 453, 497, 436, 480, 82, 470, 440, 183, 111, 252, 5, 157, 151, 232, 181, 216, 294, 373, 195, 367, 311, 338, 188, 375, 287, 218, 288, 238, 200, 320), 2.857142857142857, 26.431982758620684, 113.88804377237018
(187, 421, 50, 51), (2, 147, 1, 155, 3, 331, 426, 404, 344, 55, 56, 58, 349, 357, 267, 226, 177, 468, 352, 240, 282, 213, 316, 196, 286, 279, 335, 487, 498, 233, 110, 221, 72, 454, 47, 115, 81, 300, 327, 353, 99, 339, 381, 149, 174, 281, 54, 8, 10, 163, 299, 145, 9, 53, 334, 52, 107, 93, 437, 206, 446, 78, 131, 152, 308, 146, 142, 148, 348, 179, 37, 292, 382, 351, 391, 229, 383, 194, 193, 236, 244, 94, 280, 57, 321, 342, 322, 192, 336, 249, 350, 430, 247, 312), 0.7075000000000001, 24.583510638297884, 120.38805354223543
(257, 106, 386, 395, 484, 49, 390, 325, 495, 100, 87, 397, 445, 361, 488, 473, 46, 409, 419, 170, 463, 256, 438, 449, 433, 494, 132, 276, 415, 412, 493, 469, 500, 442, 270, 64, 248, 31, 451, 135, 254, 464, 459, 499, 136, 141, 318, 239, 317, 80, 114, 96, 144, 91, 319, 43, 139, 259, 401, 285, 124, 197, 378, 243, 161, 326, 346, 413, 19, 62, 441, 481, 388, 396, 411, 432, 476, 104, 504, 126, 89, 176, 168, 394, 265, 184, 408, 15, 205, 83, 140, 14, 345, 466, 154, 368, 60, 347, 242, 260, 13, 130, 255, 261, 369, 59, 362, 477, 343), (187, 421, 50, 51, 2, 147, 1, 155, 3, 331, 426, 404, 344, 55, 56, 58, 349, 357, 267, 226, 177, 468, 352, 240, 282, 213, 316, 196, 286, 279, 335, 487, 498, 233, 110, 221, 72, 454, 47, 115, 81, 300, 327, 353, 99, 339, 381, 149, 174, 281, 54, 8, 10, 163, 299, 145, 9, 53, 334, 52, 107, 93, 437, 206, 446, 78, 131, 152, 308, 146, 142, 148, 348, 179, 37, 292, 382, 351, 391, 229, 383, 194, 193, 236, 244, 94, 280, 57, 321, 342, 322, 192, 336, 249, 350, 430, 247, 312), 34.42238532110095, 31.791020408163302, 125.47068646031401
(423, 417, 224, 298, 372, 42, 489, 125, 134, 503, 156, 377, 393, 406, 392, 443, 164, 425, 414, 456, 485, 129, 32, 41, 301, 79, 241, 472, 7, 92, 461, 434, 90, 340, 227, 431), (257, 106, 386, 395, 484, 49, 390, 325, 495, 100, 87, 397, 445, 361, 488, 473, 46, 409, 419, 170, 463, 256, 438, 449, 433, 494, 132, 276, 415, 412, 493, 469, 500, 442, 270, 64, 248, 31, 451, 135, 254, 464, 459, 499, 136, 141, 318, 239, 317, 80, 114, 96, 144, 91, 319, 43, 139, 259, 401, 285, 124, 197, 378, 243, 161, 326, 346, 413, 19, 62, 441, 481, 388, 396, 411, 432, 476, 104, 504, 126, 89, 176, 168, 394, 265, 184, 408, 15, 205, 83, 140, 14, 345, 466, 154, 368, 60, 347, 242, 260, 13, 130, 255, 261, 369, 59, 362, 477, 343, 187, 421, 50, 51, 2, 147, 1, 155, 3, 331, 426, 404, 344, 55, 56, 58, 349, 357, 267, 226, 177, 468, 352, 240, 282, 213, 316, 196, 286, 279, 335, 487, 498, 233, 110, 221, 72, 454, 47, 115, 81, 300, 327, 353, 99, 339, 381, 149, 174, 281, 54, 8, 10, 163, 299, 145, 9, 53, 334, 52, 107, 93, 437, 206, 446, 78, 131, 152, 308, 146, 142, 148, 348, 179, 37, 292, 382, 351, 391, 229, 383, 194, 193, 236, 244, 94, 280, 57, 321, 342, 322, 192, 336, 249, 350, 430, 247, 312), 2.4899999999999993, 71.29603864734293, 131.45608814218946
(505, 508, 38, 116), (423, 417, 224, 298, 372, 42, 489, 125, 134, 503, 156, 377, 393, 406, 392, 443, 164, 425, 414, 456, 485, 129, 32, 41, 301, 79, 241, 472, 7, 92, 461, 434, 90, 340, 227, 431, 257, 106, 386, 395, 484, 49, 390, 325, 495, 100, 87, 397, 445, 361, 488, 473, 46, 409, 419, 170, 463, 256, 438, 449, 433, 494, 132, 276, 415, 412, 493, 469, 500, 442, 270, 64, 248, 31, 451, 135, 254, 464, 459, 499, 136, 141, 318, 239, 317, 80, 114, 96, 144, 91, 319, 43, 139, 259, 401, 285, 124, 197, 378, 243, 161, 326, 346, 413, 19, 62, 441, 481, 388, 396, 411, 432, 476, 104, 504, 126, 89, 176, 168, 394, 265, 184, 408, 15, 205, 83, 140, 14, 345, 466, 154, 368, 60, 347, 242, 260, 13, 130, 255, 261, 369, 59, 362, 477, 343, 187, 421, 50, 51, 2, 147, 1, 155, 3, 331, 426, 404, 344, 55, 56, 58, 349, 357, 267, 226, 177, 468, 352, 240, 282, 213, 316, 196, 286, 279, 335, 487, 498, 233, 110, 221, 72, 454, 47, 115, 81, 300, 327, 353, 99, 339, 381, 149, 174, 281, 54, 8, 10, 163, 299, 145, 9, 53, 334, 52, 107, 93, 437, 206, 446, 78, 131, 152, 308, 146, 142, 148, 348, 179, 37, 292, 382, 351, 391, 229, 383, 194, 193, 236, 244, 94, 280, 57, 321, 342, 322, 192, 336, 249, 350, 430, 247, 312), 1.2275, 79.77144032921805, 135.7836255457646
(427, 429, 428, 457), (18, 165, 465, 490, 39, 20, 21, 122, 17, 35, 171, 389, 471, 475, 268, 150, 269, 455, 109, 302, 204, 123, 63, 202, 262, 133, 77, 159, 444, 450, 118, 234, 295, 467, 275, 359, 492, 137, 45, 119, 84, 266), 0.12999999999999995, 7.319047619047619, 142.82066488323858
(274, 297, 245, 384, 355, 501, 246, 486, 491, 314, 478, 75, 178), (231, 424, 228, 290, 120, 235, 435, 189, 402, 230, 173, 48, 121, 387, 418, 34, 305, 410, 399, 74, 407, 341, 422, 416, 365, 420, 264, 4, 284, 217, 211, 307, 506, 458, 303, 33, 180, 166, 85, 24, 191, 482, 95, 324, 364, 258, 462, 25, 278, 162, 263, 360, 113, 253, 212, 356, 208, 209, 223, 315, 98, 277, 215, 507, 201, 271, 6, 289, 313, 376, 214, 354, 28, 225, 86, 36, 323, 108, 105, 76, 127, 185, 439, 330, 128, 167, 219, 272, 158, 273, 385, 251, 309, 329, 452, 138, 479, 366, 474, 207, 453, 497, 436, 480, 82, 470, 440, 183, 111, 252, 5, 157, 151, 232, 181, 216, 294, 373, 195, 367, 311, 338, 188, 375, 287, 218, 288, 238, 200, 320), 1.6076923076923073, 35.34376923076924, 151.113818729392
(67, 69, 66, 153, 447, 26, 23, 293, 160, 101, 27, 190, 68, 103), (274, 297, 245, 384, 355, 501, 246, 486, 491, 314, 478, 75, 178, 231, 424, 228, 290, 120, 235, 435, 189, 402, 230, 173, 48, 121, 387, 418, 34, 305, 410, 399, 74, 407, 341, 422, 416, 365, 420, 264, 4, 284, 217, 211, 307, 506, 458, 303, 33, 180, 166, 85, 24, 191, 482, 95, 324, 364, 258, 462, 25, 278, 162, 263, 360, 113, 253, 212, 356, 208, 209, 223, 315, 98, 277, 215, 507, 201, 271, 6, 289, 313, 376, 214, 354, 28, 225, 86, 36, 323, 108, 105, 76, 127, 185, 439, 330, 128, 167, 219, 272, 158, 273, 385, 251, 309, 329, 452, 138, 479, 366, 474, 207, 453, 497, 436, 480, 82, 470, 440, 183, 111, 252, 5, 157, 151, 232, 181, 216, 294, 373, 195, 367, 311, 338, 188, 375, 287, 218, 288, 238, 200, 320), 4.094285714285713, 45.24461538461546, 158.74561826743437
(374, 220, 182, 117, 175, 283, 70, 237, 186, 304, 22, 222, 333, 143, 337, 291, 358), (67, 69, 66, 153, 447, 26, 23, 293, 160, 101, 27, 190, 68, 103, 274, 297, 245, 384, 355, 501, 246, 486, 491, 314, 478, 75, 178, 231, 424, 228, 290, 120, 235, 435, 189, 402, 230, 173, 48, 121, 387, 418, 34, 305, 410, 399, 74, 407, 341, 422, 416, 365, 420, 264, 4, 284, 217, 211, 307, 506, 458, 303, 33, 180, 166, 85, 24, 191, 482, 95, 324, 364, 258, 462, 25, 278, 162, 263, 360, 113, 253, 212, 356, 208, 209, 223, 315, 98, 277, 215, 507, 201, 271, 6, 289, 313, 376, 214, 354, 28, 225, 86, 36, 323, 108, 105, 76, 127, 185, 439, 330, 128, 167, 219, 272, 158, 273, 385, 251, 309, 329, 452, 138, 479, 366, 474, 207, 453, 497, 436, 480, 82, 470, 440, 183, 111, 252, 5, 157, 151, 232, 181, 216, 294, 373, 195, 367, 311, 338, 188, 375, 287, 218, 288, 238, 200, 320), 1.96235294117647, 56.970700636942645, 168.9273348042578
(505, 508, 38, 116, 423, 417, 224, 298, 372, 42, 489, 125, 134, 503, 156, 377, 393, 406, 392, 443, 164, 425, 414, 456, 485, 129, 32, 41, 301, 79, 241, 472, 7, 92, 461, 434, 90, 340, 227, 431, 257, 106, 386, 395, 484, 49, 390, 325, 495, 100, 87, 397, 445, 361, 488, 473, 46, 409, 419, 170, 463, 256, 438, 449, 433, 494, 132, 276, 415, 412, 493, 469, 500, 442, 270, 64, 248, 31, 451, 135, 254, 464, 459, 499, 136, 141, 318, 239, 317, 80, 114, 96, 144, 91, 319, 43, 139, 259, 401, 285, 124, 197, 378, 243, 161, 326, 346, 413, 19, 62, 441, 481, 388, 396, 411, 432, 476, 104, 504, 126, 89, 176, 168, 394, 265, 184, 408, 15, 205, 83, 140, 14, 345, 466, 154, 368, 60, 347, 242, 260, 13, 130, 255, 261, 369, 59, 362, 477, 343, 187, 421, 50, 51, 2, 147, 1, 155, 3, 331, 426, 404, 344, 55, 56, 58, 349, 357, 267, 226, 177, 468, 352, 240, 282, 213, 316, 196, 286, 279, 335, 487, 498, 233, 110, 221, 72, 454, 47, 115, 81, 300, 327, 353, 99, 339, 381, 149, 174, 281, 54, 8, 10, 163, 299, 145, 9, 53, 334, 52, 107, 93, 437, 206, 446, 78, 131, 152, 308, 146, 142, 148, 348, 179, 37, 292, 382, 351, 391, 229, 383, 194, 193, 236, 244, 94, 280, 57, 321, 342, 322, 192, 336, 249, 350, 430, 247, 312), (427, 429, 428, 457, 18, 165, 465, 490, 39, 20, 21, 122, 17, 35, 171, 389, 471, 475, 268, 150, 269, 455, 109, 302, 204, 123, 63, 202, 262, 133, 77, 159, 444, 450, 118, 234, 295, 467, 275, 359, 492, 137, 45, 119, 84, 266), 85.32647773279334, 14.48608695652174, 186.54705680436248
