r_u, r_v, r_u SSD, r_v SSD, sum of within-region SSD
(4,), (211,), 0.0, 0.0, 0.0
(13,), (130,), 0.0, 0.0, 0.0
(242,), (184,), 0.0, 0.0, 0.0
(60,), (59,), 0.0, 0.0, 0.0
(394,), (46,), 0.0, 0.0, 0.0
(22,), (24,), 0.0, 0.0, 0.0
(103,), (190,), 0.0, 0.0, 0.0
(471,), (428,), 0.0, 0.0, 0.0
(475,), (429,), 0.0, 0.0, 0.0
(498,), (335,), 0.0, 0.0, 0.0
(295,), (234,), 0.0, 0.0, 0.0
(322,), (146,), 0.0, 0.0, 0.0
(340,), (227,), 0.0, 0.0, 0.0
(407,), (410,), 0.0, 0.0, 0.0
(353,), (381,), 0.0, 0.0, 0.0
(392,), (406,), 0.0, 0.0, 0.0
(437,), (444,), 0.0, 0.0, 0.0
(446,), (437, 444), 0.0, 0.0, 0.0
(388,), (484,), 0.0, 0.0, 0.0
(494,), (132,), 0.0, 0.0, 0.0
(167,), (453,), 0.0, 0.0, 0.0
(451,), (459,), 0.0, 0.0, 0.0
(141,), (493,), 0.0, 0.0, 0.0
(501,), (167, 453), 0.0, 0.0, 0.0
(195,), (367,), 0.0, 0.0, 0.0
(312,), (249,), 0.0, 0.0, 0.0
(258,), (383,), 0.0, 0.0, 0.0
(38,), (79,), 0.0, 0.0, 0.0
(222,), (186,), 0.0, 0.0, 0.0
(254,), (461,), 0.0, 0.0, 0.0
(72,), (295, 234), 0.0, 0.0, 0.0
(77,), (78,), 0.0, 0.0, 0.0
(286,), (240,), 0.0, 0.0, 0.0
(356,), (314,), 0.0, 0.0, 0.0
(292,), (311,), 0.0, 0.0, 0.0
(92,), (472,), 0.0, 0.0, 0.0
(417,), (377,), 0.0, 0.0, 0.0
(327,), (72, 295, 234), 0.0, 0.0, 0.0
(313,), (316,), 0.0, 0.0, 0.0
(215,), (313, 316), 0.0, 0.0, 0.0
(216,), (286, 240), 0.0, 0.0, 0.0
(280,), (391,), 0.0, 0.0, 0.0
(64,), (136,), 0.0, 0.0, 0.0
(489,), (417, 377), 0.0, 0.0, 0.0
(353, 381), (327, 72, 295, 234), 0.0, 0.0, 0.0
(14,), (345,), 0.0, 0.0, 0.0
(462,), (215, 313, 316), 0.0, 0.0, 0.0
(499,), (473,), 0.0, 0.0, 0.0
(433,), (419,), 0.0, 0.0, 0.0
(431,), (433, 419), 0.0, 0.0, 0.0
(201,), (357,), 0.0, 0.0, 0.0
(36,), (175,), 0.0, 0.0, 0.0
(236,), (196,), 0.0, 0.0, 0.0
(265,), (168,), 0.0, 0.0, 0.0
(283,), (22, 24), 0.0, 0.0, 0.0
(213,), (462, 215, 313, 316), 0.0, 0.0, 0.0
(318,), (378,), 0.0, 0.0, 0.0
(375,), (292, 311), 0.0, 0.0, 0.0
(257,), (268,), 0.0, 0.0, 0.0
(89,), (386,), 0.0, 0.0, 0.0
(315,), (356, 314), 0.0, 0.0, 0.0
(220,), (182,), 0.0, 0.0, 0.0
(95,), (315, 356, 314), 0.0, 0.0, 0.0
(37,), (179,), 0.0, 0.0, 0.0
(113,), (95, 315, 356, 314), 0.0, 0.0, 0.0
(47,), (202,), 0.0, 0.0, 0.0
(469,), (494, 132), 0.0, 0.0, 0.0
(288,), (375, 292, 311), 0.0, 0.0, 0.0
(91,), (319,), 0.0, 0.0, 0.0
(247,), (354,), 0.0, 0.0, 0.0
(164,), (423,), 0.0, 0.0, 0.0
(456,), (164, 423), 0.0, 0.0, 0.0
(329,), (385,), 0.0, 0.0, 0.0
(98,), (291,), 0.0, 0.0, 0.0
(342,), (288, 375, 292, 311), 0.0, 0.0, 0.0
(506,), (424,), 0.0, 0.0, 0.0
(100,), (39,), 0.0, 0.0, 0.0
(355,), (501, 167, 453), 0.0, 0.0, 0.0
(271,), (352,), 0.0, 0.0, 0.0
(74,), (407, 410), 0.0, 0.0, 0.0
(115,), (233,), 0.0, 0.0, 0.0
(161,), (346,), 0.0, 0.0, 0.0
(81,), (492,), 0.0, 0.0, 0.0
(432,), (445,), 0.0, 0.0, 0.0
(321,), (281,), 0.0, 0.0, 0.0
(21,), (481,), 0.0, 0.0, 0.0
(230,), (74, 407, 410), 0.0, 0.0, 0.0
(365,), (230, 74, 407, 410), 0.0, 0.0, 0.0
(353, 381, 327, 72, 295, 234), (89, 386), 0.0, 0.0, 0.0
(43,), (265, 168), 0.0, 0.0, 0.0
(209,), (223,), 0.0, 0.0, 0.0
(6,), (277,), 0.0, 0.0, 0.0
(500,), (469, 494, 132), 0.0, 0.0, 0.0
(143,), (138,), 0.0, 0.0, 0.0
(330,), (143, 138), 0.0, 0.0, 0.0
(396,), (401,), 0.0, 0.0, 0.0
(82,), (303,), 0.0, 0.0, 0.0
(320,), (430,), 0.0, 0.0, 0.0
(364,), (320, 430), 0.0, 0.0, 0.0
(103, 190), (330, 143, 138), 0.0, 0.0, 0.0
(261,), (242, 184), 0.0, 0.0, 0.0
(159,), (77, 78), 0.0, 0.0, 0.0
(443,), (317,), 0.0, 0.0, 0.0
(229,), (236, 196), 0.0, 0.0, 0.0
(151,), (229, 236, 196), 0.0, 0.0, 0.0
(18,), (122,), 0.0, 0.0, 0.0
(85,), (6, 277), 0.0, 0.0, 0.0
(96,), (100, 39), 0.0, 0.0, 0.0
(475, 429), (96, 100, 39), 0.0, 0.0, 0.0
(106,), (109,), 0.0, 0.0, 0.0
(263,), (98, 291), 0.0, 0.0, 0.0
(390,), (18, 122), 0.0, 0.0, 0.0
(388, 484), (390, 18, 122), 0.0, 0.0, 0.0
(204,), (63,), 0.0, 0.0, 0.0
(239,), (64, 136), 0.0, 0.0, 0.0
(134,), (431, 433, 419), 0.0, 0.0, 0.0
(200,), (247, 354), 0.0, 0.0, 0.0
(116,), (38, 79), 0.0, 0.0, 0.0
(446, 437, 444), (81, 492), 0.0, 0.0, 0.0
(244,), (213, 462, 215, 313, 316), 0.0, 0.0, 0.0
(507,), (244, 213, 462, 215, 313, 316), 0.0, 0.0, 0.0
(36, 175), (507, 244, 213, 462, 215, 313, 316), 0.0, 0.0, 0.0
(35,), (495,), 0.0, 0.0, 0.0
(451, 459), (35, 495), 0.0, 0.0, 0.0
(452,), (237,), 0.0, 0.0, 0.0
(450,), (446, 437, 444, 81, 492), 0.0, 0.0, 0.0
(176,), (139,), 0.0, 0.0, 0.0
(113, 95, 315, 356, 314), (365, 230, 74, 407, 410), 0.0, 0.0, 0.0
(85, 6, 277), (113, 95, 315, 356, 314, 365, 230, 74, 407, 410), 0.0, 0.0, 0.0
(117,), (222, 186), 0.0, 0.0, 0.0
(195, 367), (342, 288, 375, 292, 311), 0.0, 0.0, 0.0
(216, 286, 240), (195, 367, 342, 288, 375, 292, 311), 0.0, 0.0, 0.0
(503,), (489, 417, 377), 0.0, 0.0, 0.0
(189,), (290,), 0.0, 0.0, 0.0
(70,), (217,), 0.0, 0.0, 0.0
(258, 383), (364, 320, 430), 0.0, 0.0, 0.0
(312, 249), (258, 383, 364, 320, 430), 0.0, 0.0, 0.0
(91, 319), (43, 265, 168), 0.0, 0.0, 0.0
(301,), (91, 319, 43, 265, 168), 0.0, 0.0, 0.0
(318, 378), (301, 91, 319, 43, 265, 168), 0.0, 0.0, 0.0
(32,), (412,), 0.0, 0.0, 0.0
(232,), (373,), 0.0, 0.0, 0.0
(80,), (114,), 0.0, 0.0, 0.0
(216, 286, 240, 195, 367, 342, 288, 375, 292, 311), (232, 373), 0.0, 0.0, 0.0
(358,), (271, 352), 0.0, 0.0, 0.0
(52,), (51,), 0.0, 0.0, 0.0
(224,), (353, 381, 327, 72, 295, 234, 89, 386), 0.0, 0.0, 0.0
(207,), (355, 501, 167, 453), 0.0, 0.0, 0.0
(409,), (21, 481), 0.0, 0.0, 0.0
(280, 391), (321, 281), 0.0, 0.0, 0.0
(434,), (340, 227), 0.0, 0.0, 0.0
(488,), (161, 346), 0.0, 0.0, 0.0
(121,), (506, 424), 0.0, 0.0, 0.0
(220, 182), (263, 98, 291), 0.0, 0.0, 0.0
(476,), (394, 46), 0.0, 0.0, 0.0
(90,), (434, 340, 227), 0.0, 0.0, 0.0
(273,), (309,), 0.0, 0.0, 0.0
(193,), (216, 286, 240, 195, 367, 342, 288, 375, 292, 311, 232, 373), 0.0, 0.0, 0.0
(298,), (259,), 0.0, 0.0, 0.0
(144,), (170,), 0.0, 0.0, 0.0
(212,), (253,), 0.0, 0.0, 0.0
(41,), (415,), 0.0, 0.0, 0.0
(171,), (451, 459, 35, 495), 0.0, 0.0, 0.0
(135,), (171, 451, 459, 35, 495), 0.0, 0.0, 0.0
(447,), (225,), 0.0, 0.0, 0.0
(178,), (274,), 0.0, 0.0, 0.0
(486,), (178, 274), 0.0, 0.0, 0.0
(15,), (477,), 0.0, 0.0, 0.0
(260,), (15, 477), 0.0, 0.0, 0.0
(261, 242, 184), (260, 15, 477), 0.0, 0.0, 0.0
(471, 428), (80, 114), 0.0, 0.0, 0.0
(360,), (435,), 0.0, 0.0, 0.0
(294,), (151, 229, 236, 196), 0.0, 0.0, 0.0
(498, 335), (476, 394, 46), 0.0, 0.0, 0.0
(107,), (56,), 0.0, 0.0, 0.0
(490,), (427,), 0.0, 0.0, 0.0
(457,), (475, 429, 96, 100, 39), 0.0, 0.0, 0.0
(48,), (121, 506, 424), 0.0, 0.0, 0.0
(123,), (204, 63), 0.0, 0.0, 0.0
(192,), (322, 146), 0.0, 0.0, 0.0
(157,), (440,), 0.0, 0.0, 0.0
(388, 484, 390, 18, 122), (224, 353, 381, 327, 72, 295, 234, 89, 386), 0.0, 0.0, 0.0
(503, 489, 417, 377), (388, 484, 390, 18, 122, 224, 353, 381, 327, 72, 295, 234, 89, 386), 0.0, 0.0, 0.0
(154,), (368,), 0.0, 0.0, 0.0
(55,), (52, 51), 0.0, 0.0, 0.0
(500, 469, 494, 132), (134, 431, 433, 419), 0.0, 0.0, 0.0
(254, 461), (500, 469, 494, 132, 134, 431, 433, 419), 0.0, 0.0, 0.0
(235,), (189, 290), 0.0, 0.0, 0.0
(76,), (420,), 0.0, 0.0, 0.0
(235, 189, 290), (76, 420), 0.0, 0.0, 0.0
(117, 222, 186), (273, 309), 0.0, 0.0, 0.0
(31,), (270,), 0.0, 0.0, 0.0
(135, 171, 451, 459, 35, 495), (31, 270), 0.0, 0.0, 0.0
(99,), (339,), 0.0, 0.0, 0.0
(156,), (503, 489, 417, 377, 388, 484, 390, 18, 122, 224, 353, 381, 327, 72, 295, 234, 89, 386), 0.0, 0.0, 0.0
(19,), (62,), 0.0, 0.0, 0.0
(245,), (185,), 0.0, 0.0, 0.0
(129,), (156, 503, 489, 417, 377, 388, 484, 390, 18, 122, 224, 353, 381, 327, 72, 295, 234, 89, 386), 0.0, 0.0, 0.0
(347,), (261, 242, 184, 260, 15, 477), 0.0, 0.0, 0.0
(432, 445), (135, 171, 451, 459, 35, 495, 31, 270), 0.0, 0.0, 0.0
(20,), (432, 445, 135, 171, 451, 459, 35, 495, 31, 270), 0.0, 0.0, 0.0
(239, 64, 136), (20, 432, 445, 135, 171, 451, 459, 35, 495, 31, 270), 0.0, 0.0, 0.0
(443, 317), (239, 64, 136, 20, 432, 445, 135, 171, 451, 459, 35, 495, 31, 270), 0.0, 0.0, 0.0
(490, 427), (443, 317, 239, 64, 136, 20, 432, 445, 135, 171, 451, 459, 35, 495, 31, 270), 0.0, 0.0, 0.0
(283, 22, 24), (103, 190, 330, 143, 138), 0.0, 0.0, 0.0
(207, 355, 501, 167, 453), (245, 185), 0.0, 0.0, 0.0
(486, 178, 274), (207, 355, 501, 167, 453, 245, 185), 0.0, 0.0, 0.0
(228,), (264,), 0.0, 0.0, 0.0
(177,), (404,), 0.0, 0.0, 0.0
(166,), (297,), 0.0, 0.0, 0.0
(142,), (152,), 0.0, 0.0, 0.0
(2,), (3,), 0.0, 0.0, 0.0
(414,), (456, 164, 423), 0.0, 0.0, 0.0
(349,), (193, 216, 286, 240, 195, 367, 342, 288, 375, 292, 311, 232, 373), 0.0, 0.0, 0.0
(466,), (14, 345), 0.0, 0.0, 0.0
(255,), (347, 261, 242, 184, 260, 15, 477), 0.0, 0.0, 0.0
(508,), (392, 406), 0.0, 0.0, 0.0
(54,), (147,), 0.0, 0.0, 0.0
(369,), (13, 130), 0.0, 0.0, 0.0
(505,), (425,), 0.0, 0.0, 0.0
(454,), (450, 446, 437, 444, 81, 492), 0.0, 0.0, 0.0
(118,), (454, 450, 446, 437, 444, 81, 492), 0.0, 0.0, 0.0
(33,), (480,), 0.0, 0.0, 0.0
(32, 412), (254, 461, 500, 469, 494, 132, 134, 431, 433, 419), 0.0, 0.0, 0.0
(41, 415), (32, 412, 254, 461, 500, 469, 494, 132, 134, 431, 433, 419), 0.0, 0.0, 0.0
(414, 456, 164, 423), (41, 415, 32, 412, 254, 461, 500, 469, 494, 132, 134, 431, 433, 419), 0.0, 0.0, 0.0
(490, 427, 443, 317, 239, 64, 136, 20, 432, 445, 135, 171, 451, 459, 35, 495, 31, 270), (414, 456, 164, 423, 41, 415, 32, 412, 254, 461, 500, 469, 494, 132, 134, 431, 433, 419), 0.0, 0.0, 0.0
(129, 156, 503, 489, 417, 377, 388, 484, 390, 18, 122, 224, 353, 381, 327, 72, 295, 234, 89, 386), (490, 427, 443, 317, 239, 64, 136, 20, 432, 445, 135, 171, 451, 459, 35, 495, 31, 270, 414, 456, 164, 423, 41, 415, 32, 412, 254, 461, 500, 469, 494, 132, 134, 431, 433, 419), 0.0, 0.0, 0.0
(116, 38, 79), (129, 156, 503, 489, 417, 377, 388, 484, 390, 18, 122, 224, 353, 381, 327, 72, 295, 234, 89, 386, 490, 427, 443, 317, 239, 64, 136, 20, 432, 445, 135, 171, 451, 459, 35, 495, 31, 270, 414, 456, 164, 423, 41, 415, 32, 412, 254, 461, 500, 469, 494, 132, 134, 431, 433, 419), 0.0, 0.0, 0.0
(53,), (50,), 0.0, 0.0, 0.0
(343,), (466, 14, 345), 0.0, 0.0, 0.0
(10,), (331,), 0.0, 0.0, 0.0
(7,), (92, 472), 0.0, 0.0, 0.0
(23,), (67,), 0.0, 0.0, 0.0
(508, 392, 406), (116, 38, 79, 129, 156, 503, 489, 417, 377, 388, 484, 390, 18, 122, 224, 353, 381, 327, 72, 295, 234, 89, 386, 490, 427, 443, 317, 239, 64, 136, 20, 432, 445, 135, 171, 451, 459, 35, 495, 31, 270, 414, 456, 164, 423, 41, 415, 32, 412, 254, 461, 500, 469, 494, 132, 134, 431, 433, 419), 0.0, 0.0, 0.0
(248,), (508, 392, 406, 116, 38, 79, 129, 156, 503, 489, 417, 377, 388, 484, 390, 18, 122, 224, 353, 381, 327, 72, 295, 234, 89, 386, 490, 427, 443, 317, 239, 64, 136, 20, 432, 445, 135, 171, 451, 459, 35, 495, 31, 270, 414, 456, 164, 423, 41, 415, 32, 412, 254, 461, 500, 469, 494, 132, 134, 431, 433, 419), 0.0, 0.0, 0.0
(131,), (145,), 0.0, 0.0, 0.0
(127,), (486, 178, 274, 207, 355, 501, 167, 453, 245, 185), 0.0, 0.0, 0.0
(366,), (127, 486, 178, 274, 207, 355, 501, 167, 453, 245, 185), 0.0, 0.0, 0.0
(334,), (55, 52, 51), 0.0, 0.0, 0.0
(499, 473), (248, 508, 392, 406, 116, 38, 79, 129, 156, 503, 489, 417, 377, 388, 484, 390, 18, 122, 224, 353, 381, 327, 72, 295, 234, 89, 386, 490, 427, 443, 317, 239, 64, 136, 20, 432, 445, 135, 171, 451, 459, 35, 495, 31, 270, 414, 456, 164, 423, 41, 415, 32, 412, 254, 461, 500, 469, 494, 132, 134, 431, 433, 419), 0.0, 0.0, 0.0
(160,), (283, 22, 24, 103, 190, 330, 143, 138), 0.0, 0.0, 0.0
(266,), (467,), 0.0, 0.0, 0.0
(275,), (300,), 0.0, 0.0, 0.0
(299,), (159, 77, 78), 0.0, 0.0, 0.0
(118, 454, 450, 446, 437, 444, 81, 492), (299, 159, 77, 78), 0.0, 0.0, 0.0
(8,), (155,), 0.0, 0.0, 0.5
(308,), (8, 155), 0.0, 0.5, 0.6666666666666667
(351,), (376,), 0.0, 0.0, 1.1666666666666667
(120,), (402,), 0.0, 0.0, 1.6666666666666667
(285,), (326,), 0.0, 0.0, 2.166666666666667
(197,), (285, 326), 0.0, 0.5, 2.3333333333333335
(408,), (243,), 0.0, 0.0, 2.8333333333333335
(255, 347, 261, 242, 184, 260, 15, 477), (408, 243), 0.0, 0.5, 3.233333333333332
(86,), (191,), 0.0, 0.0, 3.733333333333332
(452, 237), (86, 191), 0.0, 0.5, 3.983333333333332
(341,), (387,), 0.0, 0.0, 4.4833333333333325
(458,), (341, 387), 0.0, 0.5, 4.6499999999999995
(194,), (338,), 0.0, 0.0, 5.1499999999999995
(294, 151, 229, 236, 196), (194, 338), 0.0, 0.5, 5.5071428571428545
(180,), (208,), 0.0, 0.0, 6.0071428571428545
(220, 182, 263, 98, 291), (180, 208), 0.0, 0.5, 6.364285714285709
(231,), (173,), 0.0, 0.0, 6.864285714285709
(25,), (278,), 0.0, 0.0, 7.364285714285709
(464,), (465,), 0.0, 0.0, 7.864285714285709
(463,), (464, 465), 0.0, 0.5, 8.030952380952376
(150,), (49,), 0.0, 0.0, 8.530952380952376
(491,), (75,), 0.0, 0.0, 9.030952380952376
(366, 127, 486, 178, 274, 207, 355, 501, 167, 453, 245, 185), (491, 75), 0.0, 0.5, 9.459523809523814
(165,), (372,), 0.0, 0.0, 9.959523809523814
(7, 92, 472), (165, 372), 0.0, 0.5, 10.259523809523818
(333,), (284,), 0.0, 0.0, 10.759523809523818
(163,), (426,), 0.0, 0.0, 11.259523809523818
(123, 204, 63), (163, 426), 0.0, 0.5, 11.559523809523823
(334, 55, 52, 51), (123, 204, 63, 163, 426), 0.0, 0.7999999999999999, 11.6484126984127
(118, 454, 450, 446, 437, 444, 81, 492, 299, 159, 77, 78), (334, 55, 52, 51, 123, 204, 63, 163, 426), 0.0, 0.888888888888889, 11.71190476190476
(110,), (133,), 0.0, 0.0, 12.21190476190476
(266, 467), (110, 133), 0.0, 0.5, 12.46190476190476
(128,), (384,), 0.0, 0.0, 12.96190476190476
(219,), (128, 384), 0.0, 0.5, 13.128571428571426
(57,), (148,), 0.0, 0.0, 13.628571428571426
(192, 322, 146), (57, 148), 0.0, 0.5, 13.92857142857143
(221,), (262,), 0.0, 0.0, 14.42857142857143
(449,), (485,), 0.0, 0.0, 14.92857142857143
(302,), (137,), 0.0, 0.0, 15.42857142857143
(4, 211), (458, 341, 387), 0.0, 0.6666666666666667, 15.961904761904748
(416,), (4, 211, 458, 341, 387), 0.0, 1.2, 16.26190476190475
(142, 152), (308, 8, 155), 0.0, 0.6666666666666667, 16.795238095238087
(348,), (142, 152, 308, 8, 155), 0.0, 1.2000000000000002, 17.095238095238088
(118, 454, 450, 446, 437, 444, 81, 492, 299, 159, 77, 78, 334, 55, 52, 51, 123, 204, 63, 163, 426), (302, 137), 0.9523809523809523, 0.5, 17.642857142857146
(181,), (294, 151, 229, 236, 196, 194, 338), 0.0, 0.8571428571428572, 18.28571428571429
(162,), (220, 182, 263, 98, 291, 180, 208), 0.0, 0.8571428571428572, 18.928571428571427
(117, 222, 186, 273, 309), (162, 220, 182, 263, 98, 291, 180, 208), 0.0, 1.5, 19.120879120879128
(304,), (117, 222, 186, 273, 309, 162, 220, 182, 263, 98, 291, 180, 208), 0.0, 1.6923076923076925, 19.78571428571428
(201, 357), (304, 117, 222, 186, 273, 309, 162, 220, 182, 263, 98, 291, 180, 208), 0.0, 2.3571428571428568, 19.866071428571427
(418,), (70, 217), 0.0, 0.0, 20.53273809523809
(382,), (37, 179), 0.0, 0.0, 21.199404761904756
(149,), (47, 202), 0.0, 0.0, 21.86607142857142
(470,), (82, 303), 0.0, 0.0, 22.532738095238084
(9,), (107, 56), 0.0, 0.0, 23.19940476190475
(69,), (23, 67), 0.0, 0.0, 23.866071428571413
(126,), (176, 139), 0.0, 0.0, 24.532738095238077
(298, 259), (126, 176, 139), 0.0, 0.6666666666666667, 25.066071428571412
(362,), (60, 59), 0.0, 0.0, 25.732738095238076
(187,), (131, 145), 0.0, 0.0, 26.399404761904744
(153,), (447, 225), 0.0, 0.0, 27.066071428571412
(111,), (166, 297), 0.0, 0.0, 27.73273809523808
(421,), (53, 50), 0.0, 0.0, 28.399404761904744
(344,), (177, 404), 0.0, 0.0, 29.06607142857141
(329, 385), (452, 237, 86, 191), 0.0, 0.75, 29.81607142857141
(282,), (358, 271, 352), 0.0, 0.0, 30.56607142857141
(471, 428, 80, 114), (187, 131, 145), 0.0, 0.6666666666666667, 31.327976190476168
(118, 454, 450, 446, 437, 444, 81, 492, 299, 159, 77, 78, 334, 55, 52, 51, 123, 204, 63, 163, 426, 302, 137), (471, 428, 80, 114, 187, 131, 145), 2.0, 1.4285714285714288, 31.76607142857143
(48, 121, 506, 424), (418, 70, 217), 0.0, 0.6666666666666666, 32.52797619047619
(83,), (343, 466, 14, 345), 0.0, 0.0, 33.327976190476186
(287,), (280, 391, 321, 281), 0.0, 0.0, 34.12797619047618
(214,), (287, 280, 391, 321, 281), 0.0, 0.7999999999999998, 34.66130952380953
(479,), (366, 127, 486, 178, 274, 207, 355, 501, 167, 453, 245, 185, 491, 75), 0.0, 0.9285714285714286, 35.46607142857147
(474,), (479, 366, 127, 486, 178, 274, 207, 355, 501, 167, 453, 245, 185, 491, 75), 0.0, 1.7333333333333334, 36.170238095238105
(25, 278), (201, 357, 304, 117, 222, 186, 273, 309, 162, 220, 182, 263, 98, 291, 180, 208), 0.5, 2.4375, 37.010515873015926
(174,), (118, 454, 450, 446, 437, 444, 81, 492, 299, 159, 77, 78, 334, 55, 52, 51, 123, 204, 63, 163, 426, 302, 137, 471, 428, 80, 114, 187, 131, 145), 0.0, 3.866666666666666, 37.85352662570396
(499, 473, 248, 508, 392, 406, 116, 38, 79, 129, 156, 503, 489, 417, 377, 388, 484, 390, 18, 122, 224, 353, 381, 327, 72, 295, 234, 89, 386, 490, 427, 443, 317, 239, 64, 136, 20, 432, 445, 135, 171, 451, 459, 35, 495, 31, 270, 414, 456, 164, 423, 41, 415, 32, 412, 254, 461, 500, 469, 494, 132, 134, 431, 433, 419), (174, 118, 454, 450, 446, 437, 444, 81, 492, 299, 159, 77, 78, 334, 55, 52, 51, 123, 204, 63, 163, 426, 302, 137, 471, 428, 80, 114, 187, 131, 145), 0.0, 4.709677419354839, 38.0500992063492
(124,), (318, 378, 301, 91, 319, 43, 265, 168), 0.0, 0.0, 38.938988095238116
(337,), (160, 283, 22, 24, 103, 190, 330, 143, 138), 0.0, 0.0, 39.8389880952381
(26,), (337, 160, 283, 22, 24, 103, 190, 330, 143, 138), 0.0, 0.8999999999999997, 40.57535173160175
(251,), (36, 175, 507, 244, 213, 462, 215, 313, 316), 0.0, 0.0, 41.475351731601734
(69, 23, 67), (251, 36, 175, 507, 244, 213, 462, 215, 313, 316), 0.6666666666666666, 0.8999999999999999, 41.90868506493506
(399,), (85, 6, 277, 113, 95, 315, 356, 314, 365, 230, 74, 407, 410), 0.0, 0.0, 42.83725649350647
(66,), (69, 23, 67, 251, 36, 175, 507, 244, 213, 462, 215, 313, 316), 0.0, 2.0, 43.7658279220779
(395,), (499, 473, 248, 508, 392, 406, 116, 38, 79, 129, 156, 503, 489, 417, 377, 388, 484, 390, 18, 122, 224, 353, 381, 327, 72, 295, 234, 89, 386, 490, 427, 443, 317, 239, 64, 136, 20, 432, 445, 135, 171, 451, 459, 35, 495, 31, 270, 414, 456, 164, 423, 41, 415, 32, 412, 254, 461, 500, 469, 494, 132, 134, 431, 433, 419, 174, 118, 454, 450, 446, 437, 444, 81, 492, 299, 159, 77, 78, 334, 55, 52, 51, 123, 204, 63, 163, 426, 302, 137, 471, 428, 80, 114, 187, 131, 145), 0.0, 4.90625, 44.69462946846941
(411,), (395, 499, 473, 248, 508, 392, 406, 116, 38, 79, 129, 156, 503, 489, 417, 377, 388, 484, 390, 18, 122, 224, 353, 381, 327, 72, 295, 234, 89, 386, 490, 427, 443, 317, 239, 64, 136, 20, 432, 445, 135, 171, 451, 459, 35, 495, 31, 270, 414, 456, 164, 423, 41, 415, 32, 412, 254, 461, 500, 469, 494, 132, 134, 431, 433, 419, 174, 118, 454, 450, 446, 437, 444, 81, 492, 299, 159, 77, 78, 334, 55, 52, 51, 123, 204, 63, 163, 426, 302, 137, 471, 428, 80, 114, 187, 131, 145), 0.0, 5.8350515463917505, 45.60447588126176
(504,), (411, 395, 499, 473, 248, 508, 392, 406, 116, 38, 79, 129, 156, 503, 489, 417, 377, 388, 484, 390, 18, 122, 224, 353, 381, 327, 72, 295, 234, 89, 386, 490, 427, 443, 317, 239, 64, 136, 20, 432, 445, 135, 171, 451, 459, 35, 495, 31, 270, 414, 456, 164, 423, 41, 415, 32, 412, 254, 461, 500, 469, 494, 132, 134, 431, 433, 419, 174, 118, 454, 450, 446, 437, 444, 81, 492, 299, 159, 77, 78, 334, 55, 52, 51, 123, 204, 63, 163, 426, 302, 137, 471, 428, 80, 114, 187, 131, 145), 0.0, 6.744897959183678, 46.49594155844132
(226,), (349, 193, 216, 286, 240, 195, 367, 342, 288, 375, 292, 311, 232, 373), 0.0, 0.0, 47.42927489177466
(333, 284), (48, 121, 506, 424, 418, 70, 217), 0.5, 1.4285714285714286, 48.38959235209211
(54, 147), (10, 331), 0.0, 0.0, 49.38959235209211
(209, 223), (360, 435), 0.0, 0.0, 50.38959235209211
(212, 253), (209, 223, 360, 435), 0.0, 1.0, 50.72292568542545
(120, 402), (231, 173), 0.5, 0.5, 51.72292568542545
(157, 440), (33, 480), 0.0, 0.0, 52.72292568542545
(141, 493), (505, 425), 0.0, 0.0, 53.72292568542545
(257, 268), (275, 300), 0.0, 0.0, 54.72292568542545
(361,), (124, 318, 378, 301, 91, 319, 43, 265, 168), 0.0, 0.8888888888888892, 55.834036796536566
(17,), (504, 411, 395, 499, 473, 248, 508, 392, 406, 116, 38, 79, 129, 156, 503, 489, 417, 377, 388, 484, 390, 18, 122, 224, 353, 381, 327, 72, 295, 234, 89, 386, 490, 427, 443, 317, 239, 64, 136, 20, 432, 445, 135, 171, 451, 459, 35, 495, 31, 270, 414, 456, 164, 423, 41, 415, 32, 412, 254, 461, 500, 469, 494, 132, 134, 431, 433, 419, 174, 118, 454, 450, 446, 437, 444, 81, 492, 299, 159, 77, 78, 334, 55, 52, 51, 123, 204, 63, 163, 426, 302, 137, 471, 428, 80, 114, 187, 131, 145), 0.0, 7.6363636363636545, 56.947673160172954
(359,), (17, 504, 411, 395, 499, 473, 248, 508, 392, 406, 116, 38, 79, 129, 156, 503, 489, 417, 377, 388, 484, 390, 18, 122, 224, 353, 381, 327, 72, 295, 234, 89, 386, 490, 427, 443, 317, 239, 64, 136, 20, 432, 445, 135, 171, 451, 459, 35, 495, 31, 270, 414, 456, 164, 423, 41, 415, 32, 412, 254, 461, 500, 469, 494, 132, 134, 431, 433, 419, 174, 118, 454, 450, 446, 437, 444, 81, 492, 299, 159, 77, 78, 334, 55, 52, 51, 123, 204, 63, 163, 426, 302, 137, 471, 428, 80, 114, 187, 131, 145), 0.0, 8.750000000000007, 58.039257318588916
(325,), (359, 17, 504, 411, 395, 499, 473, 248, 508, 392, 406, 116, 38, 79, 129, 156, 503, 489, 417, 377, 388, 484, 390, 18, 122, 224, 353, 381, 327, 72, 295, 234, 89, 386, 490, 427, 443, 317, 239, 64, 136, 20, 432, 445, 135, 171, 451, 459, 35, 495, 31, 270, 414, 456, 164, 423, 41, 415, 32, 412, 254, 461, 500, 469, 494, 132, 134, 431, 433, 419, 174, 118, 454, 450, 446, 437, 444, 81, 492, 299, 159, 77, 78, 334, 55, 52, 51, 123, 204, 63, 163, 426, 302, 137, 471, 428, 80, 114, 187, 131, 145), 0.0, 9.841584158415865, 59.10943786605532
(84,), (325, 359, 17, 504, 411, 395, 499, 473, 248, 508, 392, 406, 116, 38, 79, 129, 156, 503, 489, 417, 377, 388, 484, 390, 18, 122, 224, 353, 381, 327, 72, 295, 234, 89, 386, 490, 427, 443, 317, 239, 64, 136, 20, 432, 445, 135, 171, 451, 459, 35, 495, 31, 270, 414, 456, 164, 423, 41, 415, 32, 412, 254, 461, 500, 469, 494, 132, 134, 431, 433, 419, 174, 118, 454, 450, 446, 437, 444, 81, 492, 299, 159, 77, 78, 334, 55, 52, 51, 123, 204, 63, 163, 426, 302, 137, 471, 428, 80, 114, 187, 131, 145), 0.0, 10.911764705882328, 60.15883820871669
(221, 262), (84, 325, 359, 17, 504, 411, 395, 499, 473, 248, 508, 392, 406, 116, 38, 79, 129, 156, 503, 489, 417, 377, 388, 484, 390, 18, 122, 224, 353, 381, 327, 72, 295, 234, 89, 386, 490, 427, 443, 317, 239, 64, 136, 20, 432, 445, 135, 171, 451, 459, 35, 495, 31, 270, 414, 456, 164, 423, 41, 415, 32, 412, 254, 461, 500, 469, 494, 132, 134, 431, 433, 419, 174, 118, 454, 450, 446, 437, 444, 81, 492, 299, 159, 77, 78, 334, 55, 52, 51, 123, 204, 63, 163, 426, 302, 137, 471, 428, 80, 114, 187, 131, 145), 0.5, 11.961165048543727, 60.611958874458715
(397,), (221, 262, 84, 325, 359, 17, 504, 411, 395, 499, 473, 248, 508, 392, 406, 116, 38, 79, 129, 156, 503, 489, 417, 377, 388, 484, 390, 18, 122, 224, 353, 381, 327, 72, 295, 234, 89, 386, 490, 427, 443, 317, 239, 64, 136, 20, 432, 445, 135, 171, 451, 459, 35, 495, 31, 270, 414, 456, 164, 423, 41, 415, 32, 412, 254, 461, 500, 469, 494, 132, 134, 431, 433, 419, 174, 118, 454, 450, 446, 437, 444, 81, 492, 299, 159, 77, 78, 334, 55, 52, 51, 123, 204, 63, 163, 426, 302, 137, 471, 428, 80, 114, 187, 131, 145), 0.0, 12.91428571428576, 61.65993731111645
(269,), (397, 221, 262, 84, 325, 359, 17, 504, 411, 395, 499, 473, 248, 508, 392, 406, 116, 38, 79, 129, 156, 503, 489, 417, 377, 388, 484, 390, 18, 122, 224, 353, 381, 327, 72, 295, 234, 89, 386, 490, 427, 443, 317, 239, 64, 136, 20, 432, 445, 135, 171, 451, 459, 35, 495, 31, 270, 414, 456, 164, 423, 41, 415, 32, 412, 254, 461, 500, 469, 494, 132, 134, 431, 433, 419, 174, 118, 454, 450, 446, 437, 444, 81, 492, 299, 159, 77, 78, 334, 55, 52, 51, 123, 204, 63, 163, 426, 302, 137, 471, 428, 80, 114, 187, 131, 145), 0.0, 13.962264150943318, 62.68832736578066
(257, 268, 275, 300), (269, 397, 221, 262, 84, 325, 359, 17, 504, 411, 395, 499, 473, 248, 508, 392, 406, 116, 38, 79, 129, 156, 503, 489, 417, 377, 388, 484, 390, 18, 122, 224, 353, 381, 327, 72, 295, 234, 89, 386, 490, 427, 443, 317, 239, 64, 136, 20, 432, 445, 135, 171, 451, 459, 35, 495, 31, 270, 414, 456, 164, 423, 41, 415, 32, 412, 254, 461, 500, 469, 494, 132, 134, 431, 433, 419, 174, 118, 454, 450, 446, 437, 444, 81, 492, 299, 159, 77, 78, 334, 55, 52, 51, 123, 204, 63, 163, 426, 302, 137, 471, 428, 80, 114, 187, 131, 145), 1.0, 14.990654205607518, 63.68866415116432
(94,), (257, 268, 275, 300, 269, 397, 221, 262, 84, 325, 359, 17, 504, 411, 395, 499, 473, 248, 508, 392, 406, 116, 38, 79, 129, 156, 503, 489, 417, 377, 388, 484, 390, 18, 122, 224, 353, 381, 327, 72, 295, 234, 89, 386, 490, 427, 443, 317, 239, 64, 136, 20, 432, 445, 135, 171, 451, 459, 35, 495, 31, 270, 414, 456, 164, 423, 41, 415, 32, 412, 254, 461, 500, 469, 494, 132, 134, 431, 433, 419, 174, 118, 454, 450, 446, 437, 444, 81, 492, 299, 159, 77, 78, 334, 55, 52, 51, 123, 204, 63, 163, 426, 302, 137, 471, 428, 80, 114, 187, 131, 145), 0.0, 16.99099099099098, 64.66195887445917
(351, 376), (94, 257, 268, 275, 300, 269, 397, 221, 262, 84, 325, 359, 17, 504, 411, 395, 499, 473, 248, 508, 392, 406, 116, 38, 79, 129, 156, 503, 489, 417, 377, 388, 484, 390, 18, 122, 224, 353, 381, 327, 72, 295, 234, 89, 386, 490, 427, 443, 317, 239, 64, 136, 20, 432, 445, 135, 171, 451, 459, 35, 495, 31, 270, 414, 456, 164, 423, 41, 415, 32, 412, 254, 461, 500, 469, 494, 132, 134, 431, 433, 419, 174, 118, 454, 450, 446, 437, 444, 81, 492, 299, 159, 77, 78, 334, 55, 52, 51, 123, 204, 63, 163, 426, 302, 137, 471, 428, 80, 114, 187, 131, 145), 0.5, 17.964285714285708, 65.18890123034873
(393,), (351, 376, 94, 257, 268, 275, 300, 269, 397, 221, 262, 84, 325, 359, 17, 504, 411, 395, 499, 473, 248, 508, 392, 406, 116, 38, 79, 129, 156, 503, 489, 417, 377, 388, 484, 390, 18, 122, 224, 353, 381, 327, 72, 295, 234, 89, 386, 490, 427, 443, 317, 239, 64, 136, 20, 432, 445, 135, 171, 451, 459, 35, 495, 31, 270, 414, 456, 164, 423, 41, 415, 32, 412, 254, 461, 500, 469, 494, 132, 134, 431, 433, 419, 174, 118, 454, 450, 446, 437, 444, 81, 492, 299, 159, 77, 78, 334, 55, 52, 51, 123, 204, 63, 163, 426, 302, 137, 471, 428, 80, 114, 187, 131, 145), 0.0, 18.991228070175424, 66.16289055147716
(158,), (25, 278, 201, 357, 304, 117, 222, 186, 273, 309, 162, 220, 182, 263, 98, 291, 180, 208), 0.0, 3.7777777777777795, 67.33248119475198
(111, 166, 297), (157, 440, 33, 480), 0.6666666666666667, 1.0, 68.52295738522815
(409, 21, 481), (19, 62), 0.0, 0.0, 69.72295738522814
(396, 401), (409, 21, 481, 19, 62), 0.0, 1.2000000000000002, 70.23724309951386
(348, 142, 152, 308, 8, 155), (393, 351, 376, 94, 257, 268, 275, 300, 269, 397, 221, 262, 84, 325, 359, 17, 504, 411, 395, 499, 473, 248, 508, 392, 406, 116, 38, 79, 129, 156, 503, 489, 417, 377, 388, 484, 390, 18, 122, 224, 353, 381, 327, 72, 295, 234, 89, 386, 490, 427, 443, 317, 239, 64, 136, 20, 432, 445, 135, 171, 451, 459, 35, 495, 31, 270, 414, 456, 164, 423, 41, 415, 32, 412, 254, 461, 500, 469, 494, 132, 134, 431, 433, 419, 174, 118, 454, 450, 446, 437, 444, 81, 492, 299, 159, 77, 78, 334, 55, 52, 51, 123, 204, 63, 163, 426, 302, 137, 471, 428, 80, 114, 187, 131, 145), 1.5, 19.965217391304375, 71.56541413796162
(449, 485), (141, 493, 505, 425), 0.5, 1.0, 72.89874747129494
(188,), (382, 37, 179), 0.0, 0.6666666666666666, 74.23208080462827
(238,), (188, 382, 37, 179), 0.0, 2.0, 75.03208080462828
(498, 335, 476, 394, 46), (99, 339), 0.0, 0.0, 76.46065223319968
(235, 189, 290, 76, 420), (228, 264), 0.0, 0.0, 77.88922366177108
(455,), (150, 49), 0.0, 0.5, 79.38922366177108
(106, 109), (455, 150, 49), 0.0, 2.0, 80.58922366177107
(144, 170), (457, 475, 429, 96, 100, 39), 0.0, 0.0, 82.08922366177107
(422,), (416, 4, 211, 458, 341, 387), 0.0, 1.5, 84.01779509034247
(45,), (119,), 0.0, 0.0, 86.01779509034247
(93,), (45, 119), 0.0, 2.0, 86.68446175700913
(154, 368), (83, 343, 466, 14, 345), 0.0, 0.7999999999999998, 88.741604614152
(1,), (421, 53, 50), 0.0, 0.6666666666666667, 90.82493794748532
(104,), (463, 464, 465), 0.0, 0.6666666666666667, 92.90827128081867
(200, 247, 354), (312, 249, 258, 383, 364, 320, 430), 0.0, 0.0, 95.00827128081868
(348, 142, 152, 308, 8, 155, 393, 351, 376, 94, 257, 268, 275, 300, 269, 397, 221, 262, 84, 325, 359, 17, 504, 411, 395, 499, 473, 248, 508, 392, 406, 116, 38, 79, 129, 156, 503, 489, 417, 377, 388, 484, 390, 18, 122, 224, 353, 381, 327, 72, 295, 234, 89, 386, 490, 427, 443, 317, 239, 64, 136, 20, 432, 445, 135, 171, 451, 459, 35, 495, 31, 270, 414, 456, 164, 423, 41, 415, 32, 412, 254, 461, 500, 469, 494, 132, 134, 431, 433, 419, 174, 118, 454, 450, 446, 437, 444, 81, 492, 299, 159, 77, 78, 334, 55, 52, 51, 123, 204, 63, 163, 426, 302, 137, 471, 428, 80, 114, 187, 131, 145), (200, 247, 354, 312, 249, 258, 383, 364, 320, 430), 22.79338842975211, 2.1, 95.62633323274692
(226, 349, 193, 216, 286, 240, 195, 367, 342, 288, 375, 292, 311, 232, 373), (348, 142, 152, 308, 8, 155, 393, 351, 376, 94, 257, 268, 275, 300, 269, 397, 221, 262, 84, 325, 359, 17, 504, 411, 395, 499, 473, 248, 508, 392, 406, 116, 38, 79, 129, 156, 503, 489, 417, 377, 388, 484, 390, 18, 122, 224, 353, 381, 327, 72, 295, 234, 89, 386, 490, 427, 443, 317, 239, 64, 136, 20, 432, 445, 135, 171, 451, 459, 35, 495, 31, 270, 414, 456, 164, 423, 41, 415, 32, 412, 254, 461, 500, 469, 494, 132, 134, 431, 433, 419, 174, 118, 454, 450, 446, 437, 444, 81, 492, 299, 159, 77, 78, 334, 55, 52, 51, 123, 204, 63, 163, 426, 302, 137, 471, 428, 80, 114, 187, 131, 145, 200, 247, 354, 312, 249, 258, 383, 364, 320, 430), 0.9333333333333326, 25.511450381679232, 95.84593307937803
(361, 124, 318, 378, 301, 91, 319, 43, 265, 168), (498, 335, 476, 394, 46, 99, 339), 2.0, 1.4285714285714288, 97.94677341551245
(324,), (212, 253, 209, 223, 360, 435), 0.0, 1.3333333333333335, 100.32772579646485
(218,), (238, 188, 382, 37, 179), 0.0, 2.8, 103.02772579646484
(7, 92, 472, 165, 372), (226, 349, 193, 216, 286, 240, 195, 367, 342, 288, 375, 292, 311, 232, 373, 348, 142, 152, 308, 8, 155, 393, 351, 376, 94, 257, 268, 275, 300, 269, 397, 221, 262, 84, 325, 359, 17, 504, 411, 395, 499, 473, 248, 508, 392, 406, 116, 38, 79, 129, 156, 503, 489, 417, 377, 388, 484, 390, 18, 122, 224, 353, 381, 327, 72, 295, 234, 89, 386, 490, 427, 443, 317, 239, 64, 136, 20, 432, 445, 135, 171, 451, 459, 35, 495, 31, 270, 414, 456, 164, 423, 41, 415, 32, 412, 254, 461, 500, 469, 494, 132, 134, 431, 433, 419, 174, 118, 454, 450, 446, 437, 444, 81, 492, 299, 159, 77, 78, 334, 55, 52, 51, 123, 204, 63, 163, 426, 302, 137, 471, 428, 80, 114, 187, 131, 145, 200, 247, 354, 312, 249, 258, 383, 364, 320, 430), 0.7999999999999999, 26.664383561643827, 105.76201773150876
(369, 13, 130), (255, 347, 261, 242, 184, 260, 15, 477, 408, 243), 0.0, 0.8999999999999999, 108.55432542381645
(154, 368, 83, 343, 466, 14, 345), (369, 13, 130, 255, 347, 261, 242, 184, 260, 15, 477, 408, 243), 2.8571428571428577, 3.6923076923076925, 110.80487487436585
(2, 3), (54, 147, 10, 331), 0.0, 1.0, 113.80487487436585
(436,), (111, 166, 297, 157, 440, 33, 480), 0.0, 2.857142857142857, 116.82273201722299
(183,), (474, 479, 366, 127, 486, 178, 274, 207, 355, 501, 167, 453, 245, 185, 491, 75), 0.0, 2.4375, 119.91464378192886
(90, 434, 340, 227), (7, 92, 472, 165, 372, 226, 349, 193, 216, 286, 240, 195, 367, 342, 288, 375, 292, 311, 232, 373, 348, 142, 152, 308, 8, 155, 393, 351, 376, 94, 257, 268, 275, 300, 269, 397, 221, 262, 84, 325, 359, 17, 504, 411, 395, 499, 473, 248, 508, 392, 406, 116, 38, 79, 129, 156, 503, 489, 417, 377, 388, 484, 390, 18, 122, 224, 353, 381, 327, 72, 295, 234, 89, 386, 490, 427, 443, 317, 239, 64, 136, 20, 432, 445, 135, 171, 451, 459, 35, 495, 31, 270, 414, 456, 164, 423, 41, 415, 32, 412, 254, 461, 500, 469, 494, 132, 134, 431, 433, 419, 174, 118, 454, 450, 446, 437, 444, 81, 492, 299, 159, 77, 78, 334, 55, 52, 51, 123, 204, 63, 163, 426, 302, 137, 471, 428, 80, 114, 187, 131, 145, 200, 247, 354, 312, 249, 258, 383, 364, 320, 430), 0.0, 30.198675496688615, 123.26435538201453
(266, 467, 110, 133), (149, 47, 202), 0.75, 0.6666666666666666, 126.7048315724907
(101,), (66, 69, 23, 67, 251, 36, 175, 507, 244, 213, 462, 215, 313, 316), 0.0, 2.92857142857143, 130.1762601439192
(289,), (101, 66, 69, 23, 67, 251, 36, 175, 507, 244, 213, 462, 215, 313, 316), 0.0, 6.3999999999999995, 133.2137601439193
(399, 85, 6, 277, 113, 95, 315, 356, 314, 365, 230, 74, 407, 410), (289, 101, 66, 69, 23, 67, 251, 36, 175, 507, 244, 213, 462, 215, 313, 316), 0.9285714285714279, 9.4375, 134.31435538201458
(34,), (158, 25, 278, 201, 357, 304, 117, 222, 186, 273, 309, 162, 220, 182, 263, 98, 291, 180, 208), 0.0, 4.947368421052628, 137.91698696096208
(422, 416, 4, 211, 458, 341, 387), (34, 158, 25, 278, 201, 357, 304, 117, 222, 186, 273, 309, 162, 220, 182, 263, 98, 291, 180, 208), 3.4285714285714293, 8.549999999999997, 141.7902673842424
(374,), (333, 284, 48, 121, 506, 424, 418, 70, 217), 0.0, 2.8888888888888893, 145.8013784953535
(256,), (449, 485, 141, 493, 505, 425), 0.0, 2.833333333333333, 149.825188019163
(58,), (9, 107, 56), 0.0, 0.6666666666666666, 153.90852135249634
(1, 421, 53, 50), (58, 9, 107, 56), 2.75, 4.75, 155.9085213524963
(307,), (422, 416, 4, 211, 458, 341, 387, 34, 158, 25, 278, 201, 357, 304, 117, 222, 186, 273, 309, 162, 220, 182, 263, 98, 291, 180, 208), 0.0, 15.851851851851853, 160.05666950064455
(488, 161, 346), (361, 124, 318, 378, 301, 91, 319, 43, 265, 168, 498, 335, 476, 394, 46, 99, 339), 0.0, 5.529411764705882, 164.32725773593876
(42,), (90, 434, 340, 227, 7, 92, 472, 165, 372, 226, 349, 193, 216, 286, 240, 195, 367, 342, 288, 375, 292, 311, 232, 373, 348, 142, 152, 308, 8, 155, 393, 351, 376, 94, 257, 268, 275, 300, 269, 397, 221, 262, 84, 325, 359, 17, 504, 411, 395, 499, 473, 248, 508, 392, 406, 116, 38, 79, 129, 156, 503, 489, 417, 377, 388, 484, 390, 18, 122, 224, 353, 381, 327, 72, 295, 234, 89, 386, 490, 427, 443, 317, 239, 64, 136, 20, 432, 445, 135, 171, 451, 459, 35, 495, 31, 270, 414, 456, 164, 423, 41, 415, 32, 412, 254, 461, 500, 469, 494, 132, 134, 431, 433, 419, 174, 118, 454, 450, 446, 437, 444, 81, 492, 299, 159, 77, 78, 334, 55, 52, 51, 123, 204, 63, 163, 426, 302, 137, 471, 428, 80, 114, 187, 131, 145, 200, 247, 354, 312, 249, 258, 383, 364, 320, 430), 0.0, 33.54838709677417, 168.695537305833
(267,), (181, 294, 151, 229, 236, 196, 194, 338), 0.0, 1.5, 173.195537305833
(329, 385, 452, 237, 86, 191), (235, 189, 290, 76, 420, 228, 264), 1.5, 1.4285714285714288, 177.9592735695692
(27,), (329, 385, 452, 237, 86, 191, 235, 189, 290, 76, 420, 228, 264), 0.0, 7.692307692307693, 181.1241087344045
(219, 128, 384), (183, 474, 479, 366, 127, 486, 178, 274, 207, 355, 501, 167, 453, 245, 185, 491, 75), 0.6666666666666667, 5.529411764705886, 185.92803030303193
(154, 368, 83, 343, 466, 14, 345, 369, 13, 130, 255, 347, 261, 242, 184, 260, 15, 477, 408, 243), (488, 161, 346, 361, 124, 318, 378, 301, 91, 319, 43, 265, 168, 498, 335, 476, 394, 46, 99, 339), 8.799999999999999, 9.799999999999999, 190.82803030303148
(27, 329, 385, 452, 237, 86, 191, 235, 189, 290, 76, 420, 228, 264), (219, 128, 384, 183, 474, 479, 366, 127, 486, 178, 274, 207, 355, 501, 167, 453, 245, 185, 491, 75), 10.857142857142852, 11.0, 195.912063916477
(478,), (27, 329, 385, 452, 237, 86, 191, 235, 189, 290, 76, 420, 228, 264, 219, 128, 384, 183, 474, 479, 366, 127, 486, 178, 274, 207, 355, 501, 167, 453, 245, 185, 491, 75), 0.0, 26.941176470588246, 200.513744588746
(246,), (478, 27, 329, 385, 452, 237, 86, 191, 235, 189, 290, 76, 420, 228, 264, 219, 128, 384, 183, 474, 479, 366, 127, 486, 178, 274, 207, 355, 501, 167, 453, 245, 185, 491, 75), 0.0, 31.54285714285715, 204.85977633477756
(413,), (396, 401, 409, 21, 481, 19, 62), 0.0, 1.7142857142857142, 210.02049062049184
(115, 233), (266, 467, 110, 133, 149, 47, 202), 0.0, 4.857142857142857, 215.38556998556984
(344, 177, 404), (267, 181, 294, 151, 229, 236, 196, 194, 338), 0.6666666666666667, 6.0, 221.6355699855699
(218, 238, 188, 382, 37, 179), (344, 177, 404, 267, 181, 294, 151, 229, 236, 196, 194, 338), 5.5, 12.916666666666666, 226.3300144300142
(192, 322, 146, 57, 148), (42, 90, 434, 340, 227, 7, 92, 472, 165, 372, 226, 349, 193, 216, 286, 240, 195, 367, 342, 288, 375, 292, 311, 232, 373, 348, 142, 152, 308, 8, 155, 393, 351, 376, 94, 257, 268, 275, 300, 269, 397, 221, 262, 84, 325, 359, 17, 504, 411, 395, 499, 473, 248, 508, 392, 406, 116, 38, 79, 129, 156, 503, 489, 417, 377, 388, 484, 390, 18, 122, 224, 353, 381, 327, 72, 295, 234, 89, 386, 490, 427, 443, 317, 239, 64, 136, 20, 432, 445, 135, 171, 451, 459, 35, 495, 31, 270, 414, 456, 164, 423, 41, 415, 32, 412, 254, 461, 500, 469, 494, 132, 134, 431, 433, 419, 174, 118, 454, 450, 446, 437, 444, 81, 492, 299, 159, 77, 78, 334, 55, 52, 51, 123, 204, 63, 163, 426, 302, 137, 471, 428, 80, 114, 187, 131, 145, 200, 247, 354, 312, 249, 258, 383, 364, 320, 430), 0.7999999999999999, 37.916666666666515, 234.30899993726104
(497,), (246, 478, 27, 329, 385, 452, 237, 86, 191, 235, 189, 290, 76, 420, 228, 264, 219, 128, 384, 183, 474, 479, 366, 127, 486, 178, 274, 207, 355, 501, 167, 453, 245, 185, 491, 75), 0.0, 35.888888888888914, 242.74443537269644
(305,), (307, 422, 416, 4, 211, 458, 341, 387, 34, 158, 25, 278, 201, 357, 304, 117, 222, 186, 273, 309, 162, 220, 182, 263, 98, 291, 180, 208), 0.0, 20.0, 251.43409054511017
(125,), (192, 322, 146, 57, 148, 42, 90, 434, 340, 227, 7, 92, 472, 165, 372, 226, 349, 193, 216, 286, 240, 195, 367, 342, 288, 375, 292, 311, 232, 373, 348, 142, 152, 308, 8, 155, 393, 351, 376, 94, 257, 268, 275, 300, 269, 397, 221, 262, 84, 325, 359, 17, 504, 411, 395, 499, 473, 248, 508, 392, 406, 116, 38, 79, 129, 156, 503, 489, 417, 377, 388, 484, 390, 18, 122, 224, 353, 381, 327, 72, 295, 234, 89, 386, 490, 427, 443, 317, 239, 64, 136, 20, 432, 445, 135, 171, 451, 459, 35, 495, 31, 270, 414, 456, 164, 423, 41, 415, 32, 412, 254, 461, 500, 469, 494, 132, 134, 431, 433, 419, 174, 118, 454, 450, 446, 437, 444, 81, 492, 299, 159, 77, 78, 334, 55, 52, 51, 123, 204, 63, 163, 426, 302, 137, 471, 428, 80, 114, 187, 131, 145, 200, 247, 354, 312, 249, 258, 383, 364, 320, 430), 0.0, 46.69565217391318, 260.63967293909764
(350,), (125, 192, 322, 146, 57, 148, 42, 90, 434, 340, 227, 7, 92, 472, 165, 372, 226, 349, 193, 216, 286, 240, 195, 367, 342, 288, 375, 292, 311, 232, 373, 348, 142, 152, 308, 8, 155, 393, 351, 376, 94, 257, 268, 275, 300, 269, 397, 221, 262, 84, 325, 359, 17, 504, 411, 395, 499, 473, 248, 508, 392, 406, 116, 38, 79, 129, 156, 503, 489, 417, 377, 388, 484, 390, 18, 122, 224, 353, 381, 327, 72, 295, 234, 89, 386, 490, 427, 443, 317, 239, 64, 136, 20, 432, 445, 135, 171, 451, 459, 35, 495, 31, 270, 414, 456, 164, 423, 41, 415, 32, 412, 254, 461, 500, 469, 494, 132, 134, 431, 433, 419, 174, 118, 454, 450, 446, 437, 444, 81, 492, 299, 159, 77, 78, 334, 55, 52, 51, 123, 204, 63, 163, 426, 302, 137, 471, 428, 80, 114, 187, 131, 145, 200, 247, 354, 312, 249, 258, 383, 364, 320, 430), 0.0, 55.90123456790089, 269.7323034018699
(442,), (350, 125, 192, 322, 146, 57, 148, 42, 90, 434, 340, 227, 7, 92, 472, 165, 372, 226, 349, 193, 216, 286, 240, 195, 367, 342, 288, 375, 292, 311, 232, 373, 348, 142, 152, 308, 8, 155, 393, 351, 376, 94, 257, 268, 275, 300, 269, 397, 221, 262, 84, 325, 359, 17, 504, 411, 395, 499, 473, 248, 508, 392, 406, 116, 38, 79, 129, 156, 503, 489, 417, 377, 388, 484, 390, 18, 122, 224, 353, 381, 327, 72, 295, 234, 89, 386, 490, 427, 443, 317, 239, 64, 136, 20, 432, 445, 135, 171, 451, 459, 35, 495, 31, 270, 414, 456, 164, 423, 41, 415, 32, 412, 254, 461, 500, 469, 494, 132, 134, 431, 433, 419, 174, 118, 454, 450, 446, 437, 444, 81, 492, 299, 159, 77, 78, 334, 55, 52, 51, 123, 204, 63, 163, 426, 302, 137, 471, 428, 80, 114, 187, 131, 145, 200, 247, 354, 312, 249, 258, 383, 364, 320, 430), 0.0, 64.99386503067491, 278.71404812729304
(439,), (497, 246, 478, 27, 329, 385, 452, 237, 86, 191, 235, 189, 290, 76, 420, 228, 264, 219, 128, 384, 183, 474, 479, 366, 127, 486, 178, 274, 207, 355, 501, 167, 453, 245, 185, 491, 75), 0.0, 44.324324324324294, 288.28446064507415
(276,), (154, 368, 83, 343, 466, 14, 345, 369, 13, 130, 255, 347, 261, 242, 184, 260, 15, 477, 408, 243, 488, 161, 346, 361, 124, 318, 378, 301, 91, 319, 43, 265, 168, 498, 335, 476, 394, 46, 99, 339), 0.0, 23.5, 298.5893386938546
(241,), (276, 154, 368, 83, 343, 466, 14, 345, 369, 13, 130, 255, 347, 261, 242, 184, 260, 15, 477, 408, 243, 488, 161, 346, 361, 124, 318, 378, 301, 91, 319, 43, 265, 168, 498, 335, 476, 394, 46, 99, 339), 0.0, 33.80487804878049, 308.4035082641215
(298, 259, 126, 176, 139), (241, 276, 154, 368, 83, 343, 466, 14, 345, 369, 13, 130, 255, 347, 261, 242, 184, 260, 15, 477, 408, 243, 488, 161, 346, 361, 124, 318, 378, 301, 91, 319, 43, 265, 168, 498, 335, 476, 394, 46, 99, 339), 1.2, 43.619047619047606, 318.3929712833716
(324, 212, 253, 209, 223, 360, 435), (439, 497, 246, 478, 27, 329, 385, 452, 237, 86, 191, 235, 189, 290, 76, 420, 228, 264, 219, 128, 384, 183, 474, 479, 366, 127, 486, 178, 274, 207, 355, 501, 167, 453, 245, 185, 491, 75), 3.7142857142857135, 53.89473684210521, 329.5839487269808
(305, 307, 422, 416, 4, 211, 458, 341, 387, 34, 158, 25, 278, 201, 357, 304, 117, 222, 186, 273, 309, 162, 220, 182, 263, 98, 291, 180, 208), (324, 212, 253, 209, 223, 360, 435, 439, 497, 246, 478, 27, 329, 385, 452, 237, 86, 191, 235, 189, 290, 76, 420, 228, 264, 219, 128, 384, 183, 474, 479, 366, 127, 486, 178, 274, 207, 355, 501, 167, 453, 245, 185, 491, 75), 28.689655172413822, 68.79999999999994, 331.9996989599727
(104, 463, 464, 465), (442, 350, 125, 192, 322, 146, 57, 148, 42, 90, 434, 340, 227, 7, 92, 472, 165, 372, 226, 349, 193, 216, 286, 240, 195, 367, 342, 288, 375, 292, 311, 232, 373, 348, 142, 152, 308, 8, 155, 393, 351, 376, 94, 257, 268, 275, 300, 269, 397, 221, 262, 84, 325, 359, 17, 504, 411, 395, 499, 473, 248, 508, 392, 406, 116, 38, 79, 129, 156, 503, 489, 417, 377, 388, 484, 390, 18, 122, 224, 353, 381, 327, 72, 295, 234, 89, 386, 490, 427, 443, 317, 239, 64, 136, 20, 432, 445, 135, 171, 451, 459, 35, 495, 31, 270, 414, 456, 164, 423, 41, 415, 32, 412, 254, 461, 500, 469, 494, 132, 134, 431, 433, 419, 174, 118, 454, 450, 446, 437, 444, 81, 492, 299, 159, 77, 78, 334, 55, 52, 51, 123, 204, 63, 163, 426, 302, 137, 471, 428, 80, 114, 187, 131, 145, 200, 247, 354, 312, 249, 258, 383, 364, 320, 430), 2.75, 73.97560975609753, 343.7919463467311
(399, 85, 6, 277, 113, 95, 315, 356, 314, 365, 230, 74, 407, 410, 289, 101, 66, 69, 23, 67, 251, 36, 175, 507, 244, 213, 462, 215, 313, 316), (218, 238, 188, 382, 37, 179, 344, 177, 404, 267, 181, 294, 151, 229, 236, 196, 194, 338), 11.466666666666656, 23.1111111111111, 357.1308352356192
(120, 402, 231, 173), (305, 307, 422, 416, 4, 211, 458, 341, 387, 34, 158, 25, 278, 201, 357, 304, 117, 222, 186, 273, 309, 162, 220, 182, 263, 98, 291, 180, 208, 324, 212, 253, 209, 223, 360, 435, 439, 497, 246, 478, 27, 329, 385, 452, 237, 86, 191, 235, 189, 290, 76, 420, 228, 264, 219, 128, 384, 183, 474, 479, 366, 127, 486, 178, 274, 207, 355, 501, 167, 453, 245, 185, 491, 75), 2.0, 99.90540540540547, 370.5203016250895
(153, 447, 225), (120, 402, 231, 173, 305, 307, 422, 416, 4, 211, 458, 341, 387, 34, 158, 25, 278, 201, 357, 304, 117, 222, 186, 273, 309, 162, 220, 182, 263, 98, 291, 180, 208, 324, 212, 253, 209, 223, 360, 435, 439, 497, 246, 478, 27, 329, 385, 452, 237, 86, 191, 235, 189, 290, 76, 420, 228, 264, 219, 128, 384, 183, 474, 479, 366, 127, 486, 178, 274, 207, 355, 501, 167, 453, 245, 185, 491, 75), 0.6666666666666667, 115.29487179487177, 383.4476520524404
(436, 111, 166, 297, 157, 440, 33, 480), (153, 447, 225, 120, 402, 231, 173, 305, 307, 422, 416, 4, 211, 458, 341, 387, 34, 158, 25, 278, 201, 357, 304, 117, 222, 186, 273, 309, 162, 220, 182, 263, 98, 291, 180, 208, 324, 212, 253, 209, 223, 360, 435, 439, 497, 246, 478, 27, 329, 385, 452, 237, 86, 191, 235, 189, 290, 76, 420, 228, 264, 219, 128, 384, 183, 474, 479, 366, 127, 486, 178, 274, 207, 355, 501, 167, 453, 245, 185, 491, 75), 5.875, 128.88888888888872, 396.30174069163985
(282, 358, 271, 352), (436, 111, 166, 297, 157, 440, 33, 480, 153, 447, 225, 120, 402, 231, 173, 305, 307, 422, 416, 4, 211, 458, 341, 387, 34, 158, 25, 278, 201, 357, 304, 117, 222, 186, 273, 309, 162, 220, 182, 263, 98, 291, 180, 208, 324, 212, 253, 209, 223, 360, 435, 439, 497, 246, 478, 27, 329, 385, 452, 237, 86, 191, 235, 189, 290, 76, 420, 228, 264, 219, 128, 384, 183, 474, 479, 366, 127, 486, 178, 274, 207, 355, 501, 167, 453, 245, 185, 491, 75), 0.75, 147.61797752808994, 409.181074991508
(362, 60, 59), (298, 259, 126, 176, 139, 241, 276, 154, 368, 83, 343, 466, 14, 345, 369, 13, 130, 255, 347, 261, 242, 184, 260, 15, 477, 408, 243, 488, 161, 346, 361, 124, 318, 378, 301, 91, 319, 43, 265, 168, 498, 335, 476, 394, 46, 99, 339), 0.6666666666666667, 54.80851063829789, 423.70589768654366
(197, 285, 326), (362, 60, 59, 298, 259, 126, 176, 139, 241, 276, 154, 368, 83, 343, 466, 14, 345, 369, 13, 130, 255, 347, 261, 242, 184, 260, 15, 477, 408, 243, 488, 161, 346, 361, 124, 318, 378, 301, 91, 319, 43, 265, 168, 498, 335, 476, 394, 46, 99, 339), 0.6666666666666667, 70.00000000000003, 436.5864008311979
(140,), (197, 285, 326, 362, 60, 59, 298, 259, 126, 176, 139, 241, 276, 154, 368, 83, 343, 466, 14, 345, 369, 13, 130, 255, 347, 261, 242, 184, 260, 15, 477, 408, 243, 488, 161, 346, 361, 124, 318, 378, 301, 91, 319, 43, 265, 168, 498, 335, 476, 394, 46, 99, 339), 0.0, 83.54716981132073, 449.8725643532101
(93, 45, 119), (104, 463, 464, 465, 442, 350, 125, 192, 322, 146, 57, 148, 42, 90, 434, 340, 227, 7, 92, 472, 165, 372, 226, 349, 193, 216, 286, 240, 195, 367, 342, 288, 375, 292, 311, 232, 373, 348, 142, 152, 308, 8, 155, 393, 351, 376, 94, 257, 268, 275, 300, 269, 397, 221, 262, 84, 325, 359, 17, 504, 411, 395, 499, 473, 248, 508, 392, 406, 116, 38, 79, 129, 156, 503, 489, 417, 377, 388, 484, 390, 18, 122, 224, 353, 381, 327, 72, 295, 234, 89, 386, 490, 427, 443, 317, 239, 64, 136, 20, 432, 445, 135, 171, 451, 459, 35, 495, 31, 270, 414, 456, 164, 423, 41, 415, 32, 412, 254, 461, 500, 469, 494, 132, 134, 431, 433, 419, 174, 118, 454, 450, 446, 437, 444, 81, 492, 299, 159, 77, 78, 334, 55, 52, 51, 123, 204, 63, 163, 426, 302, 137, 471, 428, 80, 114, 187, 131, 145, 200, 247, 354, 312, 249, 258, 383, 364, 320, 430), 2.6666666666666665, 88.51785714285757, 469.99798206415676
(144, 170, 457, 475, 429, 96, 100, 39), (93, 45, 119, 104, 463, 464, 465, 442, 350, 125, 192, 322, 146, 57, 148, 42, 90, 434, 340, 227, 7, 92, 472, 165, 372, 226, 349, 193, 216, 286, 240, 195, 367, 342, 288, 375, 292, 311, 232, 373, 348, 142, 152, 308, 8, 155, 393, 351, 376, 94, 257, 268, 275, 300, 269, 397, 221, 262, 84, 325, 359, 17, 504, 411, 395, 499, 473, 248, 508, 392, 406, 116, 38, 79, 129, 156, 503, 489, 417, 377, 388, 484, 390, 18, 122, 224, 353, 381, 327, 72, 295, 234, 89, 386, 490, 427, 443, 317, 239, 64, 136, 20, 432, 445, 135, 171, 451, 459, 35, 495, 31, 270, 414, 456, 164, 423, 41, 415, 32, 412, 254, 461, 500, 469, 494, 132, 134, 431, 433, 419, 174, 118, 454, 450, 446, 437, 444, 81, 492, 299, 159, 77, 78, 334, 55, 52, 51, 123, 204, 63, 163, 426, 302, 137, 471, 428, 80, 114, 187, 131, 145, 200, 247, 354, 312, 249, 258, 383, 364, 320, 430), 1.5, 111.30994152046824, 490.8193254598868
(413, 396, 401, 409, 21, 481, 19, 62), (144, 170, 457, 475, 429, 96, 100, 39, 93, 45, 119, 104, 463, 464, 465, 442, 350, 125, 192, 322, 146, 57, 148, 42, 90, 434, 340, 227, 7, 92, 472, 165, 372, 226, 349, 193, 216, 286, 240, 195, 367, 342, 288, 375, 292, 311, 232, 373, 348, 142, 152, 308, 8, 155, 393, 351, 376, 94, 257, 268, 275, 300, 269, 397, 221, 262, 84, 325, 359, 17, 504, 411, 395, 499, 473, 248, 508, 392, 406, 116, 38, 79, 129, 156, 503, 489, 417, 377, 388, 484, 390, 18, 122, 224, 353, 381, 327, 72, 295, 234, 89, 386, 490, 427, 443, 317, 239, 64, 136, 20, 432, 445, 135, 171, 451, 459, 35, 495, 31, 270, 414, 456, 164, 423, 41, 415, 32, 412, 254, 461, 500, 469, 494, 132, 134, 431, 433, 419, 174, 118, 454, 450, 446, 437, 444, 81, 492, 299, 159, 77, 78, 334, 55, 52, 51, 123, 204, 63, 163, 426, 302, 137, 471, 428, 80, 114, 187, 131, 145, 200, 247, 354, 312, 249, 258, 383, 364, 320, 430), 6.875, 133.6312849162019, 512.9975325222971
(336,), (413, 396, 401, 409, 21, 481, 19, 62, 144, 170, 457, 475, 429, 96, 100, 39, 93, 45, 119, 104, 463, 464, 465, 442, 350, 125, 192, 322, 146, 57, 148, 42, 90, 434, 340, 227, 7, 92, 472, 165, 372, 226, 349, 193, 216, 286, 240, 195, 367, 342, 288, 375, 292, 311, 232, 373, 348, 142, 152, 308, 8, 155, 393, 351, 376, 94, 257, 268, 275, 300, 269, 397, 221, 262, 84, 325, 359, 17, 504, 411, 395, 499, 473, 248, 508, 392, 406, 116, 38, 79, 129, 156, 503, 489, 417, 377, 388, 484, 390, 18, 122, 224, 353, 381, 327, 72, 295, 234, 89, 386, 490, 427, 443, 317, 239, 64, 136, 20, 432, 445, 135, 171, 451, 459, 35, 495, 31, 270, 414, 456, 164, 423, 41, 415, 32, 412, 254, 461, 500, 469, 494, 132, 134, 431, 433, 419, 174, 118, 454, 450, 446, 437, 444, 81, 492, 299, 159, 77, 78, 334, 55, 52, 51, 123, 204, 63, 163, 426, 302, 137, 471, 428, 80, 114, 187, 131, 145, 200, 247, 354, 312, 249, 258, 383, 364, 320, 430), 0.0, 162.6844919786109, 535.4779341607125
(470, 82, 303), (282, 358, 271, 352, 436, 111, 166, 297, 157, 440, 33, 480, 153, 447, 225, 120, 402, 231, 173, 305, 307, 422, 416, 4, 211, 458, 341, 387, 34, 158, 25, 278, 201, 357, 304, 117, 222, 186, 273, 309, 162, 220, 182, 263, 98, 291, 180, 208, 324, 212, 253, 209, 223, 360, 435, 439, 497, 246, 478, 27, 329, 385, 452, 237, 86, 191, 235, 189, 290, 76, 420, 228, 264, 219, 128, 384, 183, 474, 479, 366, 127, 486, 178, 274, 207, 355, 501, 167, 453, 245, 185, 491, 75), 0.6666666666666666, 161.24731182795708, 558.7202056660838
(256, 449, 485, 141, 493, 505, 425), (336, 413, 396, 401, 409, 21, 481, 19, 62, 144, 170, 457, 475, 429, 96, 100, 39, 93, 45, 119, 104, 463, 464, 465, 442, 350, 125, 192, 322, 146, 57, 148, 42, 90, 434, 340, 227, 7, 92, 472, 165, 372, 226, 349, 193, 216, 286, 240, 195, 367, 342, 288, 375, 292, 311, 232, 373, 348, 142, 152, 308, 8, 155, 393, 351, 376, 94, 257, 268, 275, 300, 269, 397, 221, 262, 84, 325, 359, 17, 504, 411, 395, 499, 473, 248, 508, 392, 406, 116, 38, 79, 129, 156, 503, 489, 417, 377, 388, 484, 390, 18, 122, 224, 353, 381, 327, 72, 295, 234, 89, 386, 490, 427, 443, 317, 239, 64, 136, 20, 432, 445, 135, 171, 451, 459, 35, 495, 31, 270, 414, 456, 164, 423, 41, 415, 32, 412, 254, 461, 500, 469, 494, 132, 134, 431, 433, 419, 174, 118, 454, 450, 446, 437, 444, 81, 492, 299, 159, 77, 78, 334, 55, 52, 51, 123, 204, 63, 163, 426, 302, 137, 471, 428, 80, 114, 187, 131, 145, 200, 247, 354, 312, 249, 258, 383, 364, 320, 430), 6.857142857142856, 185.16489361702023, 582.3597076534578
(106, 109, 455, 150, 49), (256, 449, 485, 141, 493, 505, 425, 336, 413, 396, 401, 409, 21, 481, 19, 62, 144, 170, 457, 475, 429, 96, 100, 39, 93, 45, 119, 104, 463, 464, 465, 442, 350, 125, 192, 322, 146, 57, 148, 42, 90, 434, 340, 227, 7, 92, 472, 165, 372, 226, 349, 193, 216, 286, 240, 195, 367, 342, 288, 375, 292, 311, 232, 373, 348, 142, 152, 308, 8, 155, 393, 351, 376, 94, 257, 268, 275, 300, 269, 397, 221, 262, 84, 325, 359, 17, 504, 411, 395, 499, 473, 248, 508, 392, 406, 116, 38, 79, 129, 156, 503, 489, 417, 377, 388, 484, 390, 18, 122, 224, 353, 381, 327, 72, 295, 234, 89, 386, 490, 427, 443, 317, 239, 64, 136, 20, 432, 445, 135, 171, 451, 459, 35, 495, 31, 270, 414, 456, 164, 423, 41, 415, 32, 412, 254, 461, 500, 469, 494, 132, 134, 431, 433, 419, 174, 118, 454, 450, 446, 437, 444, 81, 492, 299, 159, 77, 78, 334, 55, 52, 51, 123, 204, 63, 163, 426, 302, 137, 471, 428, 80, 114, 187, 131, 145, 200, 247, 354, 312, 249, 258, 383, 364, 320, 430), 3.2, 215.66153846153836, 607.2931691919191
(26, 337, 160, 283, 22, 24, 103, 190, 330, 143, 138), (470, 82, 303, 282, 358, 271, 352, 436, 111, 166, 297, 157, 440, 33, 480, 153, 447, 225, 120, 402, 231, 173, 305, 307, 422, 416, 4, 211, 458, 341, 387, 34, 158, 25, 278, 201, 357, 304, 117, 222, 186, 273, 309, 162, 220, 182, 263, 98, 291, 180, 208, 324, 212, 253, 209, 223, 360, 435, 439, 497, 246, 478, 27, 329, 385, 452, 237, 86, 191, 235, 189, 290, 76, 420, 228, 264, 219, 128, 384, 183, 474, 479, 366, 127, 486, 178, 274, 207, 355, 501, 167, 453, 245, 185, 491, 75), 1.6363636363636358, 185.15625, 638.4070976116329
(2, 3, 54, 147, 10, 331), (106, 109, 455, 150, 49, 256, 449, 485, 141, 493, 505, 425, 336, 413, 396, 401, 409, 21, 481, 19, 62, 144, 170, 457, 475, 429, 96, 100, 39, 93, 45, 119, 104, 463, 464, 465, 442, 350, 125, 192, 322, 146, 57, 148, 42, 90, 434, 340, 227, 7, 92, 472, 165, 372, 226, 349, 193, 216, 286, 240, 195, 367, 342, 288, 375, 292, 311, 232, 373, 348, 142, 152, 308, 8, 155, 393, 351, 376, 94, 257, 268, 275, 300, 269, 397, 221, 262, 84, 325, 359, 17, 504, 411, 395, 499, 473, 248, 508, 392, 406, 116, 38, 79, 129, 156, 503, 489, 417, 377, 388, 484, 390, 18, 122, 224, 353, 381, 327, 72, 295, 234, 89, 386, 490, 427, 443, 317, 239, 64, 136, 20, 432, 445, 135, 171, 451, 459, 35, 495, 31, 270, 414, 456, 164, 423, 41, 415, 32, 412, 254, 461, 500, 469, 494, 132, 134, 431, 433, 419, 174, 118, 454, 450, 446, 437, 444, 81, 492, 299, 159, 77, 78, 334, 55, 52, 51, 123, 204, 63, 163, 426, 302, 137, 471, 428, 80, 114, 187, 131, 145, 200, 247, 354, 312, 249, 258, 383, 364, 320, 430), 4.0, 243.79499999999993, 677.9373403300735
(140, 197, 285, 326, 362, 60, 59, 298, 259, 126, 176, 139, 241, 276, 154, 368, 83, 343, 466, 14, 345, 369, 13, 130, 255, 347, 261, 242, 184, 260, 15, 477, 408, 243, 488, 161, 346, 361, 124, 318, 378, 301, 91, 319, 43, 265, 168, 498, 335, 476, 394, 46, 99, 339), (2, 3, 54, 147, 10, 331, 106, 109, 455, 150, 49, 256, 449, 485, 141, 493, 505, 425, 336, 413, 396, 401, 409, 21, 481, 19, 62, 144, 170, 457, 475, 429, 96, 100, 39, 93, 45, 119, 104, 463, 464, 465, 442, 350, 125, 192, 322, 146, 57, 148, 42, 90, 434, 340, 227, 7, 92, 472, 165, 372, 226, 349, 193, 216, 286, 240, 195, 367, 342, 288, 375, 292, 311, 232, 373, 348, 142, 152, 308, 8, 155, 393, 351, 376, 94, 257, 268, 275, 300, 269, 397, 221, 262, 84, 325, 359, 17, 504, 411, 395, 499, 473, 248, 508, 392, 406, 116, 38, 79, 129, 156, 503, 489, 417, 377, 388, 484, 390, 18, 122, 224, 353, 381, 327, 72, 295, 234, 89, 386, 490, 427, 443, 317, 239, 64, 136, 20, 432, 445, 135, 171, 451, 459, 35, 495, 31, 270, 414, 456, 164, 423, 41, 415, 32, 412, 254, 461, 500, 469, 494, 132, 134, 431, 433, 419, 174, 118, 454, 450, 446, 437, 444, 81, 492, 299, 159, 77, 78, 334, 55, 52, 51, 123, 204, 63, 163, 426, 302, 137, 471, 428, 80, 114, 187, 131, 145, 200, 247, 354, 312, 249, 258, 383, 364, 320, 430), 96.83333333333337, 287.32524271844466, 713.994148893678
(1, 421, 53, 50, 58, 9, 107, 56), (140, 197, 285, 326, 362, 60, 59, 298, 259, 126, 176, 139, 241, 276, 154, 368, 83, 343, 466, 14, 345, 369, 13, 130, 255, 347, 261, 242, 184, 260, 15, 477, 408, 243, 488, 161, 346, 361, 124, 318, 378, 301, 91, 319, 43, 265, 168, 498, 335, 476, 394, 46, 99, 339, 2, 3, 54, 147, 10, 331, 106, 109, 455, 150, 49, 256, 449, 485, 141, 493, 505, 425, 336, 413, 396, 401, 409, 21, 481, 19, 62, 144, 170, 457, 475, 429, 96, 100, 39, 93, 45, 119, 104, 463, 464, 465, 442, 350, 125, 192, 322, 146, 57, 148, 42, 90, 434, 340, 227, 7, 92, 472, 165, 372, 226, 349, 193, 216, 286, 240, 195, 367, 342, 288, 375, 292, 311, 232, 373, 348, 142, 152, 308, 8, 155, 393, 351, 376, 94, 257, 268, 275, 300, 269, 397, 221, 262, 84, 325, 359, 17, 504, 411, 395, 499, 473, 248, 508, 392, 406, 116, 38, 79, 129, 156, 503, 489, 417, 377, 388, 484, 390, 18, 122, 224, 353, 381, 327, 72, 295, 234, 89, 386, 490, 427, 443, 317, 239, 64, 136, 20, 432, 445, 135, 171, 451, 459, 35, 495, 31, 270, 414, 456, 164, 423, 41, 415, 32, 412, 254, 461, 500, 469, 494, 132, 134, 431, 433, 419, 174, 118, 454, 450, 446, 437, 444, 81, 492, 299, 159, 77, 78, 334, 55, 52, 51, 123, 204, 63, 163, 426, 302, 137, 471, 428, 80, 114, 187, 131, 145, 200, 247, 354, 312, 249, 258, 383, 364, 320, 430), 9.5, 420.21538461538574, 765.995182188742
(214, 287, 280, 391, 321, 281), (1, 421, 53, 50, 58, 9, 107, 56, 140, 197, 285, 326, 362, 60, 59, 298, 259, 126, 176, 139, 241, 276, 154, 368, 83, 343, 466, 14, 345, 369, 13, 130, 255, 347, 261, 242, 184, 260, 15, 477, 408, 243, 488, 161, 346, 361, 124, 318, 378, 301, 91, 319, 43, 265, 168, 498, 335, 476, 394, 46, 99, 339, 2, 3, 54, 147, 10, 331, 106, 109, 455, 150, 49, 256, 449, 485, 141, 493, 505, 425, 336, 413, 396, 401, 409, 21, 481, 19, 62, 144, 170, 457, 475, 429, 96, 100, 39, 93, 45, 119, 104, 463, 464, 465, 442, 350, 125, 192, 322, 146, 57, 148, 42, 90, 434, 340, 227, 7, 92, 472, 165, 372, 226, 349, 193, 216, 286, 240, 195, 367, 342, 288, 375, 292, 311, 232, 373, 348, 142, 152, 308, 8, 155, 393, 351, 376, 94, 257, 268, 275, 300, 269, 397, 221, 262, 84, 325, 359, 17, 504, 411, 395, 499, 473, 248, 508, 392, 406, 116, 38, 79, 129, 156, 503, 489, 417, 377, 388, 484, 390, 18, 122, 224, 353, 381, 327, 72, 295, 234, 89, 386, 490, 427, 443, 317, 239, 64, 136, 20, 432, 445, 135, 171, 451, 459, 35, 495, 31, 270, 414, 456, 164, 423, 41, 415, 32, 412, 254, 461, 500, 469, 494, 132, 134, 431, 433, 419, 174, 118, 454, 450, 446, 437, 444, 81, 492, 299, 159, 77, 78, 334, 55, 52, 51, 123, 204, 63, 163, 426, 302, 137, 471, 428, 80, 114, 187, 131, 145, 200, 247, 354, 312, 249, 258, 383, 364, 320, 430), 1.3333333333333333, 481.7164179104461, 816.3030951785374
(374, 333, 284, 48, 121, 506, 424, 418, 70, 217), (26, 337, 160, 283, 22, 24, 103, 190, 330, 143, 138, 470, 82, 303, 282, 358, 271, 352, 436, 111, 166, 297, 157, 440, 33, 480, 153, 447, 225, 120, 402, 231, 173, 305, 307, 422, 416, 4, 211, 458, 341, 387, 34, 158, 25, 278, 201, 357, 304, 117, 222, 186, 273, 309, 162, 220, 182, 263, 98, 291, 180, 208, 324, 212, 253, 209, 223, 360, 435, 439, 497, 246, 478, 27, 329, 385, 452, 237, 86, 191, 235, 189, 290, 76, 420, 228, 264, 219, 128, 384, 183, 474, 479, 366, 127, 486, 178, 274, 207, 355, 501, 167, 453, 245, 185, 491, 75), 6.899999999999999, 217.9065420560746, 872.949544575455
(115, 233, 266, 467, 110, 133, 149, 47, 202), (214, 287, 280, 391, 321, 281, 1, 421, 53, 50, 58, 9, 107, 56, 140, 197, 285, 326, 362, 60, 59, 298, 259, 126, 176, 139, 241, 276, 154, 368, 83, 343, 466, 14, 345, 369, 13, 130, 255, 347, 261, 242, 184, 260, 15, 477, 408, 243, 488, 161, 346, 361, 124, 318, 378, 301, 91, 319, 43, 265, 168, 498, 335, 476, 394, 46, 99, 339, 2, 3, 54, 147, 10, 331, 106, 109, 455, 150, 49, 256, 449, 485, 141, 493, 505, 425, 336, 413, 396, 401, 409, 21, 481, 19, 62, 144, 170, 457, 475, 429, 96, 100, 39, 93, 45, 119, 104, 463, 464, 465, 442, 350, 125, 192, 322, 146, 57, 148, 42, 90, 434, 340, 227, 7, 92, 472, 165, 372, 226, 349, 193, 216, 286, 240, 195, 367, 342, 288, 375, 292, 311, 232, 373, 348, 142, 152, 308, 8, 155, 393, 351, 376, 94, 257, 268, 275, 300, 269, 397, 221, 262, 84, 325, 359, 17, 504, 411, 395, 499, 473, 248, 508, 392, 406, 116, 38, 79, 129, 156, 503, 489, 417, 377, 388, 484, 390, 18, 122, 224, 353, 381, 327, 72, 295, 234, 89, 386, 490, 427, 443, 317, 239, 64, 136, 20, 432, 445, 135, 171, 451, 459, 35, 495, 31, 270, 414, 456, 164, 423, 41, 415, 32, 412, 254, 461, 500, 469, 494, 132, 134, 431, 433, 419, 174, 118, 454, 450, 446, 437, 444, 81, 492, 299, 159, 77, 78, 334, 55, 52, 51, 123, 204, 63, 163, 426, 302, 137, 471, 428, 80, 114, 187, 131, 145, 200, 247, 354, 312, 249, 258, 383, 364, 320, 430), 10.222222222222221, 533.3576642335752, 933.751283561343
(399, 85, 6, 277, 113, 95, 315, 356, 314, 365, 230, 74, 407, 410, 289, 101, 66, 69, 23, 67, 251, 36, 175, 507, 244, 213, 462, 215, 313, 316, 218, 238, 188, 382, 37, 179, 344, 177, 404, 267, 181, 294, 151, 229, 236, 196, 194, 338), (374, 333, 284, 48, 121, 506, 424, 418, 70, 217, 26, 337, 160, 283, 22, 24, 103, 190, 330, 143, 138, 470, 82, 303, 282, 358, 271, 352, 436, 111, 166, 297, 157, 440, 33, 480, 153, 447, 225, 120, 402, 231, 173, 305, 307, 422, 416, 4, 211, 458, 341, 387, 34, 158, 25, 278, 201, 357, 304, 117, 222, 186, 273, 309, 162, 220, 182, 263, 98, 291, 180, 208, 324, 212, 253, 209, 223, 360, 435, 439, 497, 246, 478, 27, 329, 385, 452, 237, 86, 191, 235, 189, 290, 76, 420, 228, 264, 219, 128, 384, 183, 474, 479, 366, 127, 486, 178, 274, 207, 355, 501, 167, 453, 245, 185, 491, 75), 47.91666666666667, 281.4529914529915, 1048.284655744722
