r_u, r_v, r_u SSD, r_v SSD, sum of within-region SSD
(130,), (242,), 0.0, 0.0, 0.0
(18,), (21,), 0.0, 0.0, 0.0
(441,), (62,), 0.0, 0.0, 0.0
(236,), (238,), 0.0, 0.0, 0.0
(224,), (259,), 0.0, 0.0, 0.0
(141,), (493,), 0.0, 0.0, 0.0
(279,), (335,), 0.0, 0.0, 0.0
(37,), (236, 238), 0.0, 0.0, 0.0
(79,), (241,), 0.0, 0.0, 0.0
(281,), (327,), 0.0, 0.0, 0.0
(45,), (93,), 0.0, 0.0, 0.0
(268,), (455,), 0.0, 0.0, 0.0
(216,), (240,), 0.0, 0.0, 0.0
(341,), (387,), 0.0, 0.0, 0.0
(177,), (468,), 0.0, 0.0, 0.0
(193,), (37, 236, 238), 0.0, 0.0, 0.0
(311,), (193, 37, 236, 238), 0.0, 0.0, 0.0
(305,), (341, 387), 0.0, 0.0, 0.0
(194,), (338,), 0.0, 0.0, 0.0
(121,), (223,), 0.0, 0.0, 0.0
(117,), (175,), 0.0, 0.0, 0.0
(374,), (337,), 0.0, 0.0, 0.0
(59,), (362,), 0.0, 0.0, 0.0
(168,), (79, 241), 0.0, 0.0, 0.0
(74,), (399,), 0.0, 0.0, 0.0
(211,), (307,), 0.0, 0.0, 0.0
(424,), (264,), 0.0, 0.0, 0.0
(31,), (325,), 0.0, 0.0, 0.0
(359,), (492,), 0.0, 0.0, 0.0
(321,), (281, 327), 0.0, 0.0, 0.0
(230,), (74, 399), 0.0, 0.0, 0.0
(365,), (230, 74, 399), 0.0, 0.0, 0.0
(173,), (365, 230, 74, 399), 0.0, 0.0, 0.0
(163,), (45, 93), 0.0, 0.0, 0.0
(318,), (346,), 0.0, 0.0, 0.0
(96,), (114,), 0.0, 0.0, 0.0
(272,), (452,), 0.0, 0.0, 0.0
(453,), (207,), 0.0, 0.0, 0.0
(465,), (495,), 0.0, 0.0, 0.0
(124,), (197,), 0.0, 0.0, 0.0
(361,), (124, 197), 0.0, 0.0, 0.0
(285,), (161,), 0.0, 0.0, 0.0
(443,), (317,), 0.0, 0.0, 0.0
(6,), (85,), 0.0, 0.0, 0.0
(24,), (278,), 0.0, 0.0, 0.0
(275,), (81,), 0.0, 0.0, 0.0
(286,), (177, 468), 0.0, 0.0, 0.0
(471,), (268, 455), 0.0, 0.0, 0.0
(280,), (321, 281, 327), 0.0, 0.0, 0.0
(462,), (364,), 0.0, 0.0, 0.0
(213,), (244,), 0.0, 0.0, 0.0
(320,), (383,), 0.0, 0.0, 0.0
(293,), (447,), 0.0, 0.0, 0.0
(84,), (221,), 0.0, 0.0, 0.0
(467,), (450,), 0.0, 0.0, 0.0
(501,), (246,), 0.0, 0.0, 0.0
(170,), (239,), 0.0, 0.0, 0.0
(14,), (83,), 0.0, 0.0, 0.0
(190,), (101,), 0.0, 0.0, 0.0
(189,), (435,), 0.0, 0.0, 0.0
(143,), (309,), 0.0, 0.0, 0.0
(312,), (350,), 0.0, 0.0, 0.0
(2,), (147,), 0.0, 0.0, 0.0
(137,), (444,), 0.0, 0.0, 0.0
(196,), (286, 177, 468), 0.0, 0.0, 0.0
(475,), (471, 268, 455), 0.0, 0.0, 0.0
(87,), (475, 471, 268, 455), 0.0, 0.0, 0.0
(429,), (457,), 0.0, 0.0, 0.0
(10,), (55,), 0.0, 0.0, 0.0
(156,), (372,), 0.0, 0.0, 0.0
(284,), (385,), 0.0, 0.0, 0.0
(186,), (507,), 0.0, 0.0, 0.0
(105,), (330,), 0.0, 0.0, 0.0
(89,), (298,), 0.0, 0.0, 0.0
(46,), (498,), 0.0, 0.0, 0.0
(119,), (204,), 0.0, 0.0, 0.0
(423,), (414,), 0.0, 0.0, 0.0
(275, 81), (137, 444), 0.0, 0.0, 0.0
(91,), (129,), 0.0, 0.0, 0.0
(274,), (486,), 0.0, 0.0, 0.0
(142,), (152,), 0.0, 0.0, 0.0
(108,), (478,), 0.0, 0.0, 0.0
(148,), (336,), 0.0, 0.0, 0.0
(466,), (14, 83), 0.0, 0.0, 0.0
(171,), (490,), 0.0, 0.0, 0.0
(110,), (133,), 0.0, 0.0, 0.0
(128,), (384,), 0.0, 0.0, 0.0
(118,), (437,), 0.0, 0.0, 0.0
(78,), (131,), 0.0, 0.0, 0.0
(52,), (107,), 0.0, 0.0, 0.0
(463,), (451,), 0.0, 0.0, 0.0
(464,), (463, 451), 0.0, 0.0, 0.0
(134,), (156, 372), 0.0, 0.0, 0.0
(299,), (78, 131), 0.0, 0.0, 0.0
(76,), (272, 452), 0.0, 0.0, 5.9164567891575885e-31
(138,), (76, 272, 452), 0.0, 5.9164567891575885e-31, 0.0
(4,), (416,), 0.0, 0.0, 0.0049999999999999645
(397,), (409,), 0.0, 0.0, 0.009999999999999929
(292,), (382,), 0.0, 0.0, 0.014999999999999892
(395,), (388,), 0.0, 0.0, 0.019999999999999855
(72,), (295,), 0.0, 0.0, 0.024999999999999818
(378,), (243,), 0.0, 0.0, 0.02999999999999978
(267,), (226,), 0.0, 0.0, 0.03499999999999975
(103,), (191,), 0.0, 0.0, 0.03999999999999971
(28,), (103, 191), 0.0, 0.0049999999999999645, 0.04166666666666637
(413,), (504,), 0.0, 0.0, 0.046666666666666336
(487,), (381,), 0.0, 0.0, 0.0516666666666663
(46, 498), (487, 381), 0.0, 0.0049999999999999645, 0.05416666666666628
(99,), (46, 498, 487, 381), 0.0, 0.007499999999999947, 0.05866666666666625
(49,), (257,), 0.0, 0.0, 0.06366666666666622
(50,), (421,), 0.0, 0.0, 0.0686666666666662
(68,), (86,), 0.0, 0.0, 0.07366666666666617
(342,), (375,), 0.0, 0.0, 0.07866666666666615
(149,), (174,), 0.0, 0.0, 0.08366666666666613
(104,), (489,), 0.0, 0.0, 0.0886666666666661
(89, 298), (104, 489), 0.0, 0.0049999999999999645, 0.09116666666666606
(98,), (358,), 0.0, 0.0, 0.09616666666666604
(314,), (98, 358), 0.0, 0.0049999999999999645, 0.09783333333333269
(440,), (314, 98, 358), 0.0, 0.00666666666666662, 0.10116666666666602
(47,), (233,), 0.0, 0.0, 0.10616666666666599
(500,), (434,), 0.0, 0.0, 0.11116666666666597
(407,), (178,), 0.0, 0.0, 0.11616666666666595
(304,), (271,), 0.0, 0.0, 0.12116666666666592
(505,), (393,), 0.0, 0.0, 0.1261666666666659
(477,), (343,), 0.0, 0.0, 0.13116666666666585
(433,), (494,), 0.0, 0.0, 0.1361666666666658
(222,), (273,), 0.0, 0.0, 0.14116666666666575
(347,), (255,), 0.0, 0.0, 0.1461666666666657
(145,), (446,), 0.0, 0.0, 0.15116666666666564
(270,), (248,), 0.0, 0.0, 0.1561666666666656
(227,), (431,), 0.0, 0.0, 0.16116666666666554
(334,), (51,), 0.0, 0.0, 0.1661666666666655
(136,), (499,), 0.0, 0.0, 0.17116666666666544
(140,), (368,), 0.0, 0.0, 0.1761666666666654
(60,), (59, 362), 0.0, 0.0, 0.182833333333332
(249,), (312, 350), 0.0, 0.0, 0.1894999999999986
(488,), (318, 346), 0.0, 0.0, 0.19616666666666518
(443, 317), (488, 318, 346), 0.0, 0.00666666666666662, 0.20149999999999849
(392,), (443, 317, 488, 318, 346), 0.0, 0.011999999999999917, 0.20449999999999843
(165,), (465, 495), 0.0, 0.0, 0.21116666666666503
(282,), (186, 507), 0.0, 0.0, 0.21783333333333163
(117, 175), (282, 186, 507), 0.0, 0.006666666666666619, 0.223166666666665
(153,), (293, 447), 0.0, 0.0, 0.22983333333333159
(427,), (429, 457), 0.0, 0.0, 0.23649999999999818
(192,), (148, 336), 0.0, 0.0, 0.24316666666666478
(142, 152), (192, 148, 336), 0.0, 0.00666666666666662, 0.24849999999999808
(167,), (128, 384), 0.0, 0.0, 0.2551666666666647
(344,), (196, 286, 177, 468), 0.0, 0.0, 0.26316666666666455
(213, 244), (344, 196, 286, 177, 468), 0.0, 0.007999999999999943, 0.2723095238095218
(134, 156, 372), (89, 298, 104, 489), 0.0, 0.007499999999999946, 0.2819523809523788
(374, 337), (143, 309), 0.0, 0.0, 0.2919523809523788
(31, 325), (464, 463, 451), 0.0, 0.0, 0.30395238095237864
(105, 330), (138, 76, 272, 452), 0.0, 0.0, 0.31728571428571184
(8,), (155,), 0.0, 0.0, 0.3372857142857119
(52, 107), (8, 155), 0.0, 0.020000000000000035, 0.347285714285712
(34,), (418,), 0.0, 0.0, 0.36728571428571205
(353,), (339,), 0.0, 0.0, 0.38728571428571207
(279, 335), (353, 339), 0.0, 0.020000000000000035, 0.3972857142857122
(67,), (69,), 0.0, 0.0, 0.4172857142857122
(33,), (436,), 0.0, 0.0, 0.4372857142857123
(179,), (288,), 0.0, 0.0, 0.4572857142857123
(367,), (179, 288), 0.0, 0.020000000000000035, 0.463952380952379
(95,), (315,), 0.0, 0.0, 0.4839523809523791
(26,), (27,), 0.0, 0.0, 0.5039523809523792
(132,), (469,), 0.0, 0.0, 0.5239523809523792
(157,), (303,), 0.0, 0.0, 0.5439523809523792
(82,), (157, 303), 0.0, 0.020000000000000035, 0.5506190476190458
(376,), (247,), 0.0, 0.0, 0.5706190476190458
(218,), (376, 247), 0.0, 0.020000000000000035, 0.5772857142857125
(249, 312, 350), (218, 376, 247), 0.006666666666666619, 0.026666666666666713, 0.5922857142857126
(214,), (249, 312, 350, 218, 376, 247), 0.0, 0.04833333333333331, 0.6039523809523791
(92,), (461,), 0.0, 0.0, 0.6239523809523791
(116,), (301,), 0.0, 0.0, 0.6439523809523792
(291,), (182,), 0.0, 0.0, 0.6639523809523792
(15,), (345,), 0.0, 0.0, 0.6839523809523792
(205,), (15, 345), 0.0, 0.020000000000000035, 0.6906190476190458
(100,), (80,), 0.0, 0.0, 0.7106190476190458
(212,), (356,), 0.0, 0.0, 0.7306190476190458
(360,), (212, 356), 0.0, 0.020000000000000035, 0.7372857142857124
(225,), (36,), 0.0, 0.0, 0.7572857142857125
(289,), (313,), 0.0, 0.0, 0.7772857142857125
(369,), (184,), 0.0, 0.0, 0.7972857142857125
(32,), (449,), 0.0, 0.0, 0.8172857142857125
(185,), (183,), 0.0, 0.0, 0.8372857142857125
(38,), (164,), 0.0, 0.0, 0.8572857142857125
(168, 79, 241), (38, 164), 0.0, 0.020000000000000035, 0.8692857142857128
(331,), (426,), 0.0, 0.0, 0.8892857142857128
(68, 86), (26, 27), 0.0049999999999999645, 0.020000000000000035, 0.9117857142857126
(505, 393), (116, 301), 0.0049999999999999645, 0.020000000000000035, 0.9342857142857126
(425,), (505, 393, 116, 301), 0.0, 0.04749999999999997, 0.9587857142857128
(423, 414), (425, 505, 393, 116, 301), 0.0, 0.072, 0.96392857142857
(408,), (369, 184), 0.0, 0.020000000000000035, 0.9905952380952366
(458,), (34, 418), 0.0, 0.020000000000000035, 1.0172619047619031
(215,), (225, 36), 0.0, 0.020000000000000035, 1.0439285714285698
(294,), (215, 225, 36), 0.0, 0.046666666666666634, 1.064761904761903
(70,), (24, 278), 0.0, 0.0, 1.0914285714285699
(123,), (119, 204), 0.0, 0.0, 1.1180952380952367
(256,), (141, 493), 0.0, 0.0, 1.1447619047619033
(401,), (441, 62), 0.0, 0.0, 1.17142857142857
(481,), (401, 441, 62), 0.0, 0.026666666666666717, 1.1847619047619034
(146,), (2, 147), 0.0, 0.0, 1.21142857142857
(420,), (424, 264), 0.0, 0.0, 1.2380952380952366
(290,), (420, 424, 264), 0.0, 0.026666666666666717, 1.25142857142857
(305, 341, 387), (290, 420, 424, 264), 0.0, 0.04000000000000007, 1.2685714285714274
(202,), (110, 133), 0.0, 0.0, 1.2952380952380942
(467, 450), (202, 110, 133), 0.0, 0.026666666666666717, 1.3165714285714272
(35,), (171, 490), 0.0, 0.0, 1.3432380952380938
(397, 409), (35, 171, 490), 0.0049999999999999645, 0.026666666666666717, 1.359571428571427
(165, 465, 495), (397, 409, 35, 171, 490), 0.006666666666666619, 0.04799999999999998, 1.373654761904761
(329,), (284, 385), 0.0, 0.0, 1.4003214285714276
(366,), (501, 246), 0.0, 0.0, 1.4269880952380944
(299, 78, 131), (467, 450, 202, 110, 133), 0.0, 0.048000000000000084, 1.4539880952380952
(275, 81, 137, 444), (299, 78, 131, 467, 450, 202, 110, 133), 0.0, 0.07500000000000014, 1.4689880952380954
(454,), (275, 81, 137, 444, 299, 78, 131, 467, 450, 202, 110, 133), 0.0, 0.09000000000000016, 1.4897573260073256
(440, 314, 98, 358), (291, 182), 0.009999999999999929, 0.020000000000000035, 1.5197573260073256
(33, 436), (440, 314, 98, 358, 291, 182), 0.020000000000000035, 0.05999999999999993, 1.5347573260073255
(277,), (33, 436, 440, 314, 98, 358, 291, 182), 0.0, 0.09499999999999995, 1.5619795482295482
(162,), (277, 33, 436, 440, 314, 98, 358, 291, 182), 0.0, 0.1222222222222222, 1.5837573260073254
(276,), (361, 124, 197), 0.0, 0.0, 1.6137573260073255
(351,), (280, 321, 281, 327), 0.0, 0.0, 1.6457573260073257
(75,), (173, 365, 230, 74, 399), 0.0, 0.0, 1.679090659340659
(120,), (75, 173, 365, 230, 74, 399), 0.0, 0.033333333333333395, 1.702900183150183
(410,), (120, 75, 173, 365, 230, 74, 399), 0.0, 0.057142857142857245, 1.7207573260073257
(189, 435), (410, 120, 75, 173, 365, 230, 74, 399), 0.0, 0.07500000000000015, 1.7457573260073258
(39,), (87, 475, 471, 268, 455), 0.0, 0.0, 1.779090659340659
(391,), (214, 249, 312, 350, 218, 376, 247), 0.0, 0.05999999999999993, 1.814090659340659
(342, 375), (391, 214, 249, 312, 350, 218, 376, 247), 0.0049999999999999645, 0.09499999999999995, 1.8230906593406588
(195,), (342, 375, 391, 214, 249, 312, 350, 218, 376, 247), 0.0, 0.10899999999999989, 1.834090659340659
(105, 330, 138, 76, 272, 452), (329, 284, 385), 0.013333333333333237, 0.026666666666666717, 1.8696462148962139
(170, 239), (100, 80), 0.0, 0.020000000000000035, 1.9096462148962137
(111,), (82, 157, 303), 0.0, 0.026666666666666713, 1.9504795482295472
(297,), (111, 82, 157, 303), 0.0, 0.06749999999999996, 1.9629795482295473
(150,), (427, 429, 457), 0.0, 0.00666666666666662, 2.0038128815628804
(49, 257), (150, 427, 429, 457), 0.0049999999999999645, 0.047499999999999966, 2.0113128815628807
(66,), (153, 293, 447), 0.0, 0.00666666666666662, 2.052146214896214
(190, 101), (66, 153, 293, 447), 0.0, 0.047499999999999966, 2.072979548229548
(126,), (72, 295), 0.0, 0.0049999999999999645, 2.1146462148962146
(134, 156, 372, 89, 298, 104, 489), (126, 72, 295), 0.01714285714285702, 0.046666666666666634, 2.1318366910866913
(64,), (136, 499), 0.0, 0.0049999999999999645, 2.173503357753358
(419,), (433, 494), 0.0, 0.0049999999999999645, 2.2151700244200243
(115,), (47, 233), 0.0, 0.0049999999999999645, 2.2568366910866913
(201,), (304, 271), 0.0, 0.0049999999999999645, 2.2985033577533582
(472,), (227, 431), 0.0, 0.0049999999999999645, 2.3401700244200248
(134, 156, 372, 89, 298, 104, 489, 126, 72, 295), (472, 227, 431), 0.08099999999999984, 0.046666666666666634, 2.3494264346764333
(251,), (222, 273), 0.0, 0.0049999999999999645, 2.3910931013431003
(377,), (134, 156, 372, 89, 298, 104, 489, 126, 72, 295, 472, 227, 431), 0.0, 0.13692307692307673, 2.4341700244200233
(432,), (377, 134, 156, 372, 89, 298, 104, 489, 126, 72, 295, 472, 227, 431), 0.0, 0.17999999999999977, 2.4715033577533556
(7,), (432, 377, 134, 156, 372, 89, 298, 104, 489, 126, 72, 295, 472, 227, 431), 0.0, 0.21733333333333313, 2.5041700244200245
(31, 325, 464, 463, 451), (7, 432, 377, 134, 156, 372, 89, 298, 104, 489, 126, 72, 295, 472, 227, 431), 0.011999999999999914, 0.24999999999999975, 2.5316938339438364
(219,), (105, 330, 138, 76, 272, 452, 329, 284, 385), 0.0, 0.07555555555555543, 2.576138278388281
(53,), (308,), 0.0, 0.0, 2.621138278388281
(159,), (206,), 0.0, 0.0, 2.666138278388281
(454, 275, 81, 137, 444, 299, 78, 131, 467, 450, 202, 110, 133), (159, 206), 0.11076923076923098, 0.04499999999999994, 2.679702380952383
(217,), (506,), 0.0, 0.0, 2.7247023809523827
(263,), (217, 506), 0.0, 0.04499999999999995, 2.7397023809523833
(135,), (254,), 0.0, 0.0, 2.784702380952383
(485,), (415,), 0.0, 0.0, 2.829702380952383
(319,), (456,), 0.0, 0.0, 2.874702380952383
(54,), (142, 152, 192, 148, 336), 0.0, 0.011999999999999917, 2.9227023809523827
(357,), (117, 175, 282, 186, 507), 0.0, 0.011999999999999915, 2.9707023809523823
(43,), (168, 79, 241, 38, 164), 0.0, 0.032000000000000056, 3.018702380952382
(163, 45, 93), (84, 221), 0.0, 0.0, 3.066702380952383
(326,), (276, 361, 124, 197), 0.0, 0.03000000000000005, 3.116702380952383
(333,), (374, 337, 143, 309), 0.0, 0.009999999999999929, 3.166702380952383
(245,), (366, 501, 246), 0.0, 0.026666666666666717, 3.220035714285716
(297, 111, 82, 157, 303), (245, 366, 501, 246), 0.07999999999999996, 0.08000000000000014, 3.242257936507937
(406,), (392, 443, 317, 488, 318, 346), 0.0, 0.014999999999999892, 3.2958293650793657
(508,), (406, 392, 443, 317, 488, 318, 346), 0.0, 0.06857142857142845, 3.336007936507936
(52, 107, 8, 155), (54, 142, 152, 192, 148, 336), 0.030000000000000054, 0.05999999999999993, 3.3900079365079354
(57,), (52, 107, 8, 155, 54, 142, 152, 192, 148, 336), 0.0, 0.14399999999999988, 3.442371572871572
(261,), (130, 242), 0.0, 0.0, 3.5023715728715725
(258,), (320, 383), 0.0, 0.0, 3.562371572871573
(430,), (462, 364), 0.0, 0.0, 3.6223715728715726
(389,), (18, 21), 0.0, 0.0, 3.682371572871573
(503,), (224, 259), 0.0, 0.0, 3.7423715728715736
(96, 114), (270, 248), 0.0, 0.0049999999999999645, 3.8048715728715736
(92, 461), (135, 254), 0.020000000000000035, 0.04499999999999995, 3.8673715728715736
(149, 174), (351, 280, 321, 281, 327), 0.0049999999999999645, 0.03200000000000006, 3.930371572871573
(167, 128, 384), (189, 435, 410, 120, 75, 173, 365, 230, 74, 399), 0.00666666666666662, 0.10000000000000016, 3.9944741369741372
(297, 111, 82, 157, 303, 245, 366, 501, 246), (167, 128, 384, 189, 435, 410, 120, 75, 173, 365, 230, 74, 399), 0.1822222222222223, 0.17076923076923078, 4.031028138528139
(194, 338), (195, 342, 375, 391, 214, 249, 312, 350, 218, 376, 247), 0.0, 0.11999999999999986, 4.098720446220447
(23,), (190, 101, 66, 153, 293, 447), 0.0, 0.06833333333333325, 4.167529970029969
(91, 129), (31, 325, 464, 463, 451, 7, 432, 377, 134, 156, 372, 89, 298, 104, 489, 126, 72, 295, 472, 227, 431), 0.0, 0.28952380952380924, 4.237136595288769
(58,), (454, 275, 81, 137, 444, 299, 78, 131, 467, 450, 202, 110, 133, 159, 206), 0.0, 0.16933333333333345, 4.307178261955432
(42,), (165, 465, 495, 397, 409, 35, 171, 490), 0.0, 0.0687499999999999, 4.380650484177652
(411,), (42, 165, 465, 495, 397, 409, 35, 171, 490), 0.0, 0.1422222222222221, 4.439428261955432
(200,), (311, 193, 37, 236, 238), 0.0, 0.0, 4.514428261955434
(292, 382), (200, 311, 193, 37, 236, 238), 0.0049999999999999645, 0.07499999999999994, 4.574428261955431
(181,), (373,), 0.0, 0.0, 4.654428261955431
(480,), (470,), 0.0, 0.0, 4.734428261955431
(5,), (480, 470), 0.0, 0.08000000000000014, 4.794428261955431
(252,), (127,), 0.0, 0.0, 4.874428261955431
(340,), (438,), 0.0, 0.0, 4.954428261955431
(41,), (485, 415), 0.0, 0.04499999999999995, 5.036094928622098
(237,), (219, 105, 330, 138, 76, 272, 452, 329, 284, 385), 0.0, 0.11999999999999986, 5.117913110440285
(160,), (237, 219, 105, 330, 138, 76, 272, 452, 329, 284, 385), 0.0, 0.20181818181818162, 5.186094928622102
(289, 313), (201, 304, 271), 0.020000000000000035, 0.046666666666666634, 5.2714282619554345
(6, 85), (289, 313, 201, 304, 271), 0.0, 0.15200000000000005, 5.35371397624115
(213, 244, 344, 196, 286, 177, 468), (292, 382, 200, 311, 193, 37, 236, 238), 0.017142857142857022, 0.13999999999999987, 5.445904452431628
(394,), (279, 335, 353, 339), 0.0, 0.030000000000000054, 5.5439044524316285
(6, 85, 289, 313, 201, 304, 271), (394, 279, 335, 353, 339), 0.23428571428571426, 0.12799999999999997, 5.610785404812581
(322,), (146, 2, 147), 0.0, 0.026666666666666717, 5.711618738145915
(355,), (108, 478), 0.0, 0.0, 5.818285404812581
(166,), (274, 486), 0.0, 0.0, 5.924952071479248
(48,), (305, 341, 387, 290, 420, 424, 264), 0.0, 0.057142857142857245, 6.036559214336391
(491,), (162, 277, 33, 436, 440, 314, 98, 358, 291, 182), 0.0, 0.144, 6.1543773961545725
(77,), (163, 45, 93, 84, 221), 0.0, 0.048000000000000084, 6.274710729487905
(477, 343), (205, 15, 345), 0.0049999999999999645, 0.026666666666666717, 6.3950440628212375
(378, 243), (477, 343, 205, 15, 345), 0.0049999999999999645, 0.15200000000000005, 6.4466154913926665
(140, 368), (378, 243, 477, 343, 205, 15, 345), 0.0049999999999999645, 0.2085714285714286, 6.475266285043461
(145, 446), (39, 87, 475, 471, 268, 455), 0.0049999999999999645, 0.033333333333333395, 6.595682951710126
(194, 338, 195, 342, 375, 391, 214, 249, 312, 350, 218, 376, 247), (6, 85, 289, 313, 201, 304, 271, 394, 279, 335, 353, 339), 0.18769230769230755, 0.42916666666666664, 6.716423977351149
(140, 368, 378, 243, 477, 343, 205, 15, 345), (194, 338, 195, 342, 375, 391, 214, 249, 312, 350, 218, 376, 247, 6, 85, 289, 313, 201, 304, 271, 394, 279, 335, 353, 339), 0.24222222222222223, 0.7376000000000001, 6.771895872775993
(269,), (428,), 0.0, 0.0, 6.896895872775993
(113,), (180,), 0.0, 0.0, 7.021895872775993
(360, 212, 356), (113, 180), 0.026666666666666717, 0.125, 7.1422292061093255
(352,), (482,), 0.0, 0.0, 7.2672292061093255
(122,), (396,), 0.0, 0.0, 7.3922292061093255
(262,), (266,), 0.0, 0.0, 7.5172292061093255
(285, 161), (326, 276, 361, 124, 197), 0.0, 0.07999999999999997, 7.645800634680753
(283,), (333, 374, 337, 143, 309), 0.0, 0.05999999999999993, 7.779133968014086
(9,), (50, 421), 0.0, 0.0049999999999999645, 7.914133968014085
(260,), (347, 255), 0.0, 0.0049999999999999645, 8.049133968014086
(408, 369, 184), (260, 347, 255), 0.046666666666666634, 0.14000000000000007, 8.155800634680752
(13,), (408, 369, 184, 260, 347, 255), 0.0, 0.29333333333333333, 8.251038729918848
(232,), (294, 215, 225, 36), 0.0, 0.06749999999999996, 8.395538729918849
(267, 226), (232, 294, 215, 225, 36), 0.0049999999999999645, 0.21199999999999983, 8.458538729918846
(323,), (267, 226, 232, 294, 215, 225, 36), 0.0, 0.27999999999999975, 8.59853872991885
(251, 222, 273), (323, 267, 226, 232, 294, 215, 225, 36), 0.046666666666666634, 0.41999999999999976, 8.628235699615818
(402,), (297, 111, 82, 157, 303, 245, 366, 501, 246, 167, 128, 384, 189, 435, 410, 120, 75, 173, 365, 230, 74, 399), 0.0, 0.38954545454545475, 8.777820679852969
(209,), (402, 297, 111, 82, 157, 303, 245, 366, 501, 246, 167, 128, 384, 189, 435, 410, 120, 75, 173, 365, 230, 74, 399), 0.0, 0.5391304347826087, 8.914940245070362
(10, 55), (77, 163, 45, 93, 84, 221), 0.0, 0.16833333333333336, 9.065356911737029
(187,), (57, 52, 107, 8, 155, 54, 142, 152, 192, 148, 336), 0.0, 0.19636363636363624, 9.225659942040052
(473,), (64, 136, 499), 0.0, 0.046666666666666634, 9.388993275373386
(500, 434), (473, 64, 136, 499), 0.0049999999999999645, 0.20999999999999983, 9.508993275373385
(170, 239, 100, 80), (500, 434, 473, 64, 136, 499), 0.05999999999999993, 0.33499999999999985, 9.658993275373382
(145, 446, 39, 87, 475, 471, 268, 455), (170, 239, 100, 80, 500, 434, 473, 64, 136, 499), 0.15875000000000003, 0.5449999999999998, 9.715243275373386
(302,), (145, 446, 39, 87, 475, 471, 268, 455, 170, 239, 100, 80, 500, 434, 473, 64, 136, 499), 0.0, 0.7599999999999999, 9.866822222741801
(49, 257, 150, 427, 429, 457), (302, 145, 446, 39, 87, 475, 471, 268, 455, 170, 239, 100, 80, 500, 434, 473, 64, 136, 499), 0.05999999999999993, 0.911578947368421, 10.012843275373395
(390,), (49, 257, 150, 427, 429, 457, 302, 145, 446, 39, 87, 475, 471, 268, 455, 170, 239, 100, 80, 500, 434, 473, 64, 136, 499), 0.0, 1.1176000000000001, 10.140243275373383
(413, 504), (481, 401, 441, 62), 0.0049999999999999645, 0.04000000000000007, 10.303576608706713
(395, 388), (413, 504, 481, 401, 441, 62), 0.0049999999999999645, 0.20833333333333348, 10.385243275373382
(94,), (140, 368, 378, 243, 477, 343, 205, 15, 345, 194, 338, 195, 342, 375, 391, 214, 249, 312, 350, 218, 376, 247, 6, 85, 289, 313, 201, 304, 271, 394, 279, 335, 353, 339), 0.0, 1.0352941176470587, 10.549949157726331
(497,), (453, 207), 0.0, 0.0, 10.716615824393
(411, 42, 165, 465, 495, 397, 409, 35, 171, 490), (395, 388, 413, 504, 481, 401, 441, 62), 0.20099999999999987, 0.2950000000000001, 10.885615824392993
(17,), (411, 42, 165, 465, 495, 397, 409, 35, 171, 490, 395, 388, 413, 504, 481, 401, 441, 62), 0.0, 0.6650000000000001, 11.024826350708787
(476,), (99, 46, 498, 487, 381), 0.0, 0.011999999999999915, 11.20115968404212
(234,), (484,), 0.0, 0.0, 11.38115968404212
(231,), (209, 402, 297, 111, 82, 157, 303, 245, 366, 501, 246, 167, 128, 384, 189, 435, 410, 120, 75, 173, 365, 230, 74, 399), 0.0, 0.67625, 11.564909684042117
(253,), (231, 209, 402, 297, 111, 82, 157, 303, 245, 366, 501, 246, 167, 128, 384, 189, 435, 410, 120, 75, 173, 365, 230, 74, 399), 0.0, 0.8599999999999993, 11.734525068657511
(319, 456), (43, 168, 79, 241, 38, 164), 0.04499999999999995, 0.08000000000000014, 11.918275068657511
(176,), (319, 456, 43, 168, 79, 241, 38, 164), 0.0, 0.30875000000000014, 12.069525068657507
(439,), (160, 237, 219, 105, 330, 138, 76, 272, 452, 329, 284, 385), 0.0, 0.26999999999999985, 12.25644814558059
(96, 114, 270, 248), (340, 438), 0.06749999999999996, 0.08000000000000014, 12.44394814558059
(144,), (96, 114, 270, 248, 340, 438), 0.0, 0.33500000000000013, 12.61751957415202
(17, 411, 42, 165, 465, 495, 397, 409, 35, 171, 490, 395, 388, 413, 504, 481, 401, 441, 62), (234, 484), 0.8042105263157897, 0.1799999999999998, 12.822832857360039
(4, 416), (458, 34, 418), 0.0049999999999999645, 0.046666666666666634, 13.031166190693373
(316,), (213, 244, 344, 196, 286, 177, 468, 292, 382, 200, 311, 193, 37, 236, 238), 0.0, 0.2493333333333331, 13.241207857360035
(229,), (316, 213, 244, 344, 196, 286, 177, 468, 292, 382, 200, 311, 193, 37, 236, 238), 0.0, 0.4593749999999997, 13.42653873971297
(216, 240), (229, 316, 213, 244, 344, 196, 286, 177, 468, 292, 382, 200, 311, 193, 37, 236, 238), 0.0, 0.6447058823529405, 13.607096015254774
(445,), (91, 129, 31, 325, 464, 463, 451, 7, 432, 377, 134, 156, 372, 89, 298, 104, 489, 126, 72, 295, 472, 227, 431), 0.0, 0.3591304347826083, 13.8262989138055
(386,), (445, 91, 129, 31, 325, 464, 463, 451, 7, 432, 377, 134, 156, 372, 89, 298, 104, 489, 126, 72, 295, 472, 227, 431), 0.0, 0.578333333333333, 14.027965580472179
(417,), (386, 445, 91, 129, 31, 325, 464, 463, 451, 7, 432, 377, 134, 156, 372, 89, 298, 104, 489, 126, 72, 295, 472, 227, 431), 0.0, 0.7799999999999996, 14.214119426626006
(3,), (322, 146, 2, 147), 0.0, 0.1275, 14.434619426626005
(118, 437), (58, 454, 275, 81, 137, 444, 299, 78, 131, 467, 450, 202, 110, 133, 159, 206), 0.0, 0.23937500000000017, 14.660244426625997
(407, 178), (253, 231, 209, 402, 297, 111, 82, 157, 303, 245, 366, 501, 246, 167, 128, 384, 189, 435, 410, 120, 75, 173, 365, 230, 74, 399), 0.0049999999999999645, 1.0296153846153846, 14.89277189915347
(125,), (32, 449), 0.0, 0.020000000000000035, 15.13277189915347
(417, 386, 445, 91, 129, 31, 325, 464, 463, 451, 7, 432, 377, 134, 156, 372, 89, 298, 104, 489, 126, 72, 295, 472, 227, 431), (125, 32, 449), 0.9661538461538454, 0.2600000000000001, 15.216962880585836
(389, 18, 21), (122, 396), 0.05999999999999993, 0.125, 15.45996288058584
(404,), (94, 140, 368, 378, 243, 477, 343, 205, 15, 345, 194, 338, 195, 342, 375, 391, 214, 249, 312, 350, 218, 376, 247, 6, 85, 289, 313, 201, 304, 271, 394, 279, 335, 353, 339), 0.0, 1.2, 15.703018436141393
(106,), (109,), 0.0, 0.0, 15.948018436141394
(300,), (118, 437, 58, 454, 275, 81, 137, 444, 299, 78, 131, 467, 450, 202, 110, 133, 159, 206), 0.0, 0.46499999999999997, 16.200913172983505
(220,), (491, 162, 277, 33, 436, 440, 314, 98, 358, 291, 182), 0.0, 0.2618181818181818, 16.455761657831996
(324,), (360, 212, 356, 113, 180), 0.0, 0.2720000000000001, 16.717094991165325
(10, 55, 77, 163, 45, 93, 84, 221), (187, 57, 52, 107, 8, 155, 54, 142, 152, 192, 148, 336), 0.3187499999999999, 0.35666666666666674, 17.007178324498632
(70, 24, 278), (220, 491, 162, 277, 33, 436, 440, 314, 98, 358, 291, 182), 0.026666666666666717, 0.5166666666666668, 17.301178324498657
(283, 333, 374, 337, 143, 309), (70, 24, 278, 220, 491, 162, 277, 33, 436, 440, 314, 98, 358, 291, 182), 0.19333333333333336, 0.8373333333333334, 17.401940229260553
(474,), (497, 453, 207), 0.0, 0.16666666666666666, 17.702773562593887
(439, 160, 237, 219, 105, 330, 138, 76, 272, 452, 329, 284, 385), (474, 497, 453, 207), 0.456923076923077, 0.46749999999999986, 17.908938720964937
(48, 305, 341, 387, 290, 420, 424, 264), (439, 160, 237, 219, 105, 330, 138, 76, 272, 452, 329, 284, 385, 474, 497, 453, 207), 0.16875000000000004, 1.1305882352941174, 18.151200485670834
(211, 307), (48, 305, 341, 387, 290, 420, 424, 264, 439, 160, 237, 219, 105, 330, 138, 76, 272, 452, 329, 284, 385, 474, 497, 453, 207), 0.0, 1.5415999999999992, 18.370341226411554
(63,), (149, 174, 351, 280, 321, 281, 327), 0.0, 0.09999999999999999, 18.68534122641156
(348,), (10, 55, 77, 163, 45, 93, 84, 221, 187, 57, 52, 107, 8, 155, 54, 142, 152, 192, 148, 336), 0.0, 0.9654999999999998, 19.011269797840118
(53, 308), (348, 10, 55, 77, 163, 45, 93, 84, 221, 187, 57, 52, 107, 8, 155, 54, 142, 152, 192, 148, 336), 0.04499999999999994, 1.2914285714285707, 19.313971661194174
(442,), (419, 433, 494), 0.0, 0.046666666666666634, 19.64730499452751
(354,), (404, 94, 140, 368, 378, 243, 477, 343, 205, 15, 345, 194, 338, 195, 342, 375, 391, 214, 249, 312, 350, 218, 376, 247, 6, 85, 289, 313, 201, 304, 271, 394, 279, 335, 353, 339), 0.0, 1.4430555555555555, 19.981546736269227
(430, 462, 364), (216, 240, 229, 316, 213, 244, 344, 196, 286, 177, 468, 292, 382, 200, 311, 193, 37, 236, 238), 0.05999999999999993, 0.8252631578947363, 20.36401085110176
(132, 469), (417, 386, 445, 91, 129, 31, 325, 464, 463, 451, 7, 432, 377, 134, 156, 372, 89, 298, 104, 489, 126, 72, 295, 472, 227, 431, 125, 32, 449), 0.020000000000000035, 1.310344827586206, 20.757536991257464
(256, 141, 493), (508, 406, 392, 443, 317, 488, 318, 346), 0.026666666666666717, 0.1087499999999999, 21.191211233681702
(459,), (132, 469, 417, 386, 445, 91, 129, 31, 325, 464, 463, 451, 7, 432, 377, 134, 156, 372, 89, 298, 104, 489, 126, 72, 295, 472, 227, 431, 125, 32, 449), 0.0, 1.7238709677419355, 21.62734026593982
(56,), (300, 118, 437, 58, 454, 275, 81, 137, 444, 299, 78, 131, 467, 450, 202, 110, 133, 159, 206), 0.0, 0.7178947368421056, 22.078945529097716
(367, 179, 288), (354, 404, 94, 140, 368, 378, 243, 477, 343, 205, 15, 345, 194, 338, 195, 342, 375, 391, 214, 249, 312, 350, 218, 376, 247, 6, 85, 289, 313, 201, 304, 271, 394, 279, 335, 353, 339), 0.026666666666666713, 1.7772972972972976, 22.53098156513374
(285, 161, 326, 276, 361, 124, 197), (367, 179, 288, 354, 404, 94, 140, 368, 378, 243, 477, 343, 205, 15, 345, 194, 338, 195, 342, 375, 391, 214, 249, 312, 350, 218, 376, 247, 6, 85, 289, 313, 201, 304, 271, 394, 279, 335, 353, 339), 0.20857142857142866, 2.2560000000000002, 22.91619737060485
(176, 319, 456, 43, 168, 79, 241, 38, 164), (285, 161, 326, 276, 361, 124, 197, 367, 179, 288, 354, 404, 94, 140, 368, 378, 243, 477, 343, 205, 15, 345, 194, 338, 195, 342, 375, 391, 214, 249, 312, 350, 218, 376, 247, 6, 85, 289, 313, 201, 304, 271, 394, 279, 335, 353, 339), 0.4600000000000002, 2.8497872340425525, 23.120695850847994
(349,), (251, 222, 273, 323, 267, 226, 232, 294, 215, 225, 36), 0.0, 0.49636363636363595, 23.593498881151042
(22,), (349, 251, 222, 273, 323, 267, 226, 232, 294, 215, 225, 36), 0.0, 0.969166666666666, 23.993562983715144
(68, 86, 26, 27), (23, 190, 101, 66, 153, 293, 447), 0.04749999999999997, 0.13714285714285704, 24.46892012657229
(158,), (283, 333, 374, 337, 143, 309, 70, 24, 278, 220, 491, 162, 277, 33, 436, 440, 314, 98, 358, 291, 182), 0.0, 1.1314285714285717, 24.99567337332552
(359, 492), (56, 300, 118, 437, 58, 454, 275, 81, 137, 444, 299, 78, 131, 467, 450, 202, 110, 133, 159, 206), 0.0, 1.1695000000000002, 25.53571882787097
(287,), (176, 319, 456, 43, 168, 79, 241, 38, 164, 285, 161, 326, 276, 361, 124, 197, 367, 179, 288, 354, 404, 94, 140, 368, 378, 243, 477, 343, 205, 15, 345, 194, 338, 195, 342, 375, 391, 214, 249, 312, 350, 218, 376, 247, 6, 85, 289, 313, 201, 304, 271, 394, 279, 335, 353, 339), 0.0, 3.5142857142857133, 26.120380482006375
(151,), (22, 349, 251, 222, 273, 323, 267, 226, 232, 294, 215, 225, 36), 0.0, 1.3692307692307681, 26.7261497127756
(252, 127), (407, 178, 253, 231, 209, 402, 297, 111, 82, 157, 303, 245, 366, 501, 246, 167, 128, 384, 189, 435, 410, 120, 75, 173, 365, 230, 74, 399), 0.08000000000000014, 1.267142857142856, 27.351006855632715
(60, 59, 362), (287, 176, 319, 456, 43, 168, 79, 241, 38, 164, 285, 161, 326, 276, 361, 124, 197, 367, 179, 288, 354, 404, 94, 140, 368, 378, 243, 477, 343, 205, 15, 345, 194, 338, 195, 342, 375, 391, 214, 249, 312, 350, 218, 376, 247, 6, 85, 289, 313, 201, 304, 271, 394, 279, 335, 353, 339), 0.006666666666666619, 4.098947368421052, 27.995226153878296
(412,), (41, 485, 415), 0.0, 0.12666666666666665, 28.648559487211628
(95, 315), (158, 283, 333, 374, 337, 143, 309, 70, 24, 278, 220, 491, 162, 277, 33, 436, 440, 314, 98, 358, 291, 182), 0.020000000000000035, 1.658181818181819, 29.328711002363143
(68, 86, 26, 27, 23, 190, 101, 66, 153, 293, 447), (95, 315, 158, 283, 333, 374, 337, 143, 309, 70, 24, 278, 220, 491, 162, 277, 33, 436, 440, 314, 98, 358, 291, 182), 0.6599999999999999, 2.358333333333334, 29.832091954744076
(252, 127, 407, 178, 253, 231, 209, 402, 297, 111, 82, 157, 303, 245, 366, 501, 246, 167, 128, 384, 189, 435, 410, 120, 75, 173, 365, 230, 74, 399), (68, 86, 26, 27, 23, 190, 101, 66, 153, 293, 447, 95, 315, 158, 283, 333, 374, 337, 143, 309, 70, 24, 278, 220, 491, 162, 277, 33, 436, 440, 314, 98, 358, 291, 182), 1.9720000000000009, 3.521714285714286, 30.053762284414418
(90,), (144, 96, 114, 270, 248, 340, 438), 0.0, 0.5085714285714289, 30.74019085584299
(92, 461, 135, 254), (90, 144, 96, 114, 270, 248, 340, 438), 0.12749999999999997, 1.1950000000000007, 30.846857522509673
(121, 223), (211, 307, 48, 305, 341, 387, 290, 420, 424, 264, 439, 160, 237, 219, 105, 330, 138, 76, 272, 452, 329, 284, 385, 474, 497, 453, 207), 0.0, 1.7607407407407396, 31.559220230044797
(63, 149, 174, 351, 280, 321, 281, 327), (53, 308, 348, 10, 55, 77, 163, 45, 93, 84, 221, 187, 57, 52, 107, 8, 155, 54, 142, 152, 192, 148, 336), 0.4150000000000003, 1.6391304347826081, 32.272831730746056
(459, 132, 469, 417, 386, 445, 91, 129, 31, 325, 464, 463, 451, 7, 432, 377, 134, 156, 372, 89, 298, 104, 489, 126, 72, 295, 472, 227, 431, 125, 32, 449), (63, 149, 174, 351, 280, 321, 281, 327, 53, 308, 348, 10, 55, 77, 163, 45, 93, 84, 221, 187, 57, 52, 107, 8, 155, 54, 142, 152, 192, 148, 336), 2.16, 2.7677419354838713, 33.019375509547906
(390, 49, 257, 150, 427, 429, 457, 302, 145, 446, 39, 87, 475, 471, 268, 455, 170, 239, 100, 80, 500, 434, 473, 64, 136, 499), (459, 132, 469, 417, 386, 445, 91, 129, 31, 325, 464, 463, 451, 7, 432, 377, 134, 156, 372, 89, 298, 104, 489, 126, 72, 295, 472, 227, 431, 125, 32, 449, 63, 149, 174, 351, 280, 321, 281, 327, 53, 308, 348, 10, 55, 77, 163, 45, 93, 84, 221, 187, 57, 52, 107, 8, 155, 54, 142, 152, 192, 148, 336), 1.2449999999999997, 5.674285714285716, 33.703910019981336
(423, 414, 425, 505, 393, 116, 301), (390, 49, 257, 150, 427, 429, 457, 302, 145, 446, 39, 87, 475, 471, 268, 455, 170, 239, 100, 80, 500, 434, 473, 64, 136, 499, 459, 132, 469, 417, 386, 445, 91, 129, 31, 325, 464, 463, 451, 7, 432, 377, 134, 156, 372, 89, 298, 104, 489, 126, 72, 295, 472, 227, 431, 125, 32, 449, 63, 149, 174, 351, 280, 321, 281, 327, 53, 308, 348, 10, 55, 77, 163, 45, 93, 84, 221, 187, 57, 52, 107, 8, 155, 54, 142, 152, 192, 148, 336), 0.07714285714285715, 7.603820224719094, 34.40794693811934
(208,), (263, 217, 506), 0.0, 0.05999999999999993, 35.15794693811934
(324, 360, 212, 356, 113, 180), (208, 263, 217, 506), 0.5333333333333333, 0.8099999999999994, 35.79861360478601
(228,), (121, 223, 211, 307, 48, 305, 341, 387, 290, 420, 424, 264, 439, 160, 237, 219, 105, 330, 138, 76, 272, 452, 329, 284, 385, 474, 497, 453, 207), 0.0, 2.4731034482758596, 36.62417682317673
(422,), (228, 121, 223, 211, 307, 48, 305, 341, 387, 290, 420, 424, 264, 439, 160, 237, 219, 105, 330, 138, 76, 272, 452, 329, 284, 385, 474, 497, 453, 207), 0.0, 3.298666666666665, 37.39647789844558
(154,), (60, 59, 362, 287, 176, 319, 456, 43, 168, 79, 241, 38, 164, 285, 161, 326, 276, 361, 124, 197, 367, 179, 288, 354, 404, 94, 140, 368, 378, 243, 477, 343, 205, 15, 345, 194, 338, 195, 342, 375, 391, 214, 249, 312, 350, 218, 376, 247, 6, 85, 289, 313, 201, 304, 271, 394, 279, 335, 353, 339), 0.0, 4.7498333333333385, 38.22598882740729
(334, 51), (9, 50, 421), 0.0049999999999999645, 0.14000000000000007, 39.092988827407304
(181, 373), (151, 22, 349, 251, 222, 273, 323, 267, 226, 232, 294, 215, 225, 36), 0.08000000000000014, 1.9749999999999988, 40.07736382740732
(357, 117, 175, 282, 186, 507), (181, 373, 151, 22, 349, 251, 222, 273, 323, 267, 226, 232, 294, 215, 225, 36), 0.059999999999999935, 3.039374999999999, 40.9857161001346
(154, 60, 59, 362, 287, 176, 319, 456, 43, 168, 79, 241, 38, 164, 285, 161, 326, 276, 361, 124, 197, 367, 179, 288, 354, 404, 94, 140, 368, 378, 243, 477, 343, 205, 15, 345, 194, 338, 195, 342, 375, 391, 214, 249, 312, 350, 218, 376, 247, 6, 85, 289, 313, 201, 304, 271, 394, 279, 335, 353, 339), (357, 117, 175, 282, 186, 507, 181, 373, 151, 22, 349, 251, 222, 273, 323, 267, 226, 232, 294, 215, 225, 36), 5.579344262295086, 4.007727272727271, 41.46105420366649
(188,), (154, 60, 59, 362, 287, 176, 319, 456, 43, 168, 79, 241, 38, 164, 285, 161, 326, 276, 361, 124, 197, 367, 179, 288, 354, 404, 94, 140, 368, 378, 243, 477, 343, 205, 15, 345, 194, 338, 195, 342, 375, 391, 214, 249, 312, 350, 218, 376, 247, 6, 85, 289, 313, 201, 304, 271, 394, 279, 335, 353, 339, 357, 117, 175, 282, 186, 507, 181, 373, 151, 22, 349, 251, 222, 273, 323, 267, 226, 232, 294, 215, 225, 36), 0.0, 10.062409638554211, 42.3675731365409
(262, 266), (359, 492, 56, 300, 118, 437, 58, 454, 275, 81, 137, 444, 299, 78, 131, 467, 450, 202, 110, 133, 159, 206), 0.125, 1.709545454545455, 43.41136101532882
(185, 183), (355, 108, 478), 0.020000000000000035, 0.10666666666666687, 44.53269434866217
(106, 109), (262, 266, 359, 492, 56, 300, 118, 437, 58, 454, 275, 81, 137, 444, 299, 78, 131, 467, 450, 202, 110, 133, 159, 206), 0.24500000000000013, 2.878333333333333, 45.68974563071348
(256, 141, 493, 508, 406, 392, 443, 317, 488, 318, 346), (423, 414, 425, 505, 393, 116, 301, 390, 49, 257, 150, 427, 429, 457, 302, 145, 446, 39, 87, 475, 471, 268, 455, 170, 239, 100, 80, 500, 434, 473, 64, 136, 499, 459, 132, 469, 417, 386, 445, 91, 129, 31, 325, 464, 463, 451, 7, 432, 377, 134, 156, 372, 89, 298, 104, 489, 126, 72, 295, 472, 227, 431, 125, 32, 449, 63, 149, 174, 351, 280, 321, 281, 327, 53, 308, 348, 10, 55, 77, 163, 45, 93, 84, 221, 187, 57, 52, 107, 8, 155, 54, 142, 152, 192, 148, 336), 0.5690909090909092, 8.385000000000012, 46.87528088984679
(442, 419, 433, 494), (92, 461, 135, 254, 90, 144, 96, 114, 270, 248, 340, 438), 0.38, 1.429166666666667, 48.11048922318013
(235,), (422, 228, 121, 223, 211, 307, 48, 305, 341, 387, 290, 420, 424, 264, 439, 160, 237, 219, 105, 330, 138, 76, 272, 452, 329, 284, 385, 474, 497, 453, 207), 0.0, 4.070967741935486, 49.35952148124457
(352, 482), (188, 154, 60, 59, 362, 287, 176, 319, 456, 43, 168, 79, 241, 38, 164, 285, 161, 326, 276, 361, 124, 197, 367, 179, 288, 354, 404, 94, 140, 368, 378, 243, 477, 343, 205, 15, 345, 194, 338, 195, 342, 375, 391, 214, 249, 312, 350, 218, 376, 247, 6, 85, 289, 313, 201, 304, 271, 394, 279, 335, 353, 339, 357, 117, 175, 282, 186, 507, 181, 373, 151, 22, 349, 251, 222, 273, 323, 267, 226, 232, 294, 215, 225, 36), 0.125, 10.96892857142857, 50.620941747025284
(261, 130, 242), (13, 408, 369, 184, 260, 347, 255), 0.05999999999999993, 0.38857142857142846, 51.91737031845386
(20,), (17, 411, 42, 165, 465, 495, 397, 409, 35, 171, 490, 395, 388, 413, 504, 481, 401, 441, 62, 234, 484), 0.0, 1.1895238095238094, 53.281028327111855
(19,), (20, 17, 411, 42, 165, 465, 495, 397, 409, 35, 171, 490, 395, 388, 413, 504, 481, 401, 441, 62, 234, 484), 0.0, 2.5531818181818178, 54.526107378495254
(479,), (252, 127, 407, 178, 253, 231, 209, 402, 297, 111, 82, 157, 303, 245, 366, 501, 246, 167, 128, 384, 189, 435, 410, 120, 75, 173, 365, 230, 74, 399, 68, 86, 26, 27, 23, 190, 101, 66, 153, 293, 447, 95, 315, 158, 283, 333, 374, 337, 143, 309, 70, 24, 278, 220, 491, 162, 277, 33, 436, 440, 314, 98, 358, 291, 182), 0.0, 5.715384615384617, 55.89026821765614
(25,), (479, 252, 127, 407, 178, 253, 231, 209, 402, 297, 111, 82, 157, 303, 245, 366, 501, 246, 167, 128, 384, 189, 435, 410, 120, 75, 173, 365, 230, 74, 399, 68, 86, 26, 27, 23, 190, 101, 66, 153, 293, 447, 95, 315, 158, 283, 333, 374, 337, 143, 309, 70, 24, 278, 220, 491, 162, 277, 33, 436, 440, 314, 98, 358, 291, 182), 0.0, 7.0795454545454515, 57.21370783773749
(115, 47, 233), (106, 109, 262, 266, 359, 492, 56, 300, 118, 437, 58, 454, 275, 81, 137, 444, 299, 78, 131, 467, 450, 202, 110, 133, 159, 206), 0.046666666666666634, 4.280384615384615, 58.58527724534144
(67, 69), (235, 422, 228, 121, 223, 211, 307, 48, 305, 341, 387, 290, 420, 424, 264, 439, 160, 237, 219, 105, 330, 138, 76, 272, 452, 329, 284, 385, 474, 497, 453, 207), 0.020000000000000035, 5.319999999999997, 60.10998312769445
(258, 320, 383), (430, 462, 364, 216, 240, 229, 316, 213, 244, 344, 196, 286, 177, 468, 292, 382, 200, 311, 193, 37, 236, 238), 0.05999999999999993, 1.2677272727272717, 61.667855854967186
(1,), (256, 141, 493, 508, 406, 392, 443, 317, 488, 318, 346, 423, 414, 425, 505, 393, 116, 301, 390, 49, 257, 150, 427, 429, 457, 302, 145, 446, 39, 87, 475, 471, 268, 455, 170, 239, 100, 80, 500, 434, 473, 64, 136, 499, 459, 132, 469, 417, 386, 445, 91, 129, 31, 325, 464, 463, 451, 7, 432, 377, 134, 156, 372, 89, 298, 104, 489, 126, 72, 295, 472, 227, 431, 125, 32, 449, 63, 149, 174, 351, 280, 321, 281, 327, 53, 308, 348, 10, 55, 77, 163, 45, 93, 84, 221, 187, 57, 52, 107, 8, 155, 54, 142, 152, 192, 148, 336), 0.0, 10.139626168224307, 63.34702598303913
(503, 224, 259), (1, 256, 141, 493, 508, 406, 392, 443, 317, 488, 318, 346, 423, 414, 425, 505, 393, 116, 301, 390, 49, 257, 150, 427, 429, 457, 302, 145, 446, 39, 87, 475, 471, 268, 455, 170, 239, 100, 80, 500, 434, 473, 64, 136, 499, 459, 132, 469, 417, 386, 445, 91, 129, 31, 325, 464, 463, 451, 7, 432, 377, 134, 156, 372, 89, 298, 104, 489, 126, 72, 295, 472, 227, 431, 125, 32, 449, 63, 149, 174, 351, 280, 321, 281, 327, 53, 308, 348, 10, 55, 77, 163, 45, 93, 84, 221, 187, 57, 52, 107, 8, 155, 54, 142, 152, 192, 148, 336), 0.05999999999999993, 11.818796296296288, 65.16786932638263
(324, 360, 212, 356, 113, 180, 208, 263, 217, 506), (67, 69, 235, 422, 228, 121, 223, 211, 307, 48, 305, 341, 387, 290, 420, 424, 264, 439, 160, 237, 219, 105, 330, 138, 76, 272, 452, 329, 284, 385, 474, 497, 453, 207), 1.9839999999999998, 6.864705882352933, 67.00098162584777
(389, 18, 21, 122, 396), (19, 20, 17, 411, 42, 165, 465, 495, 397, 409, 35, 171, 490, 395, 388, 413, 504, 481, 401, 441, 62, 234, 484), 0.4279999999999997, 3.7982608695652194, 68.94900647056832
(5, 480, 470), (25, 479, 252, 127, 407, 178, 253, 231, 209, 402, 297, 111, 82, 157, 303, 245, 366, 501, 246, 167, 128, 384, 189, 435, 410, 120, 75, 173, 365, 230, 74, 399, 68, 86, 26, 27, 23, 190, 101, 66, 153, 293, 447, 95, 315, 158, 283, 333, 374, 337, 143, 309, 70, 24, 278, 220, 491, 162, 277, 33, 436, 440, 314, 98, 358, 291, 182), 0.14000000000000007, 8.402985074626864, 70.98373568165569
(166, 274, 486), (5, 480, 470, 25, 479, 252, 127, 407, 178, 253, 231, 209, 402, 297, 111, 82, 157, 303, 245, 366, 501, 246, 167, 128, 384, 189, 435, 410, 120, 75, 173, 365, 230, 74, 399, 68, 86, 26, 27, 23, 190, 101, 66, 153, 293, 447, 95, 315, 158, 283, 333, 374, 337, 143, 309, 70, 24, 278, 220, 491, 162, 277, 33, 436, 440, 314, 98, 358, 291, 182), 0.10666666666666687, 10.577714285714293, 73.00894377037044
(269, 428), (503, 224, 259, 1, 256, 141, 493, 508, 406, 392, 443, 317, 488, 318, 346, 423, 414, 425, 505, 393, 116, 301, 390, 49, 257, 150, 427, 429, 457, 302, 145, 446, 39, 87, 475, 471, 268, 455, 170, 239, 100, 80, 500, 434, 473, 64, 136, 499, 459, 132, 469, 417, 386, 445, 91, 129, 31, 325, 464, 463, 451, 7, 432, 377, 134, 156, 372, 89, 298, 104, 489, 126, 72, 295, 472, 227, 431, 125, 32, 449, 63, 149, 174, 351, 280, 321, 281, 327, 53, 308, 348, 10, 55, 77, 163, 45, 93, 84, 221, 187, 57, 52, 107, 8, 155, 54, 142, 152, 192, 148, 336), 0.125, 13.69963963963965, 75.0467820068372
(265,), (352, 482, 188, 154, 60, 59, 362, 287, 176, 319, 456, 43, 168, 79, 241, 38, 164, 285, 161, 326, 276, 361, 124, 197, 367, 179, 288, 354, 404, 94, 140, 368, 378, 243, 477, 343, 205, 15, 345, 194, 338, 195, 342, 375, 391, 214, 249, 312, 350, 218, 376, 247, 6, 85, 289, 313, 201, 304, 271, 394, 279, 335, 353, 339, 357, 117, 175, 282, 186, 507, 181, 373, 151, 22, 349, 251, 222, 273, 323, 267, 226, 232, 294, 215, 225, 36), 0.0, 12.355348837209304, 77.16867454893814
(28, 103, 191), (265, 352, 482, 188, 154, 60, 59, 362, 287, 176, 319, 456, 43, 168, 79, 241, 38, 164, 285, 161, 326, 276, 361, 124, 197, 367, 179, 288, 354, 404, 94, 140, 368, 378, 243, 477, 343, 205, 15, 345, 194, 338, 195, 342, 375, 391, 214, 249, 312, 350, 218, 376, 247, 6, 85, 289, 313, 201, 304, 271, 394, 279, 335, 353, 339, 357, 117, 175, 282, 186, 507, 181, 373, 151, 22, 349, 251, 222, 273, 323, 267, 226, 232, 294, 215, 225, 36), 0.006666666666666619, 14.477241379310339, 79.42265539185009
(476, 99, 46, 498, 487, 381), (28, 103, 191, 265, 352, 482, 188, 154, 60, 59, 362, 287, 176, 319, 456, 43, 168, 79, 241, 38, 164, 285, 161, 326, 276, 361, 124, 197, 367, 179, 288, 354, 404, 94, 140, 368, 378, 243, 477, 343, 205, 15, 345, 194, 338, 195, 342, 375, 391, 214, 249, 312, 350, 218, 376, 247, 6, 85, 289, 313, 201, 304, 271, 394, 279, 335, 353, 339, 357, 117, 175, 282, 186, 507, 181, 373, 151, 22, 349, 251, 222, 273, 323, 267, 226, 232, 294, 215, 225, 36), 0.18833333333333335, 16.737888888888865, 82.16143316962767
(261, 130, 242, 13, 408, 369, 184, 260, 347, 255), (476, 99, 46, 498, 487, 381, 28, 103, 191, 265, 352, 482, 188, 154, 60, 59, 362, 287, 176, 319, 456, 43, 168, 79, 241, 38, 164, 285, 161, 326, 276, 361, 124, 197, 367, 179, 288, 354, 404, 94, 140, 368, 378, 243, 477, 343, 205, 15, 345, 194, 338, 195, 342, 375, 391, 214, 249, 312, 350, 218, 376, 247, 6, 85, 289, 313, 201, 304, 271, 394, 279, 335, 353, 339, 357, 117, 175, 282, 186, 507, 181, 373, 151, 22, 349, 251, 222, 273, 323, 267, 226, 232, 294, 215, 225, 36), 1.745, 19.66500000000001, 85.28737656585415
(4, 416, 458, 34, 418), (324, 360, 212, 356, 113, 180, 208, 263, 217, 506, 67, 69, 235, 422, 228, 121, 223, 211, 307, 48, 305, 341, 387, 290, 420, 424, 264, 439, 160, 237, 219, 105, 330, 138, 76, 272, 452, 329, 284, 385, 474, 497, 453, 207), 0.25999999999999995, 10.681818181818185, 88.63617062893404
(331, 426), (269, 428, 503, 224, 259, 1, 256, 141, 493, 508, 406, 392, 443, 317, 488, 318, 346, 423, 414, 425, 505, 393, 116, 301, 390, 49, 257, 150, 427, 429, 457, 302, 145, 446, 39, 87, 475, 471, 268, 455, 170, 239, 100, 80, 500, 434, 473, 64, 136, 499, 459, 132, 469, 417, 386, 445, 91, 129, 31, 325, 464, 463, 451, 7, 432, 377, 134, 156, 372, 89, 298, 104, 489, 126, 72, 295, 472, 227, 431, 125, 32, 449, 63, 149, 174, 351, 280, 321, 281, 327, 53, 308, 348, 10, 55, 77, 163, 45, 93, 84, 221, 187, 57, 52, 107, 8, 155, 54, 142, 152, 192, 148, 336), 0.020000000000000035, 15.862477876106182, 92.22012753543648
(466, 14, 83), (261, 130, 242, 13, 408, 369, 184, 260, 347, 255, 476, 99, 46, 498, 487, 381, 28, 103, 191, 265, 352, 482, 188, 154, 60, 59, 362, 287, 176, 319, 456, 43, 168, 79, 241, 38, 164, 285, 161, 326, 276, 361, 124, 197, 367, 179, 288, 354, 404, 94, 140, 368, 378, 243, 477, 343, 205, 15, 345, 194, 338, 195, 342, 375, 391, 214, 249, 312, 350, 218, 376, 247, 6, 85, 289, 313, 201, 304, 271, 394, 279, 335, 353, 339, 357, 117, 175, 282, 186, 507, 181, 373, 151, 22, 349, 251, 222, 273, 323, 267, 226, 232, 294, 215, 225, 36), 0.0, 24.535943396226394, 97.01556028599913
(3, 322, 146, 2, 147), (331, 426, 269, 428, 503, 224, 259, 1, 256, 141, 493, 508, 406, 392, 443, 317, 488, 318, 346, 423, 414, 425, 505, 393, 116, 301, 390, 49, 257, 150, 427, 429, 457, 302, 145, 446, 39, 87, 475, 471, 268, 455, 170, 239, 100, 80, 500, 434, 473, 64, 136, 499, 459, 132, 469, 417, 386, 445, 91, 129, 31, 325, 464, 463, 451, 7, 432, 377, 134, 156, 372, 89, 298, 104, 489, 126, 72, 295, 472, 227, 431, 125, 32, 449, 63, 149, 174, 351, 280, 321, 281, 327, 53, 308, 348, 10, 55, 77, 163, 45, 93, 84, 221, 187, 57, 52, 107, 8, 155, 54, 142, 152, 192, 148, 336), 0.34799999999999986, 19.46643478260874, 102.26779217005743
(123, 119, 204), (3, 322, 146, 2, 147, 331, 426, 269, 428, 503, 224, 259, 1, 256, 141, 493, 508, 406, 392, 443, 317, 488, 318, 346, 423, 414, 425, 505, 393, 116, 301, 390, 49, 257, 150, 427, 429, 457, 302, 145, 446, 39, 87, 475, 471, 268, 455, 170, 239, 100, 80, 500, 434, 473, 64, 136, 499, 459, 132, 469, 417, 386, 445, 91, 129, 31, 325, 464, 463, 451, 7, 432, 377, 134, 156, 372, 89, 298, 104, 489, 126, 72, 295, 472, 227, 431, 125, 32, 449, 63, 149, 174, 351, 280, 321, 281, 327, 53, 308, 348, 10, 55, 77, 163, 45, 93, 84, 221, 187, 57, 52, 107, 8, 155, 54, 142, 152, 192, 148, 336), 0.026666666666666717, 25.066666666666706, 107.34177590989444
(334, 51, 9, 50, 421), (123, 119, 204, 3, 322, 146, 2, 147, 331, 426, 269, 428, 503, 224, 259, 1, 256, 141, 493, 508, 406, 392, 443, 317, 488, 318, 346, 423, 414, 425, 505, 393, 116, 301, 390, 49, 257, 150, 427, 429, 457, 302, 145, 446, 39, 87, 475, 471, 268, 455, 170, 239, 100, 80, 500, 434, 473, 64, 136, 499, 459, 132, 469, 417, 386, 445, 91, 129, 31, 325, 464, 463, 451, 7, 432, 377, 134, 156, 372, 89, 298, 104, 489, 126, 72, 295, 472, 227, 431, 125, 32, 449, 63, 149, 174, 351, 280, 321, 281, 327, 53, 308, 348, 10, 55, 77, 163, 45, 93, 84, 221, 187, 57, 52, 107, 8, 155, 54, 142, 152, 192, 148, 336), 1.012, 30.167317073170636, 113.27464633672372
(115, 47, 233, 106, 109, 262, 266, 359, 492, 56, 300, 118, 437, 58, 454, 275, 81, 137, 444, 299, 78, 131, 467, 450, 202, 110, 133, 159, 206), (334, 51, 9, 50, 421, 123, 119, 204, 3, 322, 146, 2, 147, 331, 426, 269, 428, 503, 224, 259, 1, 256, 141, 493, 508, 406, 392, 443, 317, 488, 318, 346, 423, 414, 425, 505, 393, 116, 301, 390, 49, 257, 150, 427, 429, 457, 302, 145, 446, 39, 87, 475, 471, 268, 455, 170, 239, 100, 80, 500, 434, 473, 64, 136, 499, 459, 132, 469, 417, 386, 445, 91, 129, 31, 325, 464, 463, 451, 7, 432, 377, 134, 156, 372, 89, 298, 104, 489, 126, 72, 295, 472, 227, 431, 125, 32, 449, 63, 149, 174, 351, 280, 321, 281, 327, 53, 308, 348, 10, 55, 77, 163, 45, 93, 84, 221, 187, 57, 52, 107, 8, 155, 54, 142, 152, 192, 148, 336), 5.698620689655179, 37.112187499999976, 119.20715024897942
(389, 18, 21, 122, 396, 19, 20, 17, 411, 42, 165, 465, 495, 397, 409, 35, 171, 490, 395, 388, 413, 504, 481, 401, 441, 62, 234, 484), (115, 47, 233, 106, 109, 262, 266, 359, 492, 56, 300, 118, 437, 58, 454, 275, 81, 137, 444, 299, 78, 131, 467, 450, 202, 110, 133, 159, 206, 334, 51, 9, 50, 421, 123, 119, 204, 3, 322, 146, 2, 147, 331, 426, 269, 428, 503, 224, 259, 1, 256, 141, 493, 508, 406, 392, 443, 317, 488, 318, 346, 423, 414, 425, 505, 393, 116, 301, 390, 49, 257, 150, 427, 429, 457, 302, 145, 446, 39, 87, 475, 471, 268, 455, 170, 239, 100, 80, 500, 434, 473, 64, 136, 499, 459, 132, 469, 417, 386, 445, 91, 129, 31, 325, 464, 463, 451, 7, 432, 377, 134, 156, 372, 89, 298, 104, 489, 126, 72, 295, 472, 227, 431, 125, 32, 449, 63, 149, 174, 351, 280, 321, 281, 327, 53, 308, 348, 10, 55, 77, 163, 45, 93, 84, 221, 187, 57, 52, 107, 8, 155, 54, 142, 152, 192, 148, 336), 6.174285714285709, 48.74331210191074, 123.59203891926906
(412, 41, 485, 415), (389, 18, 21, 122, 396, 19, 20, 17, 411, 42, 165, 465, 495, 397, 409, 35, 171, 490, 395, 388, 413, 504, 481, 401, 441, 62, 234, 484, 115, 47, 233, 106, 109, 262, 266, 359, 492, 56, 300, 118, 437, 58, 454, 275, 81, 137, 444, 299, 78, 131, 467, 450, 202, 110, 133, 159, 206, 334, 51, 9, 50, 421, 123, 119, 204, 3, 322, 146, 2, 147, 331, 426, 269, 428, 503, 224, 259, 1, 256, 141, 493, 508, 406, 392, 443, 317, 488, 318, 346, 423, 414, 425, 505, 393, 116, 301, 390, 49, 257, 150, 427, 429, 457, 302, 145, 446, 39, 87, 475, 471, 268, 455, 170, 239, 100, 80, 500, 434, 473, 64, 136, 499, 459, 132, 469, 417, 386, 445, 91, 129, 31, 325, 464, 463, 451, 7, 432, 377, 134, 156, 372, 89, 298, 104, 489, 126, 72, 295, 472, 227, 431, 125, 32, 449, 63, 149, 174, 351, 280, 321, 281, 327, 53, 308, 348, 10, 55, 77, 163, 45, 93, 84, 221, 187, 57, 52, 107, 8, 155, 54, 142, 152, 192, 148, 336), 0.7800000000000004, 59.30248648648663, 128.77251539574578
(139,), (466, 14, 83, 261, 130, 242, 13, 408, 369, 184, 260, 347, 255, 476, 99, 46, 498, 487, 381, 28, 103, 191, 265, 352, 482, 188, 154, 60, 59, 362, 287, 176, 319, 456, 43, 168, 79, 241, 38, 164, 285, 161, 326, 276, 361, 124, 197, 367, 179, 288, 354, 404, 94, 140, 368, 378, 243, 477, 343, 205, 15, 345, 194, 338, 195, 342, 375, 391, 214, 249, 312, 350, 218, 376, 247, 6, 85, 289, 313, 201, 304, 271, 394, 279, 335, 353, 339, 357, 117, 175, 282, 186, 507, 181, 373, 151, 22, 349, 251, 222, 273, 323, 267, 226, 232, 294, 215, 225, 36), 0.0, 29.331376146789005, 134.73604833986616
(442, 419, 433, 494, 92, 461, 135, 254, 90, 144, 96, 114, 270, 248, 340, 438), (412, 41, 485, 415, 389, 18, 21, 122, 396, 19, 20, 17, 411, 42, 165, 465, 495, 397, 409, 35, 171, 490, 395, 388, 413, 504, 481, 401, 441, 62, 234, 484, 115, 47, 233, 106, 109, 262, 266, 359, 492, 56, 300, 118, 437, 58, 454, 275, 81, 137, 444, 299, 78, 131, 467, 450, 202, 110, 133, 159, 206, 334, 51, 9, 50, 421, 123, 119, 204, 3, 322, 146, 2, 147, 331, 426, 269, 428, 503, 224, 259, 1, 256, 141, 493, 508, 406, 392, 443, 317, 488, 318, 346, 423, 414, 425, 505, 393, 116, 301, 390, 49, 257, 150, 427, 429, 457, 302, 145, 446, 39, 87, 475, 471, 268, 455, 170, 239, 100, 80, 500, 434, 473, 64, 136, 499, 459, 132, 469, 417, 386, 445, 91, 129, 31, 325, 464, 463, 451, 7, 432, 377, 134, 156, 372, 89, 298, 104, 489, 126, 72, 295, 472, 227, 431, 125, 32, 449, 63, 149, 174, 351, 280, 321, 281, 327, 53, 308, 348, 10, 55, 77, 163, 45, 93, 84, 221, 187, 57, 52, 107, 8, 155, 54, 142, 152, 192, 148, 336), 3.044375000000001, 65.2629629629629, 140.86675915739121
(185, 183, 355, 108, 478), (166, 274, 486, 5, 480, 470, 25, 479, 252, 127, 407, 178, 253, 231, 209, 402, 297, 111, 82, 157, 303, 245, 366, 501, 246, 167, 128, 384, 189, 435, 410, 120, 75, 173, 365, 230, 74, 399, 68, 86, 26, 27, 23, 190, 101, 66, 153, 293, 447, 95, 315, 158, 283, 333, 374, 337, 143, 309, 70, 24, 278, 220, 491, 162, 277, 33, 436, 440, 314, 98, 358, 291, 182), 1.2480000000000002, 12.709589041095885, 147.50711883424364
(258, 320, 383, 430, 462, 364, 216, 240, 229, 316, 213, 244, 344, 196, 286, 177, 468, 292, 382, 200, 311, 193, 37, 236, 238), (139, 466, 14, 83, 261, 130, 242, 13, 408, 369, 184, 260, 347, 255, 476, 99, 46, 498, 487, 381, 28, 103, 191, 265, 352, 482, 188, 154, 60, 59, 362, 287, 176, 319, 456, 43, 168, 79, 241, 38, 164, 285, 161, 326, 276, 361, 124, 197, 367, 179, 288, 354, 404, 94, 140, 368, 378, 243, 477, 343, 205, 15, 345, 194, 338, 195, 342, 375, 391, 214, 249, 312, 350, 218, 376, 247, 6, 85, 289, 313, 201, 304, 271, 394, 279, 335, 353, 339, 357, 117, 175, 282, 186, 507, 181, 373, 151, 22, 349, 251, 222, 273, 323, 267, 226, 232, 294, 215, 225, 36), 2.8856000000000024, 35.2949090909091, 155.9840912248162
(442, 419, 433, 494, 92, 461, 135, 254, 90, 144, 96, 114, 270, 248, 340, 438, 412, 41, 485, 415, 389, 18, 21, 122, 396, 19, 20, 17, 411, 42, 165, 465, 495, 397, 409, 35, 171, 490, 395, 388, 413, 504, 481, 401, 441, 62, 234, 484, 115, 47, 233, 106, 109, 262, 266, 359, 492, 56, 300, 118, 437, 58, 454, 275, 81, 137, 444, 299, 78, 131, 467, 450, 202, 110, 133, 159, 206, 334, 51, 9, 50, 421, 123, 119, 204, 3, 322, 146, 2, 147, 331, 426, 269, 428, 503, 224, 259, 1, 256, 141, 493, 508, 406, 392, 443, 317, 488, 318, 346, 423, 414, 425, 505, 393, 116, 301, 390, 49, 257, 150, 427, 429, 457, 302, 145, 446, 39, 87, 475, 471, 268, 455, 170, 239, 100, 80, 500, 434, 473, 64, 136, 499, 459, 132, 469, 417, 386, 445, 91, 129, 31, 325, 464, 463, 451, 7, 432, 377, 134, 156, 372, 89, 298, 104, 489, 126, 72, 295, 472, 227, 431, 125, 32, 449, 63, 149, 174, 351, 280, 321, 281, 327, 53, 308, 348, 10, 55, 77, 163, 45, 93, 84, 221, 187, 57, 52, 107, 8, 155, 54, 142, 152, 192, 148, 336), (258, 320, 383, 430, 462, 364, 216, 240, 229, 316, 213, 244, 344, 196, 286, 177, 468, 292, 382, 200, 311, 193, 37, 236, 238, 139, 466, 14, 83, 261, 130, 242, 13, 408, 369, 184, 260, 347, 255, 476, 99, 46, 498, 487, 381, 28, 103, 191, 265, 352, 482, 188, 154, 60, 59, 362, 287, 176, 319, 456, 43, 168, 79, 241, 38, 164, 285, 161, 326, 276, 361, 124, 197, 367, 179, 288, 354, 404, 94, 140, 368, 378, 243, 477, 343, 205, 15, 345, 194, 338, 195, 342, 375, 391, 214, 249, 312, 350, 218, 376, 247, 6, 85, 289, 313, 201, 304, 271, 394, 279, 335, 353, 339, 357, 117, 175, 282, 186, 507, 181, 373, 151, 22, 349, 251, 222, 273, 323, 267, 226, 232, 294, 215, 225, 36), 74.43804878048775, 46.657481481481554, 160.11359037461082
(185, 183, 355, 108, 478, 166, 274, 486, 5, 480, 470, 25, 479, 252, 127, 407, 178, 253, 231, 209, 402, 297, 111, 82, 157, 303, 245, 366, 501, 246, 167, 128, 384, 189, 435, 410, 120, 75, 173, 365, 230, 74, 399, 68, 86, 26, 27, 23, 190, 101, 66, 153, 293, 447, 95, 315, 158, 283, 333, 374, 337, 143, 309, 70, 24, 278, 220, 491, 162, 277, 33, 436, 440, 314, 98, 358, 291, 182), (442, 419, 433, 494, 92, 461, 135, 254, 90, 144, 96, 114, 270, 248, 340, 438, 412, 41, 485, 415, 389, 18, 21, 122, 396, 19, 20, 17, 411, 42, 165, 465, 495, 397, 409, 35, 171, 490, 395, 388, 413, 504, 481, 401, 441, 62, 234, 484, 115, 47, 233, 106, 109, 262, 266, 359, 492, 56, 300, 118, 437, 58, 454, 275, 81, 137, 444, 299, 78, 131, 467, 450, 202, 110, 133, 159, 206, 334, 51, 9, 50, 421, 123, 119, 204, 3, 322, 146, 2, 147, 331, 426, 269, 428, 503, 224, 259, 1, 256, 141, 493, 508, 406, 392, 443, 317, 488, 318, 346, 423, 414, 425, 505, 393, 116, 301, 390, 49, 257, 150, 427, 429, 457, 302, 145, 446, 39, 87, 475, 471, 268, 455, 170, 239, 100, 80, 500, 434, 473, 64, 136, 499, 459, 132, 469, 417, 386, 445, 91, 129, 31, 325, 464, 463, 451, 7, 432, 377, 134, 156, 372, 89, 298, 104, 489, 126, 72, 295, 472, 227, 431, 125, 32, 449, 63, 149, 174, 351, 280, 321, 281, 327, 53, 308, 348, 10, 55, 77, 163, 45, 93, 84, 221, 187, 57, 52, 107, 8, 155, 54, 142, 152, 192, 148, 336, 258, 320, 383, 430, 462, 364, 216, 240, 229, 316, 213, 244, 344, 196, 286, 177, 468, 292, 382, 200, 311, 193, 37, 236, 238, 139, 466, 14, 83, 261, 130, 242, 13, 408, 369, 184, 260, 347, 255, 476, 99, 46, 498, 487, 381, 28, 103, 191, 265, 352, 482, 188, 154, 60, 59, 362, 287, 176, 319, 456, 43, 168, 79, 241, 38, 164, 285, 161, 326, 276, 361, 124, 197, 367, 179, 288, 354, 404, 94, 140, 368, 378, 243, 477, 343, 205, 15, 345, 194, 338, 195, 342, 375, 391, 214, 249, 312, 350, 218, 376, 247, 6, 85, 289, 313, 201, 304, 271, 394, 279, 335, 353, 339, 357, 117, 175, 282, 186, 507, 181, 373, 151, 22, 349, 251, 222, 273, 323, 267, 226, 232, 294, 215, 225, 36), 20.59794871794869, 125.22502941176461, 166.1594399960939
