r_u, r_v, r_u SSD, r_v SSD, r_u and r_v SSD
(74,), (407,), 0.0, 0.0, 0.10999999999999993
(321,), (280,), 0.0, 0.0, 0.11499999999999995
(193,), (286,), 0.0, 0.0, 0.19000000000000006
(353,), (381,), 0.0, 0.0, 0.235
(498,), (335,), 0.0, 0.0, 0.275
(431,), (461,), 0.0, 0.0, 0.2900000000000001
(156,), (503,), 0.0, 0.0, 0.29500000000000004
(21,), (481,), 0.0, 0.0, 0.31499999999999995
(489,), (377,), 0.0, 0.0, 0.3699999999999998
(36,), (215,), 0.0, 0.0, 0.37500000000000006
(444,), (450,), 0.0, 0.0, 0.37500000000000006
(318,), (378,), 0.0, 0.0, 0.39500000000000013
(134,), (129,), 0.0, 0.0, 0.42999999999999977
(433,), (469,), 0.0, 0.0, 0.4400000000000001
(406,), (317,), 0.0, 0.0, 0.47000000000000036
(78,), (299,), 0.0, 0.0, 0.47499999999999976
(81,), (454,), 0.0, 0.0, 0.4900000000000003
(236,), (229,), 0.0, 0.0, 0.5099999999999998
(311,), (375,), 0.0, 0.0, 0.5149999999999999
(508,), (443,), 0.0, 0.0, 0.5150000000000001
(239,), (508, 443), 0.0, 0.5150000000000001, 0.2783333333333333
(409,), (21, 481), 0.0, 0.31499999999999995, 0.5316666666666668
(91,), (168,), 0.0, 0.0, 0.55
(475,), (429,), 0.0, 0.0, 0.565
(13,), (130,), 0.0, 0.0, 0.5650000000000005
(4,), (211,), 0.0, 0.0, 0.5700000000000002
(507,), (36, 215), 0.0, 0.37500000000000006, 0.5849999999999996
(273,), (309,), 0.0, 0.0, 0.5850000000000001
(115,), (233,), 0.0, 0.0, 0.5900000000000005
(159,), (78, 299), 0.0, 0.47499999999999976, 0.6583333333333333
(67,), (69,), 0.0, 0.0, 0.685
(258,), (383,), 0.0, 0.0, 0.6899999999999996
(417,), (489, 377), 0.0, 0.3699999999999998, 0.6899999999999997
(334,), (51,), 0.0, 0.0, 0.6950000000000005
(120,), (402,), 0.0, 0.0, 0.7050000000000002
(189,), (230,), 0.0, 0.0, 0.7100000000000001
(212,), (253,), 0.0, 0.0, 0.7150000000000004
(197,), (326,), 0.0, 0.0, 0.7249999999999999
(80,), (114,), 0.0, 0.0, 0.7500000000000001
(202,), (133,), 0.0, 0.0, 0.755
(222,), (186,), 0.0, 0.0, 0.7599999999999999
(60,), (59,), 0.0, 0.0, 0.7699999999999999
(260,), (255,), 0.0, 0.0, 0.7700000000000001
(341,), (4, 211), 0.0, 0.5700000000000002, 0.7700000000000001
(220,), (182,), 0.0, 0.0, 0.775
(285,), (197, 326), 0.0, 0.7249999999999999, 0.7883333333333333
(48,), (121,), 0.0, 0.0, 0.8199999999999998
(424,), (48, 121), 0.0, 0.8199999999999998, 0.6466666666666663
(174,), (63,), 0.0, 0.0, 0.82
(213,), (316,), 0.0, 0.0, 0.8500000000000001
(392,), (406, 317), 0.0, 0.47000000000000036, 0.8566666666666668
(178,), (274,), 0.0, 0.0, 0.8699999999999998
(313,), (462,), 0.0, 0.0, 0.8700000000000002
(31,), (270,), 0.0, 0.0, 0.875
(135,), (31, 270), 0.0, 0.875, 0.7716666666666663
(254,), (135, 31, 270), 0.0, 1.6466666666666665, 0.7458333333333333
(298,), (259,), 0.0, 0.0, 0.8799999999999998
(99,), (339,), 0.0, 0.0, 0.88
(359,), (492,), 0.0, 0.0, 0.885
(395,), (484,), 0.0, 0.0, 0.8949999999999996
(358,), (304,), 0.0, 0.0, 0.8950000000000002
(89,), (386,), 0.0, 0.0, 0.9150000000000001
(417, 489, 377), (89, 386), 1.0599999999999996, 0.9150000000000001, 0.45300000000000074
(64,), (499,), 0.0, 0.0, 0.9499999999999994
(15,), (408,), 0.0, 0.0, 0.9699999999999999
(295,), (234,), 0.0, 0.0, 0.9900000000000003
(346,), (488,), 0.0, 0.0, 0.9950000000000001
(356,), (314,), 0.0, 0.0, 1.0049999999999994
(495,), (451,), 0.0, 0.0, 1.01
(394,), (476,), 0.0, 0.0, 1.0150000000000001
(6,), (85,), 0.0, 0.0, 1.0300000000000002
(254, 135, 31, 270), (64, 499), 2.3925, 0.9499999999999995, 1.0358333333333336
(171,), (35,), 0.0, 0.0, 1.04
(14,), (345,), 0.0, 0.0, 1.0400000000000005
(240,), (193, 286), 0.0, 0.19000000000000009, 1.0499999999999998
(100,), (39,), 0.0, 0.0, 1.0599999999999996
(251,), (273, 309), 0.0, 0.5850000000000001, 1.0616666666666665
(142,), (152,), 0.0, 0.0, 1.0699999999999998
(432,), (445,), 0.0, 0.0, 1.0699999999999998
(312,), (249,), 0.0, 0.0, 1.0749999999999993
(57,), (148,), 0.0, 0.0, 1.0749999999999997
(128,), (219,), 0.0, 0.0, 1.0799999999999998
(475, 429), (100, 39), 0.565, 1.0599999999999996, 1.0975000000000001
(217,), (506,), 0.0, 0.0, 1.1099999999999999
(83,), (466,), 0.0, 0.0, 1.1150000000000002
(472,), (431, 461), 0.0, 0.29000000000000004, 1.1166666666666667
(281,), (321, 280), 0.0, 0.11499999999999995, 1.1250000000000002
(391,), (281, 321, 280), 0.0, 1.2400000000000002, 1.1525000000000007
(167,), (453,), 0.0, 0.0, 1.1549999999999996
(501,), (167, 453), 0.0, 1.1549999999999996, 1.1516666666666673
(244,), (213, 316), 0.0, 0.8500000000000001, 1.1700000000000004
(200,), (320,), 0.0, 0.0, 1.1949999999999998
(493,), (254, 135, 31, 270, 64, 499), 0.0, 4.378333333333333, 1.2130952380952387
(500,), (434,), 0.0, 0.0, 1.2550000000000003
(118,), (444, 450), 0.0, 0.3750000000000001, 1.2649999999999997
(195,), (367,), 0.0, 0.0, 1.2650000000000001
(143,), (138,), 0.0, 0.0, 1.285
(160,), (143, 138), 0.0, 1.285, 1.135
(22,), (160, 143, 138), 0.0, 2.42, 1.1050000000000004
(420,), (264,), 0.0, 0.0, 1.2950000000000004
(401,), (409, 21, 481), 0.0, 0.8466666666666668, 1.3033333333333332
(150,), (49,), 0.0, 0.0, 1.3100000000000003
(117,), (222, 186), 0.0, 0.7599999999999999, 1.3199999999999998
(95,), (315,), 0.0, 0.0, 1.3299999999999996
(19,), (62,), 0.0, 0.0, 1.33
(269,), (428,), 0.0, 0.0, 1.35
(393,), (239, 508, 443), 0.0, 0.7933333333333334, 1.3791666666666669
(414,), (415,), 0.0, 0.0, 1.395
(456,), (414, 415), 0.0, 1.3949999999999998, 0.8649999999999998
(216,), (240, 193, 286), 0.0, 1.24, 1.4000000000000004
(312, 249), (200, 320), 1.0749999999999993, 1.1949999999999998, 1.4000000000000012
(194,), (342,), 0.0, 0.0, 1.4049999999999998
(216, 240, 193, 286), (194, 342), 2.64, 1.405, 1.2333333333333347
(491,), (75,), 0.0, 0.0, 1.4349999999999996
(25,), (278,), 0.0, 0.0, 1.435
(271,), (282,), 0.0, 0.0, 1.4499999999999997
(235,), (420, 264), 0.0, 1.2950000000000004, 1.451666666666666
(41,), (134, 129), 0.0, 0.42999999999999977, 1.463333333333333
(349,), (216, 240, 193, 286, 194, 342), 0.0, 5.278333333333335, 1.467380952380947
(261,), (13, 130), 0.0, 0.5650000000000005, 1.468333333333333
(72,), (174, 63), 0.0, 0.82, 1.4933333333333332
(343,), (260, 255), 0.0, 0.7700000000000001, 1.496666666666667
(189, 230), (424, 48, 121), 0.71, 1.466666666666666, 1.4993333333333336
(319,), (91, 168), 0.0, 0.55, 1.503333333333333
(157,), (440,), 0.0, 0.0, 1.5300000000000002
(340,), (227,), 0.0, 0.0, 1.5650000000000004
(96,), (144,), 0.0, 0.0, 1.575
(170,), (96, 144), 0.0, 1.575, 1.5850000000000004
(388,), (395, 484), 0.0, 0.8949999999999996, 1.611666666666666
(37,), (179,), 0.0, 0.0, 1.6199999999999999
(151,), (294,), 0.0, 0.0, 1.6449999999999998
(301,), (161,), 0.0, 0.0, 1.6549999999999996
(98,), (220, 182), 0.0, 0.775, 1.6583333333333345
(263,), (98, 220, 182), 0.0, 2.4333333333333345, 1.4116666666666675
(18,), (122,), 0.0, 0.0, 1.6599999999999997
(333,), (284,), 0.0, 0.0, 1.6749999999999994
(313, 462), (244, 213, 316), 0.8700000000000002, 2.02, 1.6900000000000013
(153,), (225,), 0.0, 0.0, 1.6949999999999998
(127,), (185,), 0.0, 0.0, 1.7100000000000004
(175,), (507, 36, 215), 0.0, 0.96, 1.7399999999999998
(113,), (95, 315), 0.0, 1.3299999999999996, 1.7499999999999996
(457,), (475, 429, 100, 39), 0.0, 2.7224999999999993, 1.7654999999999994
(8,), (52,), 0.0, 0.0, 1.7799999999999998
(288,), (195, 367), 0.0, 1.2650000000000001, 1.7816666666666667
(351,), (376,), 0.0, 0.0, 1.7950000000000004
(392, 406, 317), (301, 161), 1.326666666666667, 1.6549999999999996, 1.798333333333333
(479,), (366,), 0.0, 0.0, 1.8050000000000002
(176,), (298, 259), 0.0, 0.8799999999999998, 1.8066666666666664
(126,), (176, 298, 259), 0.0, 2.686666666666666, 1.1683333333333334
(365,), (74, 407), 0.0, 0.10999999999999992, 1.8166666666666669
(261, 13, 130), (343, 260, 255), 2.033333333333333, 2.266666666666667, 1.8283333333333327
(369,), (261, 13, 130, 343, 260, 255), 0.0, 6.128333333333332, 1.7030952380952389
(257,), (268,), 0.0, 0.0, 1.8300000000000003
(20,), (171, 35), 0.0, 1.04, 1.833333333333333
(292,), (311, 375), 0.0, 0.5149999999999999, 1.8383333333333336
(132,), (433, 469), 0.0, 0.4400000000000001, 1.8466666666666665
(184,), (15, 408), 0.0, 0.9699999999999999, 1.856666666666667
(82,), (470,), 0.0, 0.0, 1.8650000000000002
(495, 451), (20, 171, 35), 1.01, 2.8733333333333335, 1.8766666666666683
(427,), (495, 451, 20, 171, 35), 0.0, 5.760000000000001, 1.711666666666666
(430,), (312, 249, 200, 320), 0.0, 3.67, 1.8779999999999992
(387,), (422,), 0.0, 0.0, 1.9000000000000001
(384,), (128, 219), 0.0, 1.0799999999999998, 1.913333333333333
(346, 488), (392, 406, 317, 301, 161), 0.9950000000000001, 4.7799999999999985, 1.9164285714285727
(111,), (297,), 0.0, 0.0, 1.92
(467,), (202, 133), 0.0, 0.755, 1.9250000000000007
(107,), (56,), 0.0, 0.0, 1.935
(372,), (156, 503), 0.0, 0.29500000000000004, 1.9583333333333337
(471,), (269, 428), 0.0, 1.35, 1.9966666666666666
(43,), (124,), 0.0, 0.0, 2.0300000000000002
(364,), (258, 383), 0.0, 0.6899999999999996, 2.030000000000001
(155,), (8, 52), 0.0, 1.7799999999999998, 2.033333333333334
(463,), (459,), 0.0, 0.0, 2.045
(330,), (22, 160, 143, 138), 0.0, 3.5250000000000004, 2.0589999999999993
(162,), (358, 304), 0.0, 0.8950000000000002, 2.0716666666666668
(145,), (446,), 0.0, 0.0, 2.0749999999999997
(275,), (300,), 0.0, 0.0, 2.0949999999999998
(146,), (142, 152), 0.0, 1.0699999999999998, 2.096666666666668
(158,), (251, 273, 309), 0.0, 1.6466666666666667, 2.108333333333333
(50,), (421,), 0.0, 0.0, 2.125
(80, 114), (471, 269, 428), 0.7500000000000001, 3.3466666666666667, 2.1553333333333344
(486,), (178, 274), 0.0, 0.8699999999999998, 2.1700000000000004
(390,), (388, 395, 484), 0.0, 2.5066666666666655, 2.178333333333333
(232,), (373,), 0.0, 0.0, 2.2199999999999998
(196,), (236, 229), 0.0, 0.5099999999999998, 2.256666666666667
(26,), (103,), 0.0, 0.0, 2.2750000000000004
(474,), (479, 366), 0.0, 1.8050000000000002, 2.308333333333333
(355,), (474, 479, 366), 0.0, 4.113333333333333, 2.064166666666667
(207,), (355, 474, 479, 366), 0.0, 6.177500000000001, 2.0024999999999995
(190,), (101,), 0.0, 0.0, 2.315
(356, 314), (6, 85), 1.0049999999999994, 1.0300000000000002, 2.3474999999999997
(277,), (356, 314, 6, 85), 0.0, 4.3824999999999985, 2.1735000000000015
(365, 74, 407), (277, 356, 314, 6, 85), 1.9266666666666667, 6.556, 1.9148333333333323
(396,), (401, 409, 21, 481), 0.0, 2.15, 2.357999999999999
(283,), (330, 22, 160, 143, 138), 0.0, 5.584000000000001, 2.374333333333336
(247,), (354,), 0.0, 0.0, 2.395
(33,), (157, 440), 0.0, 1.5300000000000002, 2.4099999999999993
(436,), (33, 157, 440), 0.0, 3.9400000000000004, 2.262500000000001
(119,), (204,), 0.0, 0.0, 2.415
(123,), (119, 204), 0.0, 2.415, 1.038333333333333
(472, 431, 461), (132, 433, 469), 1.4066666666666672, 2.2866666666666675, 2.4416666666666647
(361,), (318, 378), 0.0, 0.39500000000000013, 2.445
(46,), (394, 476), 0.0, 1.0150000000000001, 2.4450000000000007
(137,), (359, 492), 0.0, 0.885, 2.4483333333333324
(54,), (10,), 0.0, 0.0, 2.45
(221,), (262,), 0.0, 0.0, 2.454999999999999
(47,), (149,), 0.0, 0.0, 2.455
(360,), (212, 253), 0.0, 0.7150000000000004, 2.4583333333333335
(79,), (423,), 0.0, 0.0, 2.4699999999999998
(491, 75), (486, 178, 274), 1.4349999999999996, 3.039999999999999, 2.4850000000000003
(7,), (41, 134, 129), 0.0, 1.8933333333333329, 2.5016666666666665
(291,), (162, 358, 304), 0.0, 2.966666666666668, 2.5133333333333345
(313, 462, 244, 213, 316), (175, 507, 36, 215), 4.580000000000002, 2.6999999999999997, 2.5777777777777784
(416,), (341, 4, 211), 0.0, 1.3400000000000003, 2.6150000000000007
(136,), (493, 254, 135, 31, 270, 64, 499), 0.0, 5.5914285714285725, 2.616071428571429
(437,), (145, 446), 0.0, 2.0749999999999997, 2.6316666666666664
(80, 114, 471, 269, 428), (437, 145, 446), 6.252, 4.706666666666666, 1.742583333333334
(159, 78, 299), (80, 114, 471, 269, 428, 437, 145, 446), 1.133333333333333, 12.701250000000003, 1.9563257575757582
(77,), (159, 78, 299, 80, 114, 471, 269, 428, 437, 145, 446), 0.0, 15.790909090909091, 2.26659090909091
(163,), (77, 159, 78, 299, 80, 114, 471, 269, 428, 437, 145, 446), 0.0, 18.057499999999997, 2.630192307692326
(9,), (107, 56), 0.0, 1.935, 2.651666666666666
(238,), (196, 236, 229), 0.0, 2.7666666666666657, 2.6808333333333323
(94,), (351, 376), 0.0, 1.7950000000000004, 2.6983333333333337
(327,), (99, 339), 0.0, 0.88, 2.706666666666666
(505,), (425,), 0.0, 0.0, 2.715
(404,), (344,), 0.0, 0.0, 2.7150000000000003
(177,), (404, 344), 0.0, 2.7150000000000003, 2.565
(55,), (163, 77, 159, 78, 299, 80, 114, 471, 269, 428, 437, 145, 446), 0.0, 20.687692307692313, 2.7301648351648353
(155, 8, 52), (55, 163, 77, 159, 78, 299, 80, 114, 471, 269, 428, 437, 145, 446), 3.8133333333333335, 23.417857142857144, 1.74175070028011
(329,), (452,), 0.0, 0.0, 2.75
(385,), (329, 452), 0.0, 2.75, 1.71
(248,), (136, 493, 254, 135, 31, 270, 64, 499), 0.0, 8.207500000000003, 2.7547222222222203
(165,), (372, 156, 503), 0.0, 2.253333333333334, 2.791666666666667
(17,), (18, 122), 0.0, 1.6599999999999997, 2.7933333333333334
(382,), (37, 179), 0.0, 1.6199999999999997, 2.7933333333333343
(411,), (432, 445), 0.0, 1.07, 2.8233333333333346
(504,), (411, 432, 445), 0.0, 3.8933333333333344, 2.0891666666666664
(201,), (357,), 0.0, 0.0, 2.825
(38,), (116,), 0.0, 0.0, 2.8449999999999998
(447,), (153, 225), 0.0, 1.6949999999999998, 2.845
(324,), (360, 212, 253), 0.0, 3.173333333333333, 2.849166666666667
(214,), (391, 281, 321, 280), 0.0, 2.392500000000001, 2.851499999999998
(209,), (435,), 0.0, 0.0, 2.87
(349, 216, 240, 193, 286, 194, 342), (292, 311, 375), 6.745714285714284, 2.3533333333333335, 2.89895238095239
(418,), (458,), 0.0, 0.0, 2.9099999999999993
(387, 422), (418, 458), 1.9, 2.91, 2.6550000000000007
(490,), (427, 495, 451, 20, 171, 35), 0.0, 7.471666666666667, 2.9169047619047586
(90,), (340, 227), 0.0, 1.5650000000000004, 2.9283333333333337
(456, 414, 415), (79, 423), 2.26, 2.4699999999999998, 2.9339999999999997
(14, 345), (184, 15, 408), 1.0400000000000005, 2.826666666666666, 2.9373333333333322
(243,), (14, 345, 184, 15, 408), 0.0, 6.803999999999998, 2.9310000000000045
(32,), (7, 41, 134, 129), 0.0, 4.3950000000000005, 2.948999999999999
(472, 431, 461, 132, 433, 469), (32, 7, 41, 134, 129), 6.134999999999999, 7.3439999999999985, 2.5010000000000083
(456, 414, 415, 79, 423), (472, 431, 461, 132, 433, 469, 32, 7, 41, 134, 129), 7.664000000000001, 15.980000000000002, 2.2541249999999984
(2,), (3,), 0.0, 0.0, 2.9700000000000006
(147,), (2, 3), 0.0, 2.9700000000000006, 2.243333333333333
(410,), (365, 74, 407, 277, 356, 314, 6, 85), 0.0, 10.397499999999997, 3.0047222222222185
(368,), (243, 14, 345, 184, 15, 408), 0.0, 9.735000000000001, 3.005000000000001
(337,), (283, 330, 22, 160, 143, 138), 0.0, 7.958333333333336, 3.0788095238095243
(141,), (248, 136, 493, 254, 135, 31, 270, 64, 499), 0.0, 10.962222222222222, 3.0917777777777875
(247, 354), (94, 351, 376), 2.395, 4.493333333333334, 3.0996666666666637
(465,), (463, 459), 0.0, 2.045, 3.1016666666666666
(72, 174, 63), (327, 99, 339), 2.313333333333333, 3.586666666666666, 3.106666666666667
(393, 239, 508, 443), (346, 488, 392, 406, 317, 301, 161), 2.1724999999999994, 7.691428571428571, 3.1233441558441557
(374,), (333, 284), 0.0, 1.6749999999999994, 3.1249999999999996
(237,), (374, 333, 284), 0.0, 4.799999999999999, 2.8075000000000037
(455,), (150, 49), 0.0, 1.3100000000000003, 3.136666666666667
(257, 268), (275, 300), 1.8300000000000005, 2.0949999999999998, 3.1475000000000013
(81, 454), (257, 268, 275, 300), 0.4900000000000004, 7.072500000000001, 1.9591666666666647
(302,), (81, 454, 257, 268, 275, 300), 0.0, 9.521666666666667, 2.6240476190476176
(92,), (456, 414, 415, 79, 423, 472, 431, 461, 132, 433, 469, 32, 7, 41, 134, 129), 0.0, 25.898124999999997, 3.1748161764705856
(70,), (217, 506), 0.0, 1.1099999999999999, 3.2566666666666673
(173,), (235, 420, 264), 0.0, 2.746666666666666, 3.320833333333334
(228,), (173, 235, 420, 264), 0.0, 6.067500000000001, 2.4604999999999997
(353, 381), (247, 354, 94, 351, 376), 0.235, 9.988000000000003, 3.3227142857142855
(110,), (47, 149), 0.0, 2.455, 3.331666666666667
(117, 222, 186), (158, 251, 273, 309), 2.0799999999999996, 3.7549999999999994, 3.3392857142857135
(192,), (322,), 0.0, 0.0, 3.3400000000000003
(57, 148), (192, 322), 1.0749999999999997, 3.3400000000000003, 1.6724999999999994
(369, 261, 13, 130, 343, 260, 255), (368, 243, 14, 345, 184, 15, 408), 7.83142857142857, 12.74, 3.3614285714285757
(308,), (155, 8, 52, 55, 163, 77, 159, 78, 299, 80, 114, 471, 269, 428, 437, 145, 446), 0.0, 28.972941176470588, 3.4409477124182892
(352,), (271, 282), 0.0, 1.4499999999999997, 3.47
(106,), (109,), 0.0, 0.0, 3.535
(224,), (165, 372, 156, 503), 0.0, 5.045000000000001, 3.567000000000002
(256,), (505, 425), 0.0, 2.715, 3.591666666666666
(347,), (369, 261, 13, 130, 343, 260, 255, 368, 243, 14, 345, 184, 15, 408), 0.0, 23.932857142857145, 3.6138095238095396
(19, 62), (396, 401, 409, 21, 481), 1.33, 4.507999999999998, 3.6334285714285706
(362,), (60, 59), 0.0, 0.7699999999999999, 3.656666666666667
(181,), (232, 373), 0.0, 2.22, 3.6799999999999984
(180,), (209, 435), 0.0, 2.8699999999999997, 3.7566666666666664
(319, 91, 168), (126, 176, 298, 259), 2.053333333333333, 3.854999999999999, 3.77738095238095
(188,), (382, 37, 179), 0.0, 4.413333333333334, 3.854166666666666
(289,), (291, 162, 358, 304), 0.0, 5.480000000000002, 3.8880000000000043
(201, 357), (289, 291, 162, 358, 304), 2.825, 9.368000000000004, 2.867000000000007
(24,), (337, 283, 330, 22, 160, 143, 138), 0.0, 11.037142857142861, 3.975357142857142
(151, 294), (238, 196, 236, 229), 1.6449999999999998, 5.447499999999999, 4.024166666666666
(498, 335), (46, 394, 476), 0.275, 3.460000000000001, 4.036999999999999
(111, 297), (436, 33, 157, 440), 1.9200000000000002, 6.202500000000001, 4.075833333333331
(449,), (485,), 0.0, 0.0, 4.1
(397,), (504, 411, 432, 445), 0.0, 5.982500000000002, 4.1575
(295, 234), (302, 81, 454, 257, 268, 275, 300), 0.9900000000000003, 12.145714285714286, 4.164285714285713
(417, 489, 377, 89, 386), (295, 234, 302, 81, 454, 257, 268, 275, 300), 2.428, 17.300000000000008, 3.6112857142857067
(72, 174, 63, 327, 99, 339), (417, 489, 377, 89, 386, 295, 234, 302, 81, 454, 257, 268, 275, 300), 9.006666666666668, 23.33928571428572, 4.1135476190476155
(416, 341, 4, 211), (387, 422, 418, 458), 3.955000000000001, 7.465000000000002, 4.202500000000003
(25, 278), (201, 357, 289, 291, 162, 358, 304), 1.435, 15.060000000000006, 4.260555555555552
(117, 222, 186, 158, 251, 273, 309), (25, 278, 201, 357, 289, 291, 162, 358, 304), 9.174285714285713, 20.755555555555564, 3.826408730158729
(191,), (66,), 0.0, 0.0, 4.265000000000001
(246,), (501, 167, 453), 0.0, 2.306666666666667, 4.380833333333335
(325,), (490, 427, 495, 451, 20, 171, 35), 0.0, 10.388571428571428, 4.447678571428574
(308, 155, 8, 52, 55, 163, 77, 159, 78, 299, 80, 114, 471, 269, 428, 437, 145, 446), (325, 490, 427, 495, 451, 20, 171, 35), 32.41388888888888, 14.836250000000003, 3.3275534188034754
(412,), (92, 456, 414, 415, 79, 423, 472, 431, 461, 132, 433, 469, 32, 7, 41, 134, 129), 0.0, 29.072941176470582, 4.459281045751666
(245,), (478,), 0.0, 0.0, 4.465
(491, 75, 486, 178, 274), (245, 478), 6.959999999999999, 4.465, 3.2635714285714315
(464,), (465, 463, 459), 0.0, 5.1466666666666665, 4.545833333333333
(104,), (464, 465, 463, 459), 0.0, 9.692499999999999, 3.9834999999999994
(76,), (70, 217, 506), 0.0, 4.366666666666667, 4.558333333333336
(500, 434), (412, 92, 456, 414, 415, 79, 423, 472, 431, 461, 132, 433, 469, 32, 7, 41, 134, 129), 1.2550000000000003, 33.532222222222245, 4.617277777777789
(430, 312, 249, 200, 320), (364, 258, 383), 5.547999999999999, 2.72, 4.674500000000004
(177, 404, 344), (151, 294, 238, 196, 236, 229), 5.28, 11.116666666666665, 4.752222222222229
(267,), (177, 404, 344, 151, 294, 238, 196, 236, 229), 0.0, 21.148888888888894, 4.194111111111109
(349, 216, 240, 193, 286, 194, 342, 292, 311, 375), (181, 232, 373), 11.998000000000001, 5.8999999999999995, 4.795846153846156
(131,), (187,), 0.0, 0.0, 4.895000000000001
(45,), (93,), 0.0, 0.0, 5.015000000000001
(308, 155, 8, 52, 55, 163, 77, 159, 78, 299, 80, 114, 471, 269, 428, 437, 145, 446, 325, 490, 427, 495, 451, 20, 171, 35), (131, 187), 50.5776923076923, 4.895000000000001, 5.0255219780219775
(467, 202, 133), (110, 47, 149), 2.6799999999999993, 5.786666666666666, 5.041666666666667
(353, 381, 247, 354, 94, 351, 376), (430, 312, 249, 200, 320, 364, 258, 383), 13.545714285714284, 12.942499999999999, 5.085119047619051
(72, 174, 63, 327, 99, 339, 417, 489, 377, 89, 386, 295, 234, 302, 81, 454, 257, 268, 275, 300), (353, 381, 247, 354, 94, 351, 376, 430, 312, 249, 200, 320, 364, 258, 383), 36.45950000000003, 31.573333333333338, 3.723738095238133
(397, 504, 411, 432, 445), (72, 174, 63, 327, 99, 339, 417, 489, 377, 89, 386, 295, 234, 302, 81, 454, 257, 268, 275, 300, 353, 381, 247, 354, 94, 351, 376, 430, 312, 249, 200, 320, 364, 258, 383), 10.140000000000004, 71.75657142857143, 4.804928571428505
(308, 155, 8, 52, 55, 163, 77, 159, 78, 299, 80, 114, 471, 269, 428, 437, 145, 446, 325, 490, 427, 495, 451, 20, 171, 35, 131, 187), (397, 504, 411, 432, 445, 72, 174, 63, 327, 99, 339, 417, 489, 377, 89, 386, 295, 234, 302, 81, 454, 257, 268, 275, 300, 353, 381, 247, 354, 94, 351, 376, 430, 312, 249, 200, 320, 364, 258, 383), 60.49821428571423, 86.70149999999998, 2.4874915966389395
(361, 318, 378), (347, 369, 261, 13, 130, 343, 260, 255, 368, 243, 14, 345, 184, 15, 408), 2.8399999999999994, 27.546666666666663, 5.127222222222212
(127, 185), (491, 75, 486, 178, 274, 245, 478), 1.7100000000000004, 14.688571428571423, 5.165873015873007
(43, 124), (393, 239, 508, 443, 346, 488, 392, 406, 317, 301, 161), 2.0300000000000002, 12.987272727272725, 5.279650349650347
(361, 318, 378, 347, 369, 261, 13, 130, 343, 260, 255, 368, 243, 14, 345, 184, 15, 408), (43, 124, 393, 239, 508, 443, 346, 488, 392, 406, 317, 301, 161), 35.51388888888887, 20.296923076923083, 4.098220292252535
(27,), (191, 66), 0.0, 4.265000000000001, 5.301666666666668
(303,), (82, 470), 0.0, 1.8650000000000002, 5.328333333333333
(426,), (308, 155, 8, 52, 55, 163, 77, 159, 78, 299, 80, 114, 471, 269, 428, 437, 145, 446, 325, 490, 427, 495, 451, 20, 171, 35, 131, 187, 397, 504, 411, 432, 445, 72, 174, 63, 327, 99, 339, 417, 489, 377, 89, 386, 295, 234, 302, 81, 454, 257, 268, 275, 300, 353, 381, 247, 354, 94, 351, 376, 430, 312, 249, 200, 320, 364, 258, 383), 0.0, 149.68720588235288, 5.3745332480818035
(218,), (288, 195, 367), 0.0, 3.046666666666667, 5.505833333333335
(42,), (500, 434, 412, 92, 456, 414, 415, 79, 423, 472, 431, 461, 132, 433, 469, 32, 7, 41, 134, 129), 0.0, 39.4045, 5.525976190476236
(118, 444, 450), (137, 359, 492), 1.6399999999999997, 3.3333333333333317, 5.52666666666667
(348,), (57, 148, 192, 322), 0.0, 6.0874999999999995, 5.5284999999999975
(480,), (111, 297, 436, 33, 157, 440), 0.0, 12.198333333333334, 5.550238095238111
(190, 101), (24, 337, 283, 330, 22, 160, 143, 138), 2.315, 15.012500000000005, 5.585500000000012
(113, 95, 315), (410, 365, 74, 407, 277, 356, 314, 6, 85), 3.0799999999999996, 13.402222222222225, 5.660277777777772
(331,), (54, 10), 0.0, 2.45, 5.67
(147, 2, 3), (331, 54, 10), 5.213333333333334, 8.12, 4.796666666666666
(208,), (263, 98, 220, 182), 0.0, 3.8450000000000015, 5.726999999999997
(180, 209, 435), (208, 263, 98, 220, 182), 6.626666666666668, 9.571999999999997, 5.540083333333333
(324, 360, 212, 253), (180, 209, 435, 208, 263, 98, 220, 182), 6.0225, 21.738749999999996, 5.370416666666678
(125,), (494,), 0.0, 0.0, 5.7299999999999995
(442,), (125, 494), 0.0, 5.7299999999999995, 5.283333333333333
(164,), (42, 500, 434, 412, 92, 456, 414, 415, 79, 423, 472, 431, 461, 132, 433, 469, 32, 7, 41, 134, 129), 0.0, 44.9304761904762, 5.738160173160182
(90, 340, 227), (164, 42, 500, 434, 412, 92, 456, 414, 415, 79, 423, 472, 431, 461, 132, 433, 469, 32, 7, 41, 134, 129), 4.493333333333334, 50.6686363636364, 5.538830303030288
(23,), (117, 222, 186, 158, 251, 273, 309, 25, 278, 201, 357, 289, 291, 162, 358, 304), 0.0, 33.75625, 5.856691176470584
(426, 308, 155, 8, 52, 55, 163, 77, 159, 78, 299, 80, 114, 471, 269, 428, 437, 145, 446, 325, 490, 427, 495, 451, 20, 171, 35, 131, 187, 397, 504, 411, 432, 445, 72, 174, 63, 327, 99, 339, 417, 489, 377, 89, 386, 295, 234, 302, 81, 454, 257, 268, 275, 300, 353, 381, 247, 354, 94, 351, 376, 430, 312, 249, 200, 320, 364, 258, 383), (348, 57, 148, 192, 322), 155.06173913043483, 11.615999999999998, 5.865639247943818
(265,), (498, 335, 46, 394, 476), 0.0, 7.772, 5.89966666666667
(319, 91, 168, 126, 176, 298, 259), (265, 498, 335, 46, 394, 476), 9.685714285714282, 13.671666666666669, 4.030311355311365
(338,), (349, 216, 240, 193, 286, 194, 342, 292, 311, 375, 181, 232, 373), 0.0, 22.693846153846156, 5.95543956043954
(86,), (26, 103), 0.0, 2.2750000000000004, 5.971666666666666
(447, 153, 225), (86, 26, 103), 4.54, 8.246666666666668, 5.570000000000001
(223,), (324, 360, 212, 253, 180, 209, 435, 208, 263, 98, 220, 182), 0.0, 33.131666666666675, 6.099102564102559
(84,), (123, 119, 204), 0.0, 3.453333333333333, 6.161666666666667
(221, 262), (84, 123, 119, 204), 2.454999999999999, 9.615, 3.328333333333334
(170, 96, 144), (457, 475, 429, 100, 39), 3.1600000000000006, 4.4879999999999995, 6.205749999999996
(67, 69), (27, 191, 66), 0.685, 9.566666666666668, 6.224333333333334
(287,), (214, 391, 281, 321, 280), 0.0, 5.243999999999999, 6.361000000000002
(38, 116), (361, 318, 378, 347, 369, 261, 13, 130, 343, 260, 255, 368, 243, 14, 345, 184, 15, 408, 43, 124, 393, 239, 508, 443, 346, 488, 392, 406, 317, 301, 161), 2.845, 59.909032258064556, 6.37263440860216
(473,), (141, 248, 136, 493, 254, 135, 31, 270, 64, 499), 0.0, 14.054000000000013, 6.395090909090902
(413,), (19, 62, 396, 401, 409, 21, 481), 0.0, 9.471428571428573, 6.483571428571423
(53,), (426, 308, 155, 8, 52, 55, 163, 77, 159, 78, 299, 80, 114, 471, 269, 428, 437, 145, 446, 325, 490, 427, 495, 451, 20, 171, 35, 131, 187, 397, 504, 411, 432, 445, 72, 174, 63, 327, 99, 339, 417, 489, 377, 89, 386, 295, 234, 302, 81, 454, 257, 268, 275, 300, 353, 381, 247, 354, 94, 351, 376, 430, 312, 249, 200, 320, 364, 258, 383, 348, 57, 148, 192, 322), 0.0, 172.5433783783784, 6.756888288288081
(58,), (53, 426, 308, 155, 8, 52, 55, 163, 77, 159, 78, 299, 80, 114, 471, 269, 428, 437, 145, 446, 325, 490, 427, 495, 451, 20, 171, 35, 131, 187, 397, 504, 411, 432, 445, 72, 174, 63, 327, 99, 339, 417, 489, 377, 89, 386, 295, 234, 302, 81, 454, 257, 268, 275, 300, 353, 381, 247, 354, 94, 351, 376, 430, 312, 249, 200, 320, 364, 258, 383, 348, 57, 148, 192, 322), 0.0, 179.3002666666669, 6.694470175437999
(419,), (90, 340, 227, 164, 42, 500, 434, 412, 92, 456, 414, 415, 79, 423, 472, 431, 461, 132, 433, 469, 32, 7, 41, 134, 129), 0.0, 60.700799999999965, 6.828430769230778
(207, 355, 474, 479, 366), (246, 501, 167, 453), 8.18, 6.687500000000002, 6.9213888888888775
(127, 185, 491, 75, 486, 178, 274, 245, 478), (207, 355, 474, 479, 366, 246, 501, 167, 453), 21.564444444444437, 21.788888888888895, 4.201111111111135
(385, 329, 452), (447, 153, 225, 86, 26, 103), 4.459999999999999, 18.356666666666662, 6.990000000000009
(50, 421), (9, 107, 56), 2.125, 4.586666666666666, 7.024333333333335
(290,), (228, 173, 235, 420, 264), 0.0, 8.527999999999999, 7.117000000000001
(188, 382, 37, 179), (267, 177, 404, 344, 151, 294, 238, 196, 236, 229), 8.2675, 25.343000000000004, 7.265214285714261
(313, 462, 244, 213, 316, 175, 507, 36, 215), (188, 382, 37, 179, 267, 177, 404, 344, 151, 294, 238, 196, 236, 229), 9.85777777777778, 40.875714285714274, 5.240420979986197
(34,), (223, 324, 360, 212, 253, 180, 209, 435, 208, 263, 98, 220, 182), 0.0, 39.23076923076923, 7.287087912087927
(218, 288, 195, 367), (338, 349, 216, 240, 193, 286, 194, 342, 292, 311, 375, 181, 232, 373), 8.552500000000002, 28.64928571428571, 7.331547619047637
(241,), (319, 91, 168, 126, 176, 298, 259, 265, 498, 335, 46, 394, 476), 0.0, 27.387692307692305, 7.391593406593408
(285, 197, 326), (241, 319, 91, 168, 126, 176, 298, 259, 265, 498, 335, 46, 394, 476), 1.5133333333333332, 34.77928571428573, 6.8767927170867935
(189, 230, 424, 48, 121), (416, 341, 4, 211, 387, 422, 418, 458), 3.6759999999999997, 15.622500000000008, 7.487653846153842
(290, 228, 173, 235, 420, 264), (189, 230, 424, 48, 121, 416, 341, 4, 211, 387, 422, 418, 458), 15.645000000000001, 26.786153846153848, 6.164635627530377
(305,), (290, 228, 173, 235, 420, 264, 189, 230, 424, 48, 121, 416, 341, 4, 211, 387, 422, 418, 458), 0.0, 48.5957894736842, 7.191210526315828
(226,), (218, 288, 195, 367, 338, 349, 216, 240, 193, 286, 194, 342, 292, 311, 375, 181, 232, 373), 0.0, 44.53333333333336, 7.914035087719277
(242,), (38, 116, 361, 318, 378, 347, 369, 261, 13, 130, 343, 260, 255, 368, 243, 14, 345, 184, 15, 408, 43, 124, 393, 239, 508, 443, 346, 488, 392, 406, 317, 301, 161), 0.0, 69.12666666666664, 7.974509803921521
(390, 388, 395, 484), (58, 53, 426, 308, 155, 8, 52, 55, 163, 77, 159, 78, 299, 80, 114, 471, 269, 428, 437, 145, 446, 325, 490, 427, 495, 451, 20, 171, 35, 131, 187, 397, 504, 411, 432, 445, 72, 174, 63, 327, 99, 339, 417, 489, 377, 89, 386, 295, 234, 302, 81, 454, 257, 268, 275, 300, 353, 381, 247, 354, 94, 351, 376, 430, 312, 249, 200, 320, 364, 258, 383, 348, 57, 148, 192, 322), 4.685, 185.99473684210517, 8.045013157894743
(146, 142, 152), (390, 388, 395, 484, 58, 53, 426, 308, 155, 8, 52, 55, 163, 77, 159, 78, 299, 80, 114, 471, 269, 428, 437, 145, 446, 325, 490, 427, 495, 451, 20, 171, 35, 131, 187, 397, 504, 411, 432, 445, 72, 174, 63, 327, 99, 339, 417, 489, 377, 89, 386, 295, 234, 302, 81, 454, 257, 268, 275, 300, 353, 381, 247, 354, 94, 351, 376, 430, 312, 249, 200, 320, 364, 258, 383, 348, 57, 148, 192, 322), 3.1666666666666674, 198.72474999999991, 7.899667670682334
(17, 18, 122), (146, 142, 152, 390, 388, 395, 484, 58, 53, 426, 308, 155, 8, 52, 55, 163, 77, 159, 78, 299, 80, 114, 471, 269, 428, 437, 145, 446, 325, 490, 427, 495, 451, 20, 171, 35, 131, 187, 397, 504, 411, 432, 445, 72, 174, 63, 327, 99, 339, 417, 489, 377, 89, 386, 295, 234, 302, 81, 454, 257, 268, 275, 300, 353, 381, 247, 354, 94, 351, 376, 430, 312, 249, 200, 320, 364, 258, 383, 348, 57, 148, 192, 322), 4.453333333333333, 209.79108433734893, 8.010698608386605
(399,), (113, 95, 315, 410, 365, 74, 407, 277, 356, 314, 6, 85), 0.0, 22.1425, 8.295961538461516
(221, 262, 84, 123, 119, 204), (17, 18, 122, 146, 142, 152, 390, 388, 395, 484, 58, 53, 426, 308, 155, 8, 52, 55, 163, 77, 159, 78, 299, 80, 114, 471, 269, 428, 437, 145, 446, 325, 490, 427, 495, 451, 20, 171, 35, 131, 187, 397, 504, 411, 432, 445, 72, 174, 63, 327, 99, 339, 417, 489, 377, 89, 386, 295, 234, 302, 81, 454, 257, 268, 275, 300, 353, 381, 247, 354, 94, 351, 376, 430, 312, 249, 200, 320, 364, 258, 383, 348, 57, 148, 192, 322), 15.398333333333332, 222.25511627906957, 8.61578951803179
(226, 218, 288, 195, 367, 338, 349, 216, 240, 193, 286, 194, 342, 292, 311, 375, 181, 232, 373), (221, 262, 84, 123, 119, 204, 17, 18, 122, 146, 142, 152, 390, 388, 395, 484, 58, 53, 426, 308, 155, 8, 52, 55, 163, 77, 159, 78, 299, 80, 114, 471, 269, 428, 437, 145, 446, 325, 490, 427, 495, 451, 20, 171, 35, 131, 187, 397, 504, 411, 432, 445, 72, 174, 63, 327, 99, 339, 417, 489, 377, 89, 386, 295, 234, 302, 81, 454, 257, 268, 275, 300, 353, 381, 247, 354, 94, 351, 376, 430, 312, 249, 200, 320, 364, 258, 383, 348, 57, 148, 192, 322), 52.44736842105261, 246.26923913043464, 9.19348253860241
(115, 233), (467, 202, 133, 110, 47, 149), 0.5900000000000004, 13.508333333333333, 9.470416666666662
(455, 150, 49), (106, 109), 4.446666666666666, 3.5350000000000006, 9.53033333333333
(449, 485), (473, 141, 248, 136, 493, 254, 135, 31, 270, 64, 499), 4.1, 20.449090909090913, 9.567832167832153
(350,), (226, 218, 288, 195, 367, 338, 349, 216, 240, 193, 286, 194, 342, 292, 311, 375, 181, 232, 373, 221, 262, 84, 123, 119, 204, 17, 18, 122, 146, 142, 152, 390, 388, 395, 484, 58, 53, 426, 308, 155, 8, 52, 55, 163, 77, 159, 78, 299, 80, 114, 471, 269, 428, 437, 145, 446, 325, 490, 427, 495, 451, 20, 171, 35, 131, 187, 397, 504, 411, 432, 445, 72, 174, 63, 327, 99, 339, 417, 489, 377, 89, 386, 295, 234, 302, 81, 454, 257, 268, 275, 300, 353, 381, 247, 354, 94, 351, 376, 430, 312, 249, 200, 320, 364, 258, 383, 348, 57, 148, 192, 322), 0.0, 307.9100900900891, 9.585981338481986
(419, 90, 340, 227, 164, 42, 500, 434, 412, 92, 456, 414, 415, 79, 423, 472, 431, 461, 132, 433, 469, 32, 7, 41, 134, 129), (242, 38, 116, 361, 318, 378, 347, 369, 261, 13, 130, 343, 260, 255, 368, 243, 14, 345, 184, 15, 408, 43, 124, 393, 239, 508, 443, 346, 488, 392, 406, 317, 301, 161), 67.52923076923075, 77.10117647058819, 9.707926093514473
(334, 51), (350, 226, 218, 288, 195, 367, 338, 349, 216, 240, 193, 286, 194, 342, 292, 311, 375, 181, 232, 373, 221, 262, 84, 123, 119, 204, 17, 18, 122, 146, 142, 152, 390, 388, 395, 484, 58, 53, 426, 308, 155, 8, 52, 55, 163, 77, 159, 78, 299, 80, 114, 471, 269, 428, 437, 145, 446, 325, 490, 427, 495, 451, 20, 171, 35, 131, 187, 397, 504, 411, 432, 445, 72, 174, 63, 327, 99, 339, 417, 489, 377, 89, 386, 295, 234, 302, 81, 454, 257, 268, 275, 300, 353, 381, 247, 354, 94, 351, 376, 430, 312, 249, 200, 320, 364, 258, 383, 348, 57, 148, 192, 322), 0.6950000000000005, 317.4960714285722, 10.068139097743597
(237, 374, 333, 284), (76, 70, 217, 506), 7.607500000000002, 8.925000000000002, 10.208749999999993
(166,), (480, 111, 297, 436, 33, 157, 440), 0.0, 17.74857142857144, 10.290178571428562
(183,), (127, 185, 491, 75, 486, 178, 274, 245, 478, 207, 355, 474, 479, 366, 246, 501, 167, 453), 0.0, 47.554444444444464, 10.290818713450236
(266,), (115, 233, 467, 202, 133, 110, 47, 149), 0.0, 23.56875, 10.291249999999998
(104, 464, 465, 463, 459), (334, 51, 350, 226, 218, 288, 195, 367, 338, 349, 216, 240, 193, 286, 194, 342, 292, 311, 375, 181, 232, 373, 221, 262, 84, 123, 119, 204, 17, 18, 122, 146, 142, 152, 390, 388, 395, 484, 58, 53, 426, 308, 155, 8, 52, 55, 163, 77, 159, 78, 299, 80, 114, 471, 269, 428, 437, 145, 446, 325, 490, 427, 495, 451, 20, 171, 35, 131, 187, 397, 504, 411, 432, 445, 72, 174, 63, 327, 99, 339, 417, 489, 377, 89, 386, 295, 234, 302, 81, 454, 257, 268, 275, 300, 353, 381, 247, 354, 94, 351, 376, 430, 312, 249, 200, 320, 364, 258, 383, 348, 57, 148, 192, 322), 13.675999999999998, 328.25921052631566, 10.920923927466163
(419, 90, 340, 227, 164, 42, 500, 434, 412, 92, 456, 414, 415, 79, 423, 472, 431, 461, 132, 433, 469, 32, 7, 41, 134, 129, 242, 38, 116, 361, 318, 378, 347, 369, 261, 13, 130, 343, 260, 255, 368, 243, 14, 345, 184, 15, 408, 43, 124, 393, 239, 508, 443, 346, 488, 392, 406, 317, 301, 161), (104, 464, 465, 463, 459, 334, 51, 350, 226, 218, 288, 195, 367, 338, 349, 216, 240, 193, 286, 194, 342, 292, 311, 375, 181, 232, 373, 221, 262, 84, 123, 119, 204, 17, 18, 122, 146, 142, 152, 390, 388, 395, 484, 58, 53, 426, 308, 155, 8, 52, 55, 163, 77, 159, 78, 299, 80, 114, 471, 269, 428, 437, 145, 446, 325, 490, 427, 495, 451, 20, 171, 35, 131, 187, 397, 504, 411, 432, 445, 72, 174, 63, 327, 99, 339, 417, 489, 377, 89, 386, 295, 234, 302, 81, 454, 257, 268, 275, 300, 353, 381, 247, 354, 94, 351, 376, 430, 312, 249, 200, 320, 364, 258, 383, 348, 57, 148, 192, 322), 154.33833333333345, 352.8561344537824, 4.501956793891395
(305, 290, 228, 173, 235, 420, 264, 189, 230, 424, 48, 121, 416, 341, 4, 211, 387, 422, 418, 458), (237, 374, 333, 284, 76, 70, 217, 506), 55.78700000000002, 26.741249999999997, 11.200678571428625
(384, 128, 219), (183, 127, 185, 491, 75, 486, 178, 274, 245, 478, 207, 355, 474, 479, 366, 246, 501, 167, 453), 2.9933333333333323, 57.8452631578947, 11.21867623604463
(497,), (384, 128, 219, 183, 127, 185, 491, 75, 486, 178, 274, 245, 478, 207, 355, 474, 479, 366, 246, 501, 167, 453), 0.0, 72.05727272727268, 10.749683794466478
(166, 480, 111, 297, 436, 33, 157, 440), (497, 384, 128, 219, 183, 127, 185, 491, 75, 486, 178, 274, 245, 478, 207, 355, 474, 479, 366, 246, 501, 167, 453), 28.03875, 82.80695652173915, 10.831712833099544
(190, 101, 24, 337, 283, 330, 22, 160, 143, 138), (385, 329, 452, 447, 153, 225, 86, 26, 103), 22.913000000000018, 29.806666666666665, 11.498228070175468
(83, 466), (419, 90, 340, 227, 164, 42, 500, 434, 412, 92, 456, 414, 415, 79, 423, 472, 431, 461, 132, 433, 469, 32, 7, 41, 134, 129, 242, 38, 116, 361, 318, 378, 347, 369, 261, 13, 130, 343, 260, 255, 368, 243, 14, 345, 184, 15, 408, 43, 124, 393, 239, 508, 443, 346, 488, 392, 406, 317, 301, 161, 104, 464, 465, 463, 459, 334, 51, 350, 226, 218, 288, 195, 367, 338, 349, 216, 240, 193, 286, 194, 342, 292, 311, 375, 181, 232, 373, 221, 262, 84, 123, 119, 204, 17, 18, 122, 146, 142, 152, 390, 388, 395, 484, 58, 53, 426, 308, 155, 8, 52, 55, 163, 77, 159, 78, 299, 80, 114, 471, 269, 428, 437, 145, 446, 325, 490, 427, 495, 451, 20, 171, 35, 131, 187, 397, 504, 411, 432, 445, 72, 174, 63, 327, 99, 339, 417, 489, 377, 89, 386, 295, 234, 302, 81, 454, 257, 268, 275, 300, 353, 381, 247, 354, 94, 351, 376, 430, 312, 249, 200, 320, 364, 258, 383, 348, 57, 148, 192, 322), 1.1150000000000002, 511.6964245810063, 12.013768789157382
(477,), (83, 466, 419, 90, 340, 227, 164, 42, 500, 434, 412, 92, 456, 414, 415, 79, 423, 472, 431, 461, 132, 433, 469, 32, 7, 41, 134, 129, 242, 38, 116, 361, 318, 378, 347, 369, 261, 13, 130, 343, 260, 255, 368, 243, 14, 345, 184, 15, 408, 43, 124, 393, 239, 508, 443, 346, 488, 392, 406, 317, 301, 161, 104, 464, 465, 463, 459, 334, 51, 350, 226, 218, 288, 195, 367, 338, 349, 216, 240, 193, 286, 194, 342, 292, 311, 375, 181, 232, 373, 221, 262, 84, 123, 119, 204, 17, 18, 122, 146, 142, 152, 390, 388, 395, 484, 58, 53, 426, 308, 155, 8, 52, 55, 163, 77, 159, 78, 299, 80, 114, 471, 269, 428, 437, 145, 446, 325, 490, 427, 495, 451, 20, 171, 35, 131, 187, 397, 504, 411, 432, 445, 72, 174, 63, 327, 99, 339, 417, 489, 377, 89, 386, 295, 234, 302, 81, 454, 257, 268, 275, 300, 353, 381, 247, 354, 94, 351, 376, 430, 312, 249, 200, 320, 364, 258, 383, 348, 57, 148, 192, 322), 0.0, 524.825193370165, 12.859147289177258
(224, 165, 372, 156, 503), (477, 83, 466, 419, 90, 340, 227, 164, 42, 500, 434, 412, 92, 456, 414, 415, 79, 423, 472, 431, 461, 132, 433, 469, 32, 7, 41, 134, 129, 242, 38, 116, 361, 318, 378, 347, 369, 261, 13, 130, 343, 260, 255, 368, 243, 14, 345, 184, 15, 408, 43, 124, 393, 239, 508, 443, 346, 488, 392, 406, 317, 301, 161, 104, 464, 465, 463, 459, 334, 51, 350, 226, 218, 288, 195, 367, 338, 349, 216, 240, 193, 286, 194, 342, 292, 311, 375, 181, 232, 373, 221, 262, 84, 123, 119, 204, 17, 18, 122, 146, 142, 152, 390, 388, 395, 484, 58, 53, 426, 308, 155, 8, 52, 55, 163, 77, 159, 78, 299, 80, 114, 471, 269, 428, 437, 145, 446, 325, 490, 427, 495, 451, 20, 171, 35, 131, 187, 397, 504, 411, 432, 445, 72, 174, 63, 327, 99, 339, 417, 489, 377, 89, 386, 295, 234, 302, 81, 454, 257, 268, 275, 300, 353, 381, 247, 354, 94, 351, 376, 430, 312, 249, 200, 320, 364, 258, 383, 348, 57, 148, 192, 322), 8.612000000000004, 537.6843406593424, 13.168258271141553
(399, 113, 95, 315, 410, 365, 74, 407, 277, 356, 314, 6, 85), (305, 290, 228, 173, 235, 420, 264, 189, 230, 424, 48, 121, 416, 341, 4, 211, 387, 422, 418, 458, 237, 374, 333, 284, 76, 70, 217, 506), 30.43846153846154, 93.72892857142861, 13.726756231573358
(256, 505, 425), (449, 485, 473, 141, 248, 136, 493, 254, 135, 31, 270, 64, 499), 6.3066666666666675, 34.11692307692305, 14.425160256410294
(170, 96, 144, 457, 475, 429, 100, 39), (256, 505, 425, 449, 485, 473, 141, 248, 136, 493, 254, 135, 31, 270, 64, 499), 13.853750000000002, 54.84875000000002, 14.29791666666663
(154,), (224, 165, 372, 156, 503, 477, 83, 466, 419, 90, 340, 227, 164, 42, 500, 434, 412, 92, 456, 414, 415, 79, 423, 472, 431, 461, 132, 433, 469, 32, 7, 41, 134, 129, 242, 38, 116, 361, 318, 378, 347, 369, 261, 13, 130, 343, 260, 255, 368, 243, 14, 345, 184, 15, 408, 43, 124, 393, 239, 508, 443, 346, 488, 392, 406, 317, 301, 161, 104, 464, 465, 463, 459, 334, 51, 350, 226, 218, 288, 195, 367, 338, 349, 216, 240, 193, 286, 194, 342, 292, 311, 375, 181, 232, 373, 221, 262, 84, 123, 119, 204, 17, 18, 122, 146, 142, 152, 390, 388, 395, 484, 58, 53, 426, 308, 155, 8, 52, 55, 163, 77, 159, 78, 299, 80, 114, 471, 269, 428, 437, 145, 446, 325, 490, 427, 495, 451, 20, 171, 35, 131, 187, 397, 504, 411, 432, 445, 72, 174, 63, 327, 99, 339, 417, 489, 377, 89, 386, 295, 234, 302, 81, 454, 257, 268, 275, 300, 353, 381, 247, 354, 94, 351, 376, 430, 312, 249, 200, 320, 364, 258, 383, 348, 57, 148, 192, 322), 0.0, 559.4645989304826, 14.870773409943467
(118, 444, 450, 137, 359, 492), (154, 224, 165, 372, 156, 503, 477, 83, 466, 419, 90, 340, 227, 164, 42, 500, 434, 412, 92, 456, 414, 415, 79, 423, 472, 431, 461, 132, 433, 469, 32, 7, 41, 134, 129, 242, 38, 116, 361, 318, 378, 347, 369, 261, 13, 130, 343, 260, 255, 368, 243, 14, 345, 184, 15, 408, 43, 124, 393, 239, 508, 443, 346, 488, 392, 406, 317, 301, 161, 104, 464, 465, 463, 459, 334, 51, 350, 226, 218, 288, 195, 367, 338, 349, 216, 240, 193, 286, 194, 342, 292, 311, 375, 181, 232, 373, 221, 262, 84, 123, 119, 204, 17, 18, 122, 146, 142, 152, 390, 388, 395, 484, 58, 53, 426, 308, 155, 8, 52, 55, 163, 77, 159, 78, 299, 80, 114, 471, 269, 428, 437, 145, 446, 325, 490, 427, 495, 451, 20, 171, 35, 131, 187, 397, 504, 411, 432, 445, 72, 174, 63, 327, 99, 339, 417, 489, 377, 89, 386, 295, 234, 302, 81, 454, 257, 268, 275, 300, 353, 381, 247, 354, 94, 351, 376, 430, 312, 249, 200, 320, 364, 258, 383, 348, 57, 148, 192, 322), 10.499999999999998, 574.3353723404247, 14.876328690508672
(307,), (399, 113, 95, 315, 410, 365, 74, 407, 277, 356, 314, 6, 85, 305, 290, 228, 173, 235, 420, 264, 189, 230, 424, 48, 121, 416, 341, 4, 211, 387, 422, 418, 458, 237, 374, 333, 284, 76, 70, 217, 506), 0.0, 137.89414634146348, 15.204663182346223
(442, 125, 494), (118, 444, 450, 137, 359, 492, 154, 224, 165, 372, 156, 503, 477, 83, 466, 419, 90, 340, 227, 164, 42, 500, 434, 412, 92, 456, 414, 415, 79, 423, 472, 431, 461, 132, 433, 469, 32, 7, 41, 134, 129, 242, 38, 116, 361, 318, 378, 347, 369, 261, 13, 130, 343, 260, 255, 368, 243, 14, 345, 184, 15, 408, 43, 124, 393, 239, 508, 443, 346, 488, 392, 406, 317, 301, 161, 104, 464, 465, 463, 459, 334, 51, 350, 226, 218, 288, 195, 367, 338, 349, 216, 240, 193, 286, 194, 342, 292, 311, 375, 181, 232, 373, 221, 262, 84, 123, 119, 204, 17, 18, 122, 146, 142, 152, 390, 388, 395, 484, 58, 53, 426, 308, 155, 8, 52, 55, 163, 77, 159, 78, 299, 80, 114, 471, 269, 428, 437, 145, 446, 325, 490, 427, 495, 451, 20, 171, 35, 131, 187, 397, 504, 411, 432, 445, 72, 174, 63, 327, 99, 339, 417, 489, 377, 89, 386, 295, 234, 302, 81, 454, 257, 268, 275, 300, 353, 381, 247, 354, 94, 351, 376, 430, 312, 249, 200, 320, 364, 258, 383, 348, 57, 148, 192, 322), 11.013333333333334, 599.7117010309299, 16.116488478374322
(45, 93), (442, 125, 494, 118, 444, 450, 137, 359, 492, 154, 224, 165, 372, 156, 503, 477, 83, 466, 419, 90, 340, 227, 164, 42, 500, 434, 412, 92, 456, 414, 415, 79, 423, 472, 431, 461, 132, 433, 469, 32, 7, 41, 134, 129, 242, 38, 116, 361, 318, 378, 347, 369, 261, 13, 130, 343, 260, 255, 368, 243, 14, 345, 184, 15, 408, 43, 124, 393, 239, 508, 443, 346, 488, 392, 406, 317, 301, 161, 104, 464, 465, 463, 459, 334, 51, 350, 226, 218, 288, 195, 367, 338, 349, 216, 240, 193, 286, 194, 342, 292, 311, 375, 181, 232, 373, 221, 262, 84, 123, 119, 204, 17, 18, 122, 146, 142, 152, 390, 388, 395, 484, 58, 53, 426, 308, 155, 8, 52, 55, 163, 77, 159, 78, 299, 80, 114, 471, 269, 428, 437, 145, 446, 325, 490, 427, 495, 451, 20, 171, 35, 131, 187, 397, 504, 411, 432, 445, 72, 174, 63, 327, 99, 339, 417, 489, 377, 89, 386, 295, 234, 302, 81, 454, 257, 268, 275, 300, 353, 381, 247, 354, 94, 351, 376, 430, 312, 249, 200, 320, 364, 258, 383, 348, 57, 148, 192, 322), 5.015, 626.8415228426388, 16.396944494043964
(276,), (45, 93, 442, 125, 494, 118, 444, 450, 137, 359, 492, 154, 224, 165, 372, 156, 503, 477, 83, 466, 419, 90, 340, 227, 164, 42, 500, 434, 412, 92, 456, 414, 415, 79, 423, 472, 431, 461, 132, 433, 469, 32, 7, 41, 134, 129, 242, 38, 116, 361, 318, 378, 347, 369, 261, 13, 130, 343, 260, 255, 368, 243, 14, 345, 184, 15, 408, 43, 124, 393, 239, 508, 443, 346, 488, 392, 406, 317, 301, 161, 104, 464, 465, 463, 459, 334, 51, 350, 226, 218, 288, 195, 367, 338, 349, 216, 240, 193, 286, 194, 342, 292, 311, 375, 181, 232, 373, 221, 262, 84, 123, 119, 204, 17, 18, 122, 146, 142, 152, 390, 388, 395, 484, 58, 53, 426, 308, 155, 8, 52, 55, 163, 77, 159, 78, 299, 80, 114, 471, 269, 428, 437, 145, 446, 325, 490, 427, 495, 451, 20, 171, 35, 131, 187, 397, 504, 411, 432, 445, 72, 174, 63, 327, 99, 339, 417, 489, 377, 89, 386, 295, 234, 302, 81, 454, 257, 268, 275, 300, 353, 381, 247, 354, 94, 351, 376, 430, 312, 249, 200, 320, 364, 258, 383, 348, 57, 148, 192, 322), 0.0, 648.2534673366804, 16.698782663312045
(352, 271, 282), (23, 117, 222, 186, 158, 251, 273, 309, 25, 278, 201, 357, 289, 291, 162, 358, 304), 4.92, 39.612941176470585, 16.743558823529426
(231,), (307, 399, 113, 95, 315, 410, 365, 74, 407, 277, 356, 314, 6, 85, 305, 290, 228, 173, 235, 420, 264, 189, 230, 424, 48, 121, 416, 341, 4, 211, 387, 422, 418, 458, 237, 374, 333, 284, 76, 70, 217, 506), 0.0, 153.0988095238096, 16.857934662237028
(1,), (276, 45, 93, 442, 125, 494, 118, 444, 450, 137, 359, 492, 154, 224, 165, 372, 156, 503, 477, 83, 466, 419, 90, 340, 227, 164, 42, 500, 434, 412, 92, 456, 414, 415, 79, 423, 472, 431, 461, 132, 433, 469, 32, 7, 41, 134, 129, 242, 38, 116, 361, 318, 378, 347, 369, 261, 13, 130, 343, 260, 255, 368, 243, 14, 345, 184, 15, 408, 43, 124, 393, 239, 508, 443, 346, 488, 392, 406, 317, 301, 161, 104, 464, 465, 463, 459, 334, 51, 350, 226, 218, 288, 195, 367, 338, 349, 216, 240, 193, 286, 194, 342, 292, 311, 375, 181, 232, 373, 221, 262, 84, 123, 119, 204, 17, 18, 122, 146, 142, 152, 390, 388, 395, 484, 58, 53, 426, 308, 155, 8, 52, 55, 163, 77, 159, 78, 299, 80, 114, 471, 269, 428, 437, 145, 446, 325, 490, 427, 495, 451, 20, 171, 35, 131, 187, 397, 504, 411, 432, 445, 72, 174, 63, 327, 99, 339, 417, 489, 377, 89, 386, 295, 234, 302, 81, 454, 257, 268, 275, 300, 353, 381, 247, 354, 94, 351, 376, 430, 312, 249, 200, 320, 364, 258, 383, 348, 57, 148, 192, 322), 0.0, 664.9522499999987, 17.330536069655068
(139,), (285, 197, 326, 241, 319, 91, 168, 126, 176, 298, 259, 265, 498, 335, 46, 394, 476), 0.0, 43.16941176470587, 17.562810457516363
(34, 223, 324, 360, 212, 253, 180, 209, 435, 208, 263, 98, 220, 182), (352, 271, 282, 23, 117, 222, 186, 158, 251, 273, 309, 25, 278, 201, 357, 289, 291, 162, 358, 304), 46.517857142857146, 61.276500000000034, 20.3591722689075
(413, 19, 62, 396, 401, 409, 21, 481), (1, 276, 45, 93, 442, 125, 494, 118, 444, 450, 137, 359, 492, 154, 224, 165, 372, 156, 503, 477, 83, 466, 419, 90, 340, 227, 164, 42, 500, 434, 412, 92, 456, 414, 415, 79, 423, 472, 431, 461, 132, 433, 469, 32, 7, 41, 134, 129, 242, 38, 116, 361, 318, 378, 347, 369, 261, 13, 130, 343, 260, 255, 368, 243, 14, 345, 184, 15, 408, 43, 124, 393, 239, 508, 443, 346, 488, 392, 406, 317, 301, 161, 104, 464, 465, 463, 459, 334, 51, 350, 226, 218, 288, 195, 367, 338, 349, 216, 240, 193, 286, 194, 342, 292, 311, 375, 181, 232, 373, 221, 262, 84, 123, 119, 204, 17, 18, 122, 146, 142, 152, 390, 388, 395, 484, 58, 53, 426, 308, 155, 8, 52, 55, 163, 77, 159, 78, 299, 80, 114, 471, 269, 428, 437, 145, 446, 325, 490, 427, 495, 451, 20, 171, 35, 131, 187, 397, 504, 411, 432, 445, 72, 174, 63, 327, 99, 339, 417, 489, 377, 89, 386, 295, 234, 302, 81, 454, 257, 268, 275, 300, 353, 381, 247, 354, 94, 351, 376, 430, 312, 249, 200, 320, 364, 258, 383, 348, 57, 148, 192, 322), 15.954999999999997, 682.2827860696544, 22.73417565283455
(336,), (413, 19, 62, 396, 401, 409, 21, 481, 1, 276, 45, 93, 442, 125, 494, 118, 444, 450, 137, 359, 492, 154, 224, 165, 372, 156, 503, 477, 83, 466, 419, 90, 340, 227, 164, 42, 500, 434, 412, 92, 456, 414, 415, 79, 423, 472, 431, 461, 132, 433, 469, 32, 7, 41, 134, 129, 242, 38, 116, 361, 318, 378, 347, 369, 261, 13, 130, 343, 260, 255, 368, 243, 14, 345, 184, 15, 408, 43, 124, 393, 239, 508, 443, 346, 488, 392, 406, 317, 301, 161, 104, 464, 465, 463, 459, 334, 51, 350, 226, 218, 288, 195, 367, 338, 349, 216, 240, 193, 286, 194, 342, 292, 311, 375, 181, 232, 373, 221, 262, 84, 123, 119, 204, 17, 18, 122, 146, 142, 152, 390, 388, 395, 484, 58, 53, 426, 308, 155, 8, 52, 55, 163, 77, 159, 78, 299, 80, 114, 471, 269, 428, 437, 145, 446, 325, 490, 427, 495, 451, 20, 171, 35, 131, 187, 397, 504, 411, 432, 445, 72, 174, 63, 327, 99, 339, 417, 489, 377, 89, 386, 295, 234, 302, 81, 454, 257, 268, 275, 300, 353, 381, 247, 354, 94, 351, 376, 430, 312, 249, 200, 320, 364, 258, 383, 348, 57, 148, 192, 322), 0.0, 720.9719617224896, 23.46418113464972
(170, 96, 144, 457, 475, 429, 100, 39, 256, 505, 425, 449, 485, 473, 141, 248, 136, 493, 254, 135, 31, 270, 64, 499), (336, 413, 19, 62, 396, 401, 409, 21, 481, 1, 276, 45, 93, 442, 125, 494, 118, 444, 450, 137, 359, 492, 154, 224, 165, 372, 156, 503, 477, 83, 466, 419, 90, 340, 227, 164, 42, 500, 434, 412, 92, 456, 414, 415, 79, 423, 472, 431, 461, 132, 433, 469, 32, 7, 41, 134, 129, 242, 38, 116, 361, 318, 378, 347, 369, 261, 13, 130, 343, 260, 255, 368, 243, 14, 345, 184, 15, 408, 43, 124, 393, 239, 508, 443, 346, 488, 392, 406, 317, 301, 161, 104, 464, 465, 463, 459, 334, 51, 350, 226, 218, 288, 195, 367, 338, 349, 216, 240, 193, 286, 194, 342, 292, 311, 375, 181, 232, 373, 221, 262, 84, 123, 119, 204, 17, 18, 122, 146, 142, 152, 390, 388, 395, 484, 58, 53, 426, 308, 155, 8, 52, 55, 163, 77, 159, 78, 299, 80, 114, 471, 269, 428, 437, 145, 446, 325, 490, 427, 495, 451, 20, 171, 35, 131, 187, 397, 504, 411, 432, 445, 72, 174, 63, 327, 99, 339, 417, 489, 377, 89, 386, 295, 234, 302, 81, 454, 257, 268, 275, 300, 353, 381, 247, 354, 94, 351, 376, 430, 312, 249, 200, 320, 364, 258, 383, 348, 57, 148, 192, 322), 83.00041666666667, 744.4361428571411, 23.152158424914887
(455, 150, 49, 106, 109), (170, 96, 144, 457, 475, 429, 100, 39, 256, 505, 425, 449, 485, 473, 141, 248, 136, 493, 254, 135, 31, 270, 64, 499, 336, 413, 19, 62, 396, 401, 409, 21, 481, 1, 276, 45, 93, 442, 125, 494, 118, 444, 450, 137, 359, 492, 154, 224, 165, 372, 156, 503, 477, 83, 466, 419, 90, 340, 227, 164, 42, 500, 434, 412, 92, 456, 414, 415, 79, 423, 472, 431, 461, 132, 433, 469, 32, 7, 41, 134, 129, 242, 38, 116, 361, 318, 378, 347, 369, 261, 13, 130, 343, 260, 255, 368, 243, 14, 345, 184, 15, 408, 43, 124, 393, 239, 508, 443, 346, 488, 392, 406, 317, 301, 161, 104, 464, 465, 463, 459, 334, 51, 350, 226, 218, 288, 195, 367, 338, 349, 216, 240, 193, 286, 194, 342, 292, 311, 375, 181, 232, 373, 221, 262, 84, 123, 119, 204, 17, 18, 122, 146, 142, 152, 390, 388, 395, 484, 58, 53, 426, 308, 155, 8, 52, 55, 163, 77, 159, 78, 299, 80, 114, 471, 269, 428, 437, 145, 446, 325, 490, 427, 495, 451, 20, 171, 35, 131, 187, 397, 504, 411, 432, 445, 72, 174, 63, 327, 99, 339, 417, 489, 377, 89, 386, 295, 234, 302, 81, 454, 257, 268, 275, 300, 353, 381, 247, 354, 94, 351, 376, 430, 312, 249, 200, 320, 364, 258, 383, 348, 57, 148, 192, 322), 17.512, 850.5887179487181, 23.150579122413774
(140,), (455, 150, 49, 106, 109, 170, 96, 144, 457, 475, 429, 100, 39, 256, 505, 425, 449, 485, 473, 141, 248, 136, 493, 254, 135, 31, 270, 64, 499, 336, 413, 19, 62, 396, 401, 409, 21, 481, 1, 276, 45, 93, 442, 125, 494, 118, 444, 450, 137, 359, 492, 154, 224, 165, 372, 156, 503, 477, 83, 466, 419, 90, 340, 227, 164, 42, 500, 434, 412, 92, 456, 414, 415, 79, 423, 472, 431, 461, 132, 433, 469, 32, 7, 41, 134, 129, 242, 38, 116, 361, 318, 378, 347, 369, 261, 13, 130, 343, 260, 255, 368, 243, 14, 345, 184, 15, 408, 43, 124, 393, 239, 508, 443, 346, 488, 392, 406, 317, 301, 161, 104, 464, 465, 463, 459, 334, 51, 350, 226, 218, 288, 195, 367, 338, 349, 216, 240, 193, 286, 194, 342, 292, 311, 375, 181, 232, 373, 221, 262, 84, 123, 119, 204, 17, 18, 122, 146, 142, 152, 390, 388, 395, 484, 58, 53, 426, 308, 155, 8, 52, 55, 163, 77, 159, 78, 299, 80, 114, 471, 269, 428, 437, 145, 446, 325, 490, 427, 495, 451, 20, 171, 35, 131, 187, 397, 504, 411, 432, 445, 72, 174, 63, 327, 99, 339, 417, 489, 377, 89, 386, 295, 234, 302, 81, 454, 257, 268, 275, 300, 353, 381, 247, 354, 94, 351, 376, 430, 312, 249, 200, 320, 364, 258, 383, 348, 57, 148, 192, 322), 0.0, 891.251297071133, 23.549619595536115
(67, 69, 27, 191, 66), (34, 223, 324, 360, 212, 253, 180, 209, 435, 208, 263, 98, 220, 182, 352, 271, 282, 23, 117, 222, 186, 158, 251, 273, 309, 25, 278, 201, 357, 289, 291, 162, 358, 304), 16.476000000000003, 128.15352941176465, 24.96893212669687
(362, 60, 59), (140, 455, 150, 49, 106, 109, 170, 96, 144, 457, 475, 429, 100, 39, 256, 505, 425, 449, 485, 473, 141, 248, 136, 493, 254, 135, 31, 270, 64, 499, 336, 413, 19, 62, 396, 401, 409, 21, 481, 1, 276, 45, 93, 442, 125, 494, 118, 444, 450, 137, 359, 492, 154, 224, 165, 372, 156, 503, 477, 83, 466, 419, 90, 340, 227, 164, 42, 500, 434, 412, 92, 456, 414, 415, 79, 423, 472, 431, 461, 132, 433, 469, 32, 7, 41, 134, 129, 242, 38, 116, 361, 318, 378, 347, 369, 261, 13, 130, 343, 260, 255, 368, 243, 14, 345, 184, 15, 408, 43, 124, 393, 239, 508, 443, 346, 488, 392, 406, 317, 301, 161, 104, 464, 465, 463, 459, 334, 51, 350, 226, 218, 288, 195, 367, 338, 349, 216, 240, 193, 286, 194, 342, 292, 311, 375, 181, 232, 373, 221, 262, 84, 123, 119, 204, 17, 18, 122, 146, 142, 152, 390, 388, 395, 484, 58, 53, 426, 308, 155, 8, 52, 55, 163, 77, 159, 78, 299, 80, 114, 471, 269, 428, 437, 145, 446, 325, 490, 427, 495, 451, 20, 171, 35, 131, 187, 397, 504, 411, 432, 445, 72, 174, 63, 327, 99, 339, 417, 489, 377, 89, 386, 295, 234, 302, 81, 454, 257, 268, 275, 300, 353, 381, 247, 354, 94, 351, 376, 430, 312, 249, 200, 320, 364, 258, 383, 348, 57, 148, 192, 322), 4.426666666666668, 914.8009166666669, 26.777272633739244
(303, 82, 470), (166, 480, 111, 297, 436, 33, 157, 440, 497, 384, 128, 219, 183, 127, 185, 491, 75, 486, 178, 274, 245, 478, 207, 355, 474, 479, 366, 246, 501, 167, 453), 7.1933333333333325, 121.67741935483869, 27.84542378241622
(439,), (190, 101, 24, 337, 283, 330, 22, 160, 143, 138, 385, 329, 452, 447, 153, 225, 86, 26, 103), 0.0, 64.21789473684213, 28.319105263157923
(67, 69, 27, 191, 66, 34, 223, 324, 360, 212, 253, 180, 209, 435, 208, 263, 98, 220, 182, 352, 271, 282, 23, 117, 222, 186, 158, 251, 273, 309, 25, 278, 201, 357, 289, 291, 162, 358, 304), (439, 190, 101, 24, 337, 283, 330, 22, 160, 143, 138, 385, 329, 452, 447, 153, 225, 86, 26, 103), 169.59846153846155, 92.53700000000002, 27.930979139504217
(120, 402), (231, 307, 399, 113, 95, 315, 410, 365, 74, 407, 277, 356, 314, 6, 85, 305, 290, 228, 173, 235, 420, 264, 189, 230, 424, 48, 121, 416, 341, 4, 211, 387, 422, 418, 458, 237, 374, 333, 284, 76, 70, 217, 506), 0.7050000000000002, 169.9567441860467, 32.10536692506457
(362, 60, 59, 140, 455, 150, 49, 106, 109, 170, 96, 144, 457, 475, 429, 100, 39, 256, 505, 425, 449, 485, 473, 141, 248, 136, 493, 254, 135, 31, 270, 64, 499, 336, 413, 19, 62, 396, 401, 409, 21, 481, 1, 276, 45, 93, 442, 125, 494, 118, 444, 450, 137, 359, 492, 154, 224, 165, 372, 156, 503, 477, 83, 466, 419, 90, 340, 227, 164, 42, 500, 434, 412, 92, 456, 414, 415, 79, 423, 472, 431, 461, 132, 433, 469, 32, 7, 41, 134, 129, 242, 38, 116, 361, 318, 378, 347, 369, 261, 13, 130, 343, 260, 255, 368, 243, 14, 345, 184, 15, 408, 43, 124, 393, 239, 508, 443, 346, 488, 392, 406, 317, 301, 161, 104, 464, 465, 463, 459, 334, 51, 350, 226, 218, 288, 195, 367, 338, 349, 216, 240, 193, 286, 194, 342, 292, 311, 375, 181, 232, 373, 221, 262, 84, 123, 119, 204, 17, 18, 122, 146, 142, 152, 390, 388, 395, 484, 58, 53, 426, 308, 155, 8, 52, 55, 163, 77, 159, 78, 299, 80, 114, 471, 269, 428, 437, 145, 446, 325, 490, 427, 495, 451, 20, 171, 35, 131, 187, 397, 504, 411, 432, 445, 72, 174, 63, 327, 99, 339, 417, 489, 377, 89, 386, 295, 234, 302, 81, 454, 257, 268, 275, 300, 353, 381, 247, 354, 94, 351, 376, 430, 312, 249, 200, 320, 364, 258, 383, 348, 57, 148, 192, 322), (67, 69, 27, 191, 66, 34, 223, 324, 360, 212, 253, 180, 209, 435, 208, 263, 98, 220, 182, 352, 271, 282, 23, 117, 222, 186, 158, 251, 273, 309, 25, 278, 201, 357, 289, 291, 162, 358, 304, 439, 190, 101, 24, 337, 283, 330, 22, 160, 143, 138, 385, 329, 452, 447, 153, 225, 86, 26, 103), 946.0048559670773, 290.06644067796594, 32.20780931522529
(147, 2, 3, 331, 54, 10), (362, 60, 59, 140, 455, 150, 49, 106, 109, 170, 96, 144, 457, 475, 429, 100, 39, 256, 505, 425, 449, 485, 473, 141, 248, 136, 493, 254, 135, 31, 270, 64, 499, 336, 413, 19, 62, 396, 401, 409, 21, 481, 1, 276, 45, 93, 442, 125, 494, 118, 444, 450, 137, 359, 492, 154, 224, 165, 372, 156, 503, 477, 83, 466, 419, 90, 340, 227, 164, 42, 500, 434, 412, 92, 456, 414, 415, 79, 423, 472, 431, 461, 132, 433, 469, 32, 7, 41, 134, 129, 242, 38, 116, 361, 318, 378, 347, 369, 261, 13, 130, 343, 260, 255, 368, 243, 14, 345, 184, 15, 408, 43, 124, 393, 239, 508, 443, 346, 488, 392, 406, 317, 301, 161, 104, 464, 465, 463, 459, 334, 51, 350, 226, 218, 288, 195, 367, 338, 349, 216, 240, 193, 286, 194, 342, 292, 311, 375, 181, 232, 373, 221, 262, 84, 123, 119, 204, 17, 18, 122, 146, 142, 152, 390, 388, 395, 484, 58, 53, 426, 308, 155, 8, 52, 55, 163, 77, 159, 78, 299, 80, 114, 471, 269, 428, 437, 145, 446, 325, 490, 427, 495, 451, 20, 171, 35, 131, 187, 397, 504, 411, 432, 445, 72, 174, 63, 327, 99, 339, 417, 489, 377, 89, 386, 295, 234, 302, 81, 454, 257, 268, 275, 300, 353, 381, 247, 354, 94, 351, 376, 430, 312, 249, 200, 320, 364, 258, 383, 348, 57, 148, 192, 322, 67, 69, 27, 191, 66, 34, 223, 324, 360, 212, 253, 180, 209, 435, 208, 263, 98, 220, 182, 352, 271, 282, 23, 117, 222, 186, 158, 251, 273, 309, 25, 278, 201, 357, 289, 291, 162, 358, 304, 439, 190, 101, 24, 337, 283, 330, 22, 160, 143, 138, 385, 329, 452, 447, 153, 225, 86, 26, 103), 18.130000000000003, 1268.279105960268, 34.542484948824494
(139, 285, 197, 326, 241, 319, 91, 168, 126, 176, 298, 259, 265, 498, 335, 46, 394, 476), (147, 2, 3, 331, 54, 10, 362, 60, 59, 140, 455, 150, 49, 106, 109, 170, 96, 144, 457, 475, 429, 100, 39, 256, 505, 425, 449, 485, 473, 141, 248, 136, 493, 254, 135, 31, 270, 64, 499, 336, 413, 19, 62, 396, 401, 409, 21, 481, 1, 276, 45, 93, 442, 125, 494, 118, 444, 450, 137, 359, 492, 154, 224, 165, 372, 156, 503, 477, 83, 466, 419, 90, 340, 227, 164, 42, 500, 434, 412, 92, 456, 414, 415, 79, 423, 472, 431, 461, 132, 433, 469, 32, 7, 41, 134, 129, 242, 38, 116, 361, 318, 378, 347, 369, 261, 13, 130, 343, 260, 255, 368, 243, 14, 345, 184, 15, 408, 43, 124, 393, 239, 508, 443, 346, 488, 392, 406, 317, 301, 161, 104, 464, 465, 463, 459, 334, 51, 350, 226, 218, 288, 195, 367, 338, 349, 216, 240, 193, 286, 194, 342, 292, 311, 375, 181, 232, 373, 221, 262, 84, 123, 119, 204, 17, 18, 122, 146, 142, 152, 390, 388, 395, 484, 58, 53, 426, 308, 155, 8, 52, 55, 163, 77, 159, 78, 299, 80, 114, 471, 269, 428, 437, 145, 446, 325, 490, 427, 495, 451, 20, 171, 35, 131, 187, 397, 504, 411, 432, 445, 72, 174, 63, 327, 99, 339, 417, 489, 377, 89, 386, 295, 234, 302, 81, 454, 257, 268, 275, 300, 353, 381, 247, 354, 94, 351, 376, 430, 312, 249, 200, 320, 364, 258, 383, 348, 57, 148, 192, 322, 67, 69, 27, 191, 66, 34, 223, 324, 360, 212, 253, 180, 209, 435, 208, 263, 98, 220, 182, 352, 271, 282, 23, 117, 222, 186, 158, 251, 273, 309, 25, 278, 201, 357, 289, 291, 162, 358, 304, 439, 190, 101, 24, 337, 283, 330, 22, 160, 143, 138, 385, 329, 452, 447, 153, 225, 86, 26, 103), 60.73222222222225, 1320.9515909090915, 43.09848748219042
(50, 421, 9, 107, 56), (139, 285, 197, 326, 241, 319, 91, 168, 126, 176, 298, 259, 265, 498, 335, 46, 394, 476, 147, 2, 3, 331, 54, 10, 362, 60, 59, 140, 455, 150, 49, 106, 109, 170, 96, 144, 457, 475, 429, 100, 39, 256, 505, 425, 449, 485, 473, 141, 248, 136, 493, 254, 135, 31, 270, 64, 499, 336, 413, 19, 62, 396, 401, 409, 21, 481, 1, 276, 45, 93, 442, 125, 494, 118, 444, 450, 137, 359, 492, 154, 224, 165, 372, 156, 503, 477, 83, 466, 419, 90, 340, 227, 164, 42, 500, 434, 412, 92, 456, 414, 415, 79, 423, 472, 431, 461, 132, 433, 469, 32, 7, 41, 134, 129, 242, 38, 116, 361, 318, 378, 347, 369, 261, 13, 130, 343, 260, 255, 368, 243, 14, 345, 184, 15, 408, 43, 124, 393, 239, 508, 443, 346, 488, 392, 406, 317, 301, 161, 104, 464, 465, 463, 459, 334, 51, 350, 226, 218, 288, 195, 367, 338, 349, 216, 240, 193, 286, 194, 342, 292, 311, 375, 181, 232, 373, 221, 262, 84, 123, 119, 204, 17, 18, 122, 146, 142, 152, 390, 388, 395, 484, 58, 53, 426, 308, 155, 8, 52, 55, 163, 77, 159, 78, 299, 80, 114, 471, 269, 428, 437, 145, 446, 325, 490, 427, 495, 451, 20, 171, 35, 131, 187, 397, 504, 411, 432, 445, 72, 174, 63, 327, 99, 339, 417, 489, 377, 89, 386, 295, 234, 302, 81, 454, 257, 268, 275, 300, 353, 381, 247, 354, 94, 351, 376, 430, 312, 249, 200, 320, 364, 258, 383, 348, 57, 148, 192, 322, 67, 69, 27, 191, 66, 34, 223, 324, 360, 212, 253, 180, 209, 435, 208, 263, 98, 220, 182, 352, 271, 282, 23, 117, 222, 186, 158, 251, 273, 309, 25, 278, 201, 357, 289, 291, 162, 358, 304, 439, 190, 101, 24, 337, 283, 330, 22, 160, 143, 138, 385, 329, 452, 447, 153, 225, 86, 26, 103), 13.736000000000002, 1424.7823006135045, 43.43275678831901
(303, 82, 470, 166, 480, 111, 297, 436, 33, 157, 440, 497, 384, 128, 219, 183, 127, 185, 491, 75, 486, 178, 274, 245, 478, 207, 355, 474, 479, 366, 246, 501, 167, 453), (120, 402, 231, 307, 399, 113, 95, 315, 410, 365, 74, 407, 277, 356, 314, 6, 85, 305, 290, 228, 173, 235, 420, 264, 189, 230, 424, 48, 121, 416, 341, 4, 211, 387, 422, 418, 458, 237, 374, 333, 284, 76, 70, 217, 506), 156.71617647058827, 202.76711111111098, 50.130383304376466
(287, 214, 391, 281, 321, 280), (50, 421, 9, 107, 56, 139, 285, 197, 326, 241, 319, 91, 168, 126, 176, 298, 259, 265, 498, 335, 46, 394, 476, 147, 2, 3, 331, 54, 10, 362, 60, 59, 140, 455, 150, 49, 106, 109, 170, 96, 144, 457, 475, 429, 100, 39, 256, 505, 425, 449, 485, 473, 141, 248, 136, 493, 254, 135, 31, 270, 64, 499, 336, 413, 19, 62, 396, 401, 409, 21, 481, 1, 276, 45, 93, 442, 125, 494, 118, 444, 450, 137, 359, 492, 154, 224, 165, 372, 156, 503, 477, 83, 466, 419, 90, 340, 227, 164, 42, 500, 434, 412, 92, 456, 414, 415, 79, 423, 472, 431, 461, 132, 433, 469, 32, 7, 41, 134, 129, 242, 38, 116, 361, 318, 378, 347, 369, 261, 13, 130, 343, 260, 255, 368, 243, 14, 345, 184, 15, 408, 43, 124, 393, 239, 508, 443, 346, 488, 392, 406, 317, 301, 161, 104, 464, 465, 463, 459, 334, 51, 350, 226, 218, 288, 195, 367, 338, 349, 216, 240, 193, 286, 194, 342, 292, 311, 375, 181, 232, 373, 221, 262, 84, 123, 119, 204, 17, 18, 122, 146, 142, 152, 390, 388, 395, 484, 58, 53, 426, 308, 155, 8, 52, 55, 163, 77, 159, 78, 299, 80, 114, 471, 269, 428, 437, 145, 446, 325, 490, 427, 495, 451, 20, 171, 35, 131, 187, 397, 504, 411, 432, 445, 72, 174, 63, 327, 99, 339, 417, 489, 377, 89, 386, 295, 234, 302, 81, 454, 257, 268, 275, 300, 353, 381, 247, 354, 94, 351, 376, 430, 312, 249, 200, 320, 364, 258, 383, 348, 57, 148, 192, 322, 67, 69, 27, 191, 66, 34, 223, 324, 360, 212, 253, 180, 209, 435, 208, 263, 98, 220, 182, 352, 271, 282, 23, 117, 222, 186, 158, 251, 273, 309, 25, 278, 201, 357, 289, 291, 162, 358, 304, 439, 190, 101, 24, 337, 283, 330, 22, 160, 143, 138, 385, 329, 452, 447, 153, 225, 86, 26, 103), 11.604999999999999, 1481.9510574018182, 52.992429245073026
(266, 115, 233, 467, 202, 133, 110, 47, 149), (287, 214, 391, 281, 321, 280, 50, 421, 9, 107, 56, 139, 285, 197, 326, 241, 319, 91, 168, 126, 176, 298, 259, 265, 498, 335, 46, 394, 476, 147, 2, 3, 331, 54, 10, 362, 60, 59, 140, 455, 150, 49, 106, 109, 170, 96, 144, 457, 475, 429, 100, 39, 256, 505, 425, 449, 485, 473, 141, 248, 136, 493, 254, 135, 31, 270, 64, 499, 336, 413, 19, 62, 396, 401, 409, 21, 481, 1, 276, 45, 93, 442, 125, 494, 118, 444, 450, 137, 359, 492, 154, 224, 165, 372, 156, 503, 477, 83, 466, 419, 90, 340, 227, 164, 42, 500, 434, 412, 92, 456, 414, 415, 79, 423, 472, 431, 461, 132, 433, 469, 32, 7, 41, 134, 129, 242, 38, 116, 361, 318, 378, 347, 369, 261, 13, 130, 343, 260, 255, 368, 243, 14, 345, 184, 15, 408, 43, 124, 393, 239, 508, 443, 346, 488, 392, 406, 317, 301, 161, 104, 464, 465, 463, 459, 334, 51, 350, 226, 218, 288, 195, 367, 338, 349, 216, 240, 193, 286, 194, 342, 292, 311, 375, 181, 232, 373, 221, 262, 84, 123, 119, 204, 17, 18, 122, 146, 142, 152, 390, 388, 395, 484, 58, 53, 426, 308, 155, 8, 52, 55, 163, 77, 159, 78, 299, 80, 114, 471, 269, 428, 437, 145, 446, 325, 490, 427, 495, 451, 20, 171, 35, 131, 187, 397, 504, 411, 432, 445, 72, 174, 63, 327, 99, 339, 417, 489, 377, 89, 386, 295, 234, 302, 81, 454, 257, 268, 275, 300, 353, 381, 247, 354, 94, 351, 376, 430, 312, 249, 200, 320, 364, 258, 383, 348, 57, 148, 192, 322, 67, 69, 27, 191, 66, 34, 223, 324, 360, 212, 253, 180, 209, 435, 208, 263, 98, 220, 182, 352, 271, 282, 23, 117, 222, 186, 158, 251, 273, 309, 25, 278, 201, 357, 289, 291, 162, 358, 304, 439, 190, 101, 24, 337, 283, 330, 22, 160, 143, 138, 385, 329, 452, 447, 153, 225, 86, 26, 103), 33.86, 1546.5484866468803, 60.67954803520024
(313, 462, 244, 213, 316, 175, 507, 36, 215, 188, 382, 37, 179, 267, 177, 404, 344, 151, 294, 238, 196, 236, 229), (266, 115, 233, 467, 202, 133, 110, 47, 149, 287, 214, 391, 281, 321, 280, 50, 421, 9, 107, 56, 139, 285, 197, 326, 241, 319, 91, 168, 126, 176, 298, 259, 265, 498, 335, 46, 394, 476, 147, 2, 3, 331, 54, 10, 362, 60, 59, 140, 455, 150, 49, 106, 109, 170, 96, 144, 457, 475, 429, 100, 39, 256, 505, 425, 449, 485, 473, 141, 248, 136, 493, 254, 135, 31, 270, 64, 499, 336, 413, 19, 62, 396, 401, 409, 21, 481, 1, 276, 45, 93, 442, 125, 494, 118, 444, 450, 137, 359, 492, 154, 224, 165, 372, 156, 503, 477, 83, 466, 419, 90, 340, 227, 164, 42, 500, 434, 412, 92, 456, 414, 415, 79, 423, 472, 431, 461, 132, 433, 469, 32, 7, 41, 134, 129, 242, 38, 116, 361, 318, 378, 347, 369, 261, 13, 130, 343, 260, 255, 368, 243, 14, 345, 184, 15, 408, 43, 124, 393, 239, 508, 443, 346, 488, 392, 406, 317, 301, 161, 104, 464, 465, 463, 459, 334, 51, 350, 226, 218, 288, 195, 367, 338, 349, 216, 240, 193, 286, 194, 342, 292, 311, 375, 181, 232, 373, 221, 262, 84, 123, 119, 204, 17, 18, 122, 146, 142, 152, 390, 388, 395, 484, 58, 53, 426, 308, 155, 8, 52, 55, 163, 77, 159, 78, 299, 80, 114, 471, 269, 428, 437, 145, 446, 325, 490, 427, 495, 451, 20, 171, 35, 131, 187, 397, 504, 411, 432, 445, 72, 174, 63, 327, 99, 339, 417, 489, 377, 89, 386, 295, 234, 302, 81, 454, 257, 268, 275, 300, 353, 381, 247, 354, 94, 351, 376, 430, 312, 249, 200, 320, 364, 258, 383, 348, 57, 148, 192, 322, 67, 69, 27, 191, 66, 34, 223, 324, 360, 212, 253, 180, 209, 435, 208, 263, 98, 220, 182, 352, 271, 282, 23, 117, 222, 186, 158, 251, 273, 309, 25, 278, 201, 357, 289, 291, 162, 358, 304, 439, 190, 101, 24, 337, 283, 330, 22, 160, 143, 138, 385, 329, 452, 447, 153, 225, 86, 26, 103), 55.97391304347823, 1641.0880346820911, 140.8201660955972
