r_u, r_v, r_u SSD, r_v SSD, sum of within-region SSD
(394,), (46,), 0.0, 0.0, 0.0
(17,), (21,), 0.0, 0.0, 0.0
(475,), (429,), 0.0, 0.0, 0.0
(415,), (256,), 0.0, 0.0, 0.0
(356,), (324,), 0.0, 0.0, 0.0
(506,), (264,), 0.0, 0.0, 0.0
(195,), (287,), 0.0, 0.0, 0.0
(269,), (427,), 0.0, 0.0, 0.0
(408,), (378,), 0.0, 0.0, 0.0
(156,), (139,), 0.0, 0.0, 0.0
(314,), (356, 324), 0.0, 0.0, 0.0
(313,), (316,), 0.0, 0.0, 0.0
(489,), (377,), 0.0, 0.0, 0.0
(206,), (131,), 0.0, 0.0, 0.0
(168,), (176,), 0.0, 0.0, 0.0
(236,), (383,), 0.0, 0.0, 0.0
(351,), (354,), 0.0, 0.0, 0.0
(388,), (396,), 0.0, 0.0, 0.0
(37,), (292,), 0.0, 0.0, 0.0
(155,), (3,), 0.0, 0.0, 0.0
(321,), (375,), 0.0, 0.0, 0.0
(74,), (212,), 0.0, 0.0, 0.0
(157,), (303,), 0.0, 0.0, 0.0
(407,), (74, 212), 0.0, 0.0, 0.0
(333,), (337,), 0.0, 0.0, 0.0
(189,), (230,), 0.0, 0.0, 0.0
(114,), (144,), 0.0, 0.0, 0.0
(6,), (277,), 0.0, 0.0, 0.0
(293,), (251,), 0.0, 0.0, 0.0
(257,), (106,), 0.0, 0.0, 0.0
(285,), (161,), 0.0, 0.0, 0.0
(441,), (445,), 0.0, 0.0, 0.0
(127,), (183,), 0.0, 0.0, 0.0
(391,), (321, 375), 0.0, 0.0, 0.0
(437,), (450,), 0.0, 0.0, 0.0
(47,), (221,), 0.0, 0.0, 0.0
(222,), (117,), 0.0, 0.0, 0.0
(455,), (145,), 0.0, 0.0, 0.0
(488,), (276,), 0.0, 0.0, 0.0
(453,), (246,), 0.0, 0.0, 0.0
(373,), (226,), 0.0, 0.0, 0.0
(314, 356, 324), (407, 74, 212), 0.0, 0.0, 0.0
(495,), (459,), 0.0, 0.0, 0.0
(452,), (138,), 0.0, 0.0, 0.0
(14,), (15,), 0.0, 0.0, 0.0
(135,), (451,), 0.0, 0.0, 0.0
(72,), (115,), 0.0, 0.0, 0.0
(481,), (441, 445), 0.0, 0.0, 0.0
(191,), (66,), 0.0, 0.0, 0.0
(261,), (260,), 0.0, 0.0, 0.0
(105,), (330,), 0.0, 0.0, 0.0
(259,), (503,), 0.0, 0.0, 0.0
(82,), (470,), 0.0, 0.0, 0.0
(239,), (443,), 0.0, 0.0, 0.0
(87,), (471,), 0.0, 0.0, 0.0
(177,), (404,), 0.0, 0.0, 0.0
(283,), (374,), 0.0, 0.0, 0.0
(369,), (60,), 0.0, 0.0, 0.0
(134,), (129,), 0.0, 0.0, 0.0
(41,), (134, 129), 0.0, 0.0, 0.0
(162,), (358,), 0.0, 0.0, 0.0
(178,), (355,), 0.0, 0.0, 0.0
(185,), (127, 183), 0.0, 0.0, 0.0
(319,), (456,), 0.0, 0.0, 0.0
(406,), (317,), 0.0, 0.0, 0.0
(2,), (54,), 0.0, 0.0, 0.0
(125,), (494,), 0.0, 0.0, 0.0
(160,), (452, 138), 0.0, 0.0, 0.0
(64,), (248,), 0.0, 0.0, 0.0
(508,), (239, 443), 0.0, 0.0, 0.0
(275,), (300,), 0.0, 0.0, 0.0
(84,), (266,), 0.0, 0.0, 0.0
(205,), (369, 60), 0.0, 0.0, 5.9164567891575885e-31
(462,), (313, 316), 0.0, 0.0, 1.1832913578315177e-30
(79,), (168, 176), 0.0, 0.0, 1.7749370367472766e-30
(244,), (236, 383), 0.0, 0.0, 2.3665827156630354e-30
(159,), (206, 131), 0.0, 0.0, 2.9582283945787943e-30
(255,), (261, 260), 0.0, 0.0, 3.549874073494553e-30
(425,), (415, 256), 0.0, 0.0, 4.141519752410312e-30
(128,), (420,), 0.0, 0.0, 0.0049999999999999645
(95,), (113,), 0.0, 0.0, 0.009999999999999929
(507,), (357,), 0.0, 0.0, 0.014999999999999892
(231,), (173,), 0.0, 0.0, 0.019999999999999855
(235,), (231, 173), 0.0, 0.0049999999999999645, 0.02166666666666651
(89,), (413,), 0.0, 0.0, 0.026666666666666474
(79, 168, 176), (89, 413), 5.9164567891575885e-31, 0.0049999999999999645, 0.029666666666666456
(200,), (247,), 0.0, 0.0, 0.03466666666666642
(37, 292), (200, 247), 0.0, 0.0049999999999999645, 0.037166666666666404
(188,), (37, 292, 200, 247), 0.0, 0.007499999999999947, 0.04166666666666638
(174,), (63,), 0.0, 0.0, 0.04666666666666634
(72, 115), (174, 63), 0.0, 0.0049999999999999645, 0.049166666666666324
(76,), (272,), 0.0, 0.0, 0.05416666666666629
(209,), (341,), 0.0, 0.0, 0.05916666666666625
(91,), (414,), 0.0, 0.0, 0.06416666666666622
(79, 168, 176, 89, 413), (91, 414), 0.007999999999999943, 0.0049999999999999645, 0.0654523809523805
(196,), (286,), 0.0, 0.0, 0.07045238095238048
(48,), (121,), 0.0, 0.0, 0.07545238095238045
(399,), (75,), 0.0, 0.0, 0.08045238095238043
(10,), (163,), 0.0, 0.0, 0.0854523809523804
(148,), (336,), 0.0, 0.0, 0.09045238095238038
(52,), (107,), 0.0, 0.0, 0.09545238095238036
(463,), (464,), 0.0, 0.0, 0.10045238095238034
(150,), (269, 427), 0.0, 0.0, 0.10711904761904696
(268,), (455, 145), 0.0, 0.0, 0.11378571428571359
(345,), (14, 15), 0.0, 0.0, 0.12045238095238021
(197,), (488, 276), 0.0, 0.0, 0.12711904761904683
(207,), (453, 246), 0.0, 0.0, 0.13378571428571343
(80,), (114, 144), 0.0, 0.0, 0.14045238095238002
(298,), (259, 503), 0.0, 0.0, 0.14711904761904662
(284,), (333, 337), 0.0, 0.0, 0.15378571428571322
(480,), (82, 470), 0.0, 0.0, 0.16045238095237982
(262,), (47, 221), 0.0, 0.0, 0.16711904761904642
(340,), (64, 248), 0.0, 0.0, 0.17378571428571302
(273,), (222, 117), 0.0, 0.0, 0.18045238095237962
(162, 358), (273, 222, 117), 0.0, 0.00666666666666662, 0.18578571428571292
(364,), (462, 313, 316), 0.0, 5.9164567891575885e-31, 0.1932857142857129
(244, 236, 383), (364, 462, 313, 316), 5.9164567891575885e-31, 0.007499999999999948, 0.19435714285714145
(193,), (244, 236, 383, 364, 462, 313, 316), 0.0, 0.008571428571428511, 0.20078571428571287
(280,), (391, 321, 375), 0.0, 0.0, 0.20828571428571285
(485,), (425, 415, 256), 0.0, 5.9164567891575885e-31, 0.21578571428571283
(393,), (508, 239, 443), 0.0, 0.0, 0.2232857142857128
(13,), (255, 261, 260), 0.0, 5.9164567891575885e-31, 0.2307857142857128
(394, 46), (205, 369, 60), 0.0, 5.9164567891575885e-31, 0.24278571428571272
(84, 266), (159, 206, 131), 0.0, 5.9164567891575885e-31, 0.2547857142857127
(4,), (34,), 0.0, 0.0, 0.2747857142857128
(27,), (103,), 0.0, 0.0, 0.2947857142857128
(295,), (234,), 0.0, 0.0, 0.31478571428571284
(67,), (69,), 0.0, 0.0, 0.33478571428571285
(160, 452, 138), (67, 69), 0.0, 0.020000000000000035, 0.34678571428571286
(254,), (461,), 0.0, 0.0, 0.3667857142857129
(431,), (254, 461), 0.0, 0.020000000000000035, 0.3734523809523796
(94,), (353,), 0.0, 0.0, 0.3934523809523796
(327,), (339,), 0.0, 0.0, 0.4134523809523797
(179,), (288,), 0.0, 0.0, 0.4334523809523797
(194,), (338,), 0.0, 0.0, 0.4534523809523797
(307,), (418,), 0.0, 0.0, 0.47345238095237974
(25,), (278,), 0.0, 0.0, 0.49345238095237975
(271,), (352,), 0.0, 0.0, 0.5134523809523798
(241,), (265,), 0.0, 0.0, 0.5334523809523798
(35,), (325,), 0.0, 0.0, 0.5534523809523798
(320,), (430,), 0.0, 0.0, 0.5734523809523798
(500,), (434,), 0.0, 0.0, 0.5934523809523798
(167,), (219,), 0.0, 0.0, 0.6134523809523799
(152,), (348,), 0.0, 0.0, 0.6334523809523799
(32,), (412,), 0.0, 0.0, 0.6534523809523799
(123,), (281,), 0.0, 0.0, 0.6734523809523799
(263,), (182,), 0.0, 0.0, 0.6934523809523799
(347,), (362,), 0.0, 0.0, 0.71345238095238
(335,), (381,), 0.0, 0.0, 0.73345238095238
(274,), (486,), 0.0, 0.0, 0.75345238095238
(133,), (467,), 0.0, 0.0, 0.77345238095238
(387,), (422,), 0.0, 0.0, 0.79345238095238
(108,), (478,), 0.0, 0.0, 0.81345238095238
(118,), (444,), 0.0, 0.0, 0.8334523809523801
(53,), (308,), 0.0, 0.0, 0.8534523809523801
(331,), (426,), 0.0, 0.0, 0.8734523809523801
(334,), (51,), 0.0, 0.0, 0.8934523809523801
(143,), (160, 452, 138, 67, 69), 0.0, 0.032000000000000056, 0.9147857142857133
(193, 244, 236, 383, 364, 462, 313, 316), (194, 338), 0.014999999999999892, 0.020000000000000035, 0.9397857142857132
(271, 352), (193, 244, 236, 383, 364, 462, 313, 316, 194, 338), 0.020000000000000035, 0.05999999999999993, 0.9564523809523803
(497,), (167, 219), 0.0, 0.020000000000000035, 0.9831190476190469
(57,), (331, 426), 0.0, 0.020000000000000035, 1.0097857142857136
(305,), (263, 182), 0.0, 0.020000000000000035, 1.03645238095238
(211,), (305, 263, 182), 0.0, 0.046666666666666634, 1.0572857142857135
(202,), (133, 467), 0.0, 0.020000000000000035, 1.0839523809523801
(105, 330), (143, 160, 452, 138, 67, 69), 0.0, 0.053333333333333434, 1.1106190476190467
(367,), (195, 287), 0.0, 0.0, 1.1372857142857133
(458,), (506, 264), 0.0, 0.0, 1.16395238095238
(229,), (177, 404), 0.0, 0.0, 1.1906190476190468
(190,), (191, 66), 0.0, 0.0, 1.2172857142857136
(372,), (156, 139), 0.0, 0.0, 1.2439523809523805
(289,), (6, 277), 0.0, 0.0, 1.270619047619047
(457,), (87, 471), 0.0, 0.0, 1.2972857142857137
(469,), (125, 494), 0.0, 0.0, 1.3239523809523805
(20,), (17, 21), 0.0, 0.0, 1.3506190476190472
(481, 441, 445), (20, 17, 21), 0.0, 0.026666666666666717, 1.3772857142857142
(409,), (481, 441, 445, 20, 17, 21), 0.0, 0.05333333333333343, 1.392523809523809
(490,), (475, 429), 0.0, 0.0, 1.4191904761904757
(43,), (285, 161), 0.0, 0.0, 1.4458571428571423
(22,), (283, 374), 0.0, 0.0, 1.472523809523809
(49,), (257, 106), 0.0, 0.0, 1.4991904761904757
(323,), (293, 251), 0.0, 0.0, 1.5258571428571424
(42,), (41, 134, 129), 0.0, 0.0, 1.5558571428571426
(376,), (271, 352, 193, 244, 236, 383, 364, 462, 313, 316, 194, 338), 0.0, 0.09666666666666661, 1.5868827838827835
(384,), (314, 356, 324, 407, 74, 212), 0.0, 0.0, 1.621168498168498
(76, 272), (105, 330, 143, 160, 452, 138, 67, 69), 0.0049999999999999645, 0.08000000000000014, 1.6571684981684982
(394, 46, 205, 369, 60), (347, 362), 0.011999999999999915, 0.020000000000000035, 1.6937399267399258
(178, 355), (274, 486), 0.0, 0.020000000000000035, 1.7337399267399258
(122,), (409, 481, 441, 445, 20, 17, 21), 0.0, 0.0685714285714287, 1.773918498168498
(401,), (122, 409, 481, 441, 445, 20, 17, 21), 0.0, 0.10875000000000001, 1.8051684981684977
(104,), (401, 122, 409, 481, 441, 445, 20, 17, 21), 0.0, 0.13999999999999996, 1.830168498168497
(196, 286), (229, 177, 404), 0.0049999999999999645, 0.026666666666666717, 1.87050183150183
(349,), (196, 286, 229, 177, 404), 0.0, 0.07199999999999998, 1.8868351648351631
(214,), (280, 391, 321, 375), 0.0, 0.007499999999999948, 1.9273351648351629
(28,), (190, 191, 66), 0.0, 0.026666666666666717, 1.9681684981684964
(153,), (28, 190, 191, 66), 0.0, 0.06749999999999996, 1.9926684981684963
(428,), (150, 269, 427), 0.0, 0.006666666666666619, 2.0335018315018294
(49, 257, 106), (428, 150, 269, 427), 0.026666666666666717, 0.047499999999999966, 2.0536208791208774
(171,), (49, 257, 106, 428, 150, 269, 427), 0.0, 0.0942857142857143, 2.0680851648351632
(302,), (268, 455, 145), 0.0, 0.006666666666666619, 2.1089184981684967
(326,), (197, 488, 276), 0.0, 0.006666666666666619, 2.1497518315018302
(361,), (326, 197, 488, 276), 0.0, 0.047499999999999966, 2.1742518315018304
(180,), (95, 113), 0.0, 0.0049999999999999645, 2.215918498168497
(435,), (180, 95, 113), 0.0, 0.046666666666666634, 2.236751831501831
(304,), (507, 357), 0.0, 0.0049999999999999645, 2.2784184981684974
(162, 358, 273, 222, 117), (304, 507, 357), 0.011999999999999917, 0.046666666666666634, 2.2885018315018293
(36,), (162, 358, 273, 222, 117, 304, 507, 357), 0.0, 0.0687499999999999, 2.3286407203907196
(98,), (36, 162, 358, 273, 222, 117, 304, 507, 357), 0.0, 0.10888888888888879, 2.360751831501832
(78,), (52, 107), 0.0, 0.0049999999999999645, 2.402418498168499
(192,), (148, 336), 0.0, 0.0049999999999999645, 2.444085164835166
(8,), (10, 163), 0.0, 0.0049999999999999645, 2.4857518315018328
(90,), (227,), 0.0, 0.0, 2.5307518315018327
(442,), (90, 227), 0.0, 0.04499999999999994, 2.545751831501833
(147,), (146,), 0.0, 0.0, 2.5907518315018327
(242,), (184,), 0.0, 0.0, 2.6357518315018327
(394, 46, 205, 369, 60, 347, 362), (242, 184), 0.06857142857142846, 0.04499999999999995, 2.6644026251526274
(395,), (484,), 0.0, 0.0, 2.7094026251526273
(233,), (359,), 0.0, 0.0, 2.7544026251526272
(216,), (240,), 0.0, 0.0, 2.799402625152627
(100,), (39,), 0.0, 0.0, 2.844402625152627
(31,), (100, 39), 0.0, 0.04499999999999995, 2.8594026251526277
(217,), (385,), 0.0, 0.0, 2.9044026251526276
(38,), (116,), 0.0, 0.0, 2.9494026251526275
(33,), (440,), 0.0, 0.0, 2.9944026251526275
(19,), (62,), 0.0, 0.0, 3.0394026251526274
(119,), (204,), 0.0, 0.0, 3.0844026251526273
(501,), (384, 314, 356, 324, 407, 74, 212), 0.0, 0.03428571428571436, 3.1301169108669127
(166,), (501, 384, 314, 356, 324, 407, 74, 212), 0.0, 0.08000000000000014, 3.1656724664224694
(252,), (480, 82, 470), 0.0, 0.006666666666666619, 3.2190057997558026
(136,), (80, 114, 144), 0.0, 0.006666666666666619, 3.2723391330891354
(438,), (340, 64, 248), 0.0, 0.006666666666666619, 3.325672466422468
(270,), (438, 340, 64, 248), 0.0, 0.05999999999999993, 3.357672466422468
(45,), (84, 266, 159, 206, 131), 0.0, 0.011999999999999915, 3.4140057997558015
(476,), (394, 46, 205, 369, 60, 347, 362, 242, 184), 0.0, 0.1422222222222221, 3.47278357753358
(298, 259, 503), (372, 156, 139), 0.006666666666666619, 0.026666666666666717, 3.5327835775335803
(417,), (489, 377), 0.0, 0.0, 3.59278357753358
(142,), (155, 3), 0.0, 0.0, 3.6527835775335804
(301,), (406, 317), 0.0, 0.0, 3.712783577533581
(26,), (27, 103), 0.0, 0.020000000000000035, 3.772783577533581
(149,), (72, 115, 174, 63), 0.0, 0.007499999999999947, 3.8332835775335803
(123, 281), (119, 204), 0.020000000000000035, 0.04499999999999995, 3.895783577533579
(57, 331, 426), (123, 281, 119, 204), 0.046666666666666634, 0.1275, 3.915902625152628
(307, 418), (217, 385), 0.020000000000000035, 0.04499999999999995, 3.978402625152627
(70,), (307, 418, 217, 385), 0.0, 0.1275, 4.018902625152627
(189, 230), (48, 121), 0.0, 0.0049999999999999645, 4.081402625152627
(135, 451), (463, 464), 0.0, 0.0049999999999999645, 4.143902625152627
(25, 278), (70, 307, 418, 217, 385), 0.020000000000000035, 0.16800000000000004, 4.2130454822954855
(253,), (166, 501, 384, 314, 356, 324, 407, 74, 212), 0.0, 0.1155555555555558, 4.28248992673993
(86,), (439,), 0.0, 0.0, 4.36248992673993
(477,), (59,), 0.0, 0.0, 4.44248992673993
(99,), (498,), 0.0, 0.0, 4.52248992673993
(120,), (402,), 0.0, 0.0, 4.60248992673993
(215,), (186,), 0.0, 0.0, 4.6824899267399305
(376, 271, 352, 193, 244, 236, 383, 364, 462, 313, 316, 194, 338), (215, 186), 0.12769230769230772, 0.08000000000000014, 4.732130952380953
(433,), (419,), 0.0, 0.0, 4.8121309523809535
(479,), (366,), 0.0, 0.0, 4.8921309523809535
(474,), (479, 366), 0.0, 0.08000000000000014, 4.918797619047621
(421,), (187,), 0.0, 0.0, 4.998797619047621
(9,), (421, 187), 0.0, 0.08000000000000014, 5.0587976190476205
(397,), (19, 62), 0.0, 0.04499999999999995, 5.140464285714287
(23,), (323, 293, 251), 0.0, 0.026666666666666717, 5.2237976190476205
(153, 28, 190, 191, 66), (23, 323, 293, 251), 0.09199999999999992, 0.1100000000000002, 5.250686507936506
(387, 422), (458, 506, 264), 0.020000000000000035, 0.026666666666666717, 5.33601984126984
(211, 305, 263, 182), (387, 422, 458, 506, 264), 0.06749999999999996, 0.13199999999999995, 5.365408730158729
(311,), (214, 280, 391, 321, 375), 0.0, 0.04799999999999998, 5.450742063492062
(344,), (349, 196, 286, 229, 177, 404), 0.0, 0.08833333333333332, 5.536694444444442
(228,), (211, 305, 263, 182, 387, 422, 458, 506, 264), 0.0, 0.2288888888888888, 5.6238055555555535
(225,), (153, 28, 190, 191, 66, 23, 323, 293, 251), 0.0, 0.22888888888888897, 5.710916666666665
(500, 434), (32, 412), 0.020000000000000035, 0.020000000000000035, 5.800916666666667
(437, 450), (118, 444), 0.0, 0.020000000000000035, 5.890916666666667
(472,), (42, 41, 134, 129), 0.0, 0.030000000000000054, 5.988916666666667
(291,), (98, 36, 162, 358, 273, 222, 117, 304, 507, 357), 0.0, 0.14099999999999988, 6.08791666666667
(175,), (291, 98, 36, 162, 358, 273, 222, 117, 304, 507, 357), 0.0, 0.23999999999999994, 6.170416666666673
(482,), (175, 291, 98, 36, 162, 358, 273, 222, 117, 304, 507, 357), 0.0, 0.32249999999999995, 6.240224358974363
(158,), (76, 272, 105, 330, 143, 160, 452, 138, 67, 69), 0.0, 0.12100000000000007, 6.339224358974361
(55,), (78, 52, 107), 0.0, 0.046666666666666634, 6.440057692307695
(93,), (8, 10, 163), 0.0, 0.046666666666666634, 6.540891025641028
(77,), (93, 8, 10, 163), 0.0, 0.14750000000000008, 6.581391025641028
(126,), (295, 234), 0.0, 0.020000000000000035, 6.688057692307694
(432,), (35, 325), 0.0, 0.020000000000000035, 6.79472435897436
(50,), (334, 51), 0.0, 0.020000000000000035, 6.901391025641026
(491,), (253, 166, 501, 384, 314, 356, 324, 407, 74, 212), 0.0, 0.18500000000000005, 7.012754662004665
(389,), (104, 401, 122, 409, 481, 441, 445, 20, 17, 21), 0.0, 0.1649999999999999, 7.124118298368303
(282,), (376, 271, 352, 193, 244, 236, 383, 364, 462, 313, 316, 194, 338, 215, 186), 0.0, 0.25733333333333347, 7.236784965034973
(249,), (282, 376, 271, 352, 193, 244, 236, 383, 364, 462, 313, 316, 194, 338, 215, 186), 0.0, 0.37000000000000033, 7.33619672974085
(408, 378), (476, 394, 46, 205, 369, 60, 347, 362, 242, 184), 0.0, 0.20099999999999985, 7.45769672974085
(165,), (465,), 0.0, 0.0, 7.58269672974085
(111,), (297,), 0.0, 0.0, 7.70769672974085
(157, 303), (111, 297), 0.0, 0.125, 7.77019672974085
(5,), (157, 303, 111, 297), 0.0, 0.1875, 7.88269672974085
(436,), (5, 157, 303, 111, 297), 0.0, 0.30000000000000004, 7.916030063074182
(164,), (423,), 0.0, 0.0, 8.041030063074182
(81,), (454,), 0.0, 0.0, 8.166030063074182
(151,), (294,), 0.0, 0.0, 8.291030063074182
(267,), (151, 294), 0.0, 0.125, 8.372696729740847
(435, 180, 95, 113), (189, 230, 48, 121), 0.06749999999999996, 0.06749999999999996, 8.497696729740845
(124,), (43, 285, 161), 0.0, 0.026666666666666717, 8.63853006307418
(408, 378, 476, 394, 46, 205, 369, 60, 347, 362, 242, 184), (124, 43, 285, 161), 0.32249999999999984, 0.1675, 8.758530063074177
(237,), (284, 333, 337), 0.0, 0.00666666666666662, 8.899363396407512
(110,), (262, 47, 221), 0.0, 0.006666666666666619, 9.040196729740845
(343,), (13, 255, 261, 260), 0.0, 0.007499999999999948, 9.18469672974085
(238,), (249, 282, 376, 271, 352, 193, 244, 236, 383, 364, 462, 313, 316, 194, 338, 215, 186), 0.0, 0.4694117647058829, 9.331396076146078
(207, 453, 246), (491, 253, 166, 501, 384, 314, 356, 324, 407, 74, 212), 0.006666666666666619, 0.29636363636363633, 9.480508630258635
(390,), (171, 49, 257, 106, 428, 150, 269, 427), 0.0, 0.10875000000000001, 9.631758630258632
(275, 300), (390, 171, 49, 257, 106, 428, 150, 269, 427), 0.0, 0.25999999999999995, 9.748122266622273
(149, 72, 115, 174, 63), (275, 300, 390, 171, 49, 257, 106, 428, 150, 269, 427), 0.06799999999999991, 0.3763636363636365, 9.888133630258636
(431, 254, 461), (472, 42, 41, 134, 129), 0.026666666666666713, 0.12799999999999997, 10.042216963591965
(185, 127, 183), (252, 480, 82, 470), 0.0, 0.05999999999999993, 10.19650267787768
(474, 479, 366), (185, 127, 183, 252, 480, 82, 470), 0.10666666666666685, 0.21428571428571427, 10.315550296925293
(101,), (225, 153, 28, 190, 191, 66, 23, 323, 293, 251), 0.0, 0.3160000000000001, 10.475913933288934
(342,), (344, 349, 196, 286, 229, 177, 404), 0.0, 0.17428571428571443, 10.63662821900322
(243,), (361, 326, 197, 488, 276), 0.0, 0.07199999999999998, 10.797961552336552
(188, 37, 292, 200, 247), (320, 430), 0.011999999999999915, 0.020000000000000035, 10.963104409479412
(181,), (373, 226), 0.0, 0.0, 11.12977107614608
(94, 353), (311, 214, 280, 391, 321, 375), 0.020000000000000035, 0.13333333333333325, 11.296437742812744
(24,), (25, 278, 70, 307, 418, 217, 385), 0.0, 0.25714285714285706, 11.46804488566988
(33, 440), (207, 453, 246, 491, 253, 166, 501, 384, 314, 356, 324, 407, 74, 212), 0.04499999999999995, 0.4521428571428572, 11.64090202852703
(360,), (33, 440, 207, 453, 246, 491, 253, 166, 501, 384, 314, 356, 324, 407, 74, 212), 0.0, 0.6699999999999998, 11.810902028527025
(499,), (493,), 0.0, 0.0, 11.990902028527024
(136, 80, 114, 144), (499, 493), 0.05999999999999993, 0.1799999999999998, 12.110902028527022
(492,), (137,), 0.0, 0.0, 12.290902028527022
(424,), (435, 180, 95, 113, 189, 230, 48, 121), 0.0, 0.25999999999999995, 12.470902028527018
(442, 90, 227), (431, 254, 461, 472, 42, 41, 134, 129), 0.05999999999999993, 0.3087500000000003, 12.651242937617932
(109,), (302, 268, 455, 145), 0.0, 0.047499999999999966, 12.831742937617932
(309,), (482, 175, 291, 98, 36, 162, 358, 273, 222, 117, 304, 507, 357), 0.0, 0.39230769230769214, 13.023006673881678
(31, 100, 39), (442, 90, 227, 431, 254, 461, 472, 42, 41, 134, 129), 0.05999999999999993, 0.5490909090909093, 13.222487193362197
(410,), (178, 355, 274, 486), 0.0, 0.05999999999999993, 13.422487193362192
(128, 420), (497, 167, 219), 0.0049999999999999645, 0.046666666666666634, 13.630820526695528
(329,), (24, 25, 278, 70, 307, 418, 217, 385), 0.0, 0.42875000000000013, 13.842070526695528
(152, 348), (192, 148, 336), 0.020000000000000035, 0.046666666666666634, 14.067403860028863
(416,), (4, 34), 0.0, 0.020000000000000035, 14.307403860028863
(466,), (345, 14, 15), 0.0, 0.006666666666666619, 14.548237193362196
(343, 13, 255, 261, 260), (466, 345, 14, 15), 0.15200000000000008, 0.24749999999999972, 14.67095941558442
(85,), (289, 6, 277), 0.0, 0.026666666666666717, 14.911792748917753
(504,), (79, 168, 176, 89, 413, 91, 414), 0.0, 0.014285714285714185, 15.15625703463204
(327, 339), (241, 265), 0.020000000000000035, 0.020000000000000035, 15.406257034632041
(315,), (309, 482, 175, 291, 98, 36, 162, 358, 273, 222, 117, 304, 507, 357), 0.0, 0.5835714285714286, 15.660018939393941
(424, 435, 180, 95, 113, 189, 230, 48, 121), (315, 309, 482, 175, 291, 98, 36, 162, 358, 273, 222, 117, 304, 507, 357), 0.44000000000000006, 0.8373333333333335, 15.732268939393949
(505,), (393, 508, 239, 443), 0.0, 0.007499999999999948, 15.99676893939395
(487,), (94, 353, 311, 214, 280, 391, 321, 375), 0.0, 0.32000000000000023, 16.26565782828284
(99, 498), (487, 94, 353, 311, 214, 280, 391, 321, 375), 0.08000000000000014, 0.5888888888888892, 16.338587121212132
(392,), (38, 116), 0.0, 0.04499999999999995, 16.620253787878795
(299,), (45, 84, 266, 159, 206, 131), 0.0, 0.06833333333333322, 16.911920454545463
(55, 78, 52, 107), (299, 45, 84, 266, 159, 206, 131), 0.14750000000000008, 0.35999999999999976, 17.10442045454547
(109, 302, 268, 455, 145), (55, 78, 52, 107, 299, 45, 84, 266, 159, 206, 131), 0.22799999999999987, 0.6999999999999998, 17.21579545454547
(132,), (469, 125, 494), 0.0, 0.026666666666666717, 17.516628787878805
(2, 54), (147, 146), 0.0, 0.04499999999999995, 17.819128787878803
(220,), (228, 211, 305, 263, 182, 387, 422, 458, 506, 264), 0.0, 0.31599999999999995, 18.124946969696968
(386,), (389, 104, 401, 122, 409, 481, 441, 445, 20, 17, 21), 0.0, 0.27636363636363637, 18.435249999999996
(92,), (135, 451, 463, 464), 0.0, 0.06749999999999996, 18.747749999999996
(154,), (368,), 0.0, 0.0, 19.067749999999997
(179, 288), (188, 37, 292, 200, 247, 320, 430), 0.020000000000000035, 0.1971428571428572, 19.392829365079358
(279,), (335, 381), 0.0, 0.020000000000000035, 19.71949603174602
(446,), (437, 450, 118, 444), 0.0, 0.1100000000000002, 20.057496031746016
(96,), (270, 438, 340, 64, 248), 0.0, 0.09199999999999992, 20.398829365079347
(319, 456), (504, 79, 168, 176, 89, 413, 91, 414), 0.0, 0.25874999999999976, 20.741079365079347
(298, 259, 503, 372, 156, 139), (319, 456, 504, 79, 168, 176, 89, 413, 91, 414), 0.09333333333333327, 0.6009999999999996, 20.951121031746013
(485, 425, 415, 256), (298, 259, 503, 372, 156, 139, 319, 456, 504, 79, 168, 176, 89, 413, 91, 414), 0.007499999999999948, 0.904375, 21.16124603174602
(449,), (485, 425, 415, 256, 298, 259, 503, 372, 156, 139, 319, 456, 504, 79, 168, 176, 89, 413, 91, 414), 0.0, 1.1219999999999994, 21.470674603174572
(158, 76, 272, 105, 330, 143, 160, 452, 138, 67, 69), (329, 24, 25, 278, 70, 307, 418, 217, 385), 0.22000000000000022, 0.64, 21.82267460317458
(57, 331, 426, 123, 281, 119, 204), (109, 302, 268, 455, 145, 55, 78, 52, 107, 299, 45, 84, 266, 159, 206, 131), 0.19428571428571423, 1.0393749999999997, 22.183796497584506
(152, 348, 192, 148, 336), (99, 498, 487, 94, 353, 311, 214, 280, 391, 321, 375), 0.29200000000000004, 0.7418181818181824, 22.564353315766322
(110, 262, 47, 221), (57, 331, 426, 123, 281, 119, 204, 109, 302, 268, 455, 145, 55, 78, 52, 107, 299, 45, 84, 266, 159, 206, 131), 0.1475000000000001, 1.594782608695652, 22.948737373737348
(233, 359), (110, 262, 47, 221, 57, 331, 426, 123, 281, 119, 204, 109, 302, 268, 455, 145, 55, 78, 52, 107, 299, 45, 84, 266, 159, 206, 131), 0.04499999999999995, 2.1266666666666665, 23.30741553465691
(81, 454), (233, 359, 110, 262, 47, 221, 57, 331, 426, 123, 281, 119, 204, 109, 302, 268, 455, 145, 55, 78, 52, 107, 299, 45, 84, 266, 159, 206, 131), 0.125, 2.530344827586207, 23.594006190941645
(108, 478), (474, 479, 366, 185, 127, 183, 252, 480, 82, 470), 0.020000000000000035, 0.44000000000000017, 24.010672857608302
(7,), (31, 100, 39, 442, 90, 227, 431, 254, 461, 472, 42, 41, 134, 129), 0.0, 0.8085714285714285, 24.431434762370227
(388, 396), (395, 484), 0.0, 0.04499999999999995, 24.85393476237023
(126, 295, 234), (388, 396, 395, 484), 0.12666666666666665, 0.46749999999999986, 25.074053809989266
(68,), (101, 225, 153, 28, 190, 191, 66, 23, 323, 293, 251), 0.0, 0.4763636363636365, 25.500190173625626
(258,), (238, 249, 282, 376, 271, 352, 193, 244, 236, 383, 364, 462, 313, 316, 194, 338, 215, 186), 0.0, 0.6161111111111117, 25.928289588830317
(201,), (258, 238, 249, 282, 376, 271, 352, 193, 244, 236, 383, 364, 462, 313, 316, 194, 338, 215, 186), 0.0, 1.0442105263157901, 26.313579062514528
(350,), (201, 258, 238, 249, 282, 376, 271, 352, 193, 244, 236, 383, 364, 462, 313, 316, 194, 338, 215, 186), 0.0, 1.4294999999999993, 26.662174300609745
(351, 354), (350, 201, 258, 238, 249, 282, 376, 271, 352, 193, 244, 236, 383, 364, 462, 313, 316, 194, 338, 215, 186), 0.0, 1.778095238095239, 27.076252975557985
(449, 485, 425, 415, 256, 298, 259, 503, 372, 156, 139, 319, 456, 504, 79, 168, 176, 89, 413, 91, 414), (126, 295, 234, 388, 396, 395, 484), 1.4314285714285708, 0.8142857142857138, 27.50482440412943
(318,), (408, 378, 476, 394, 46, 205, 369, 60, 347, 362, 242, 184, 124, 43, 285, 161), 0.0, 0.6099999999999998, 27.933647933541195
(149, 72, 115, 174, 63, 275, 300, 390, 171, 49, 257, 106, 428, 150, 269, 427), (386, 389, 104, 401, 122, 409, 481, 441, 445, 20, 17, 21), 0.5843749999999999, 0.5866666666666669, 28.36939198116023
(202, 133, 467), (446, 437, 450, 118, 444), 0.046666666666666634, 0.44800000000000023, 28.813475314493573
(224,), (449, 485, 425, 415, 256, 298, 259, 503, 372, 156, 139, 319, 456, 504, 79, 168, 176, 89, 413, 91, 414, 126, 295, 234, 388, 396, 395, 484), 0.0, 2.674285714285713, 29.267465462276814
(360, 33, 440, 207, 453, 246, 491, 253, 166, 501, 384, 314, 356, 324, 407, 74, 212), (85, 289, 6, 277), 0.8400000000000001, 0.2675000000000001, 29.722822605133953
(209, 341), (220, 228, 211, 305, 263, 182, 387, 422, 458, 506, 264), 0.0049999999999999645, 0.6218181818181816, 30.185235192546553
(235, 231, 173), (209, 341, 220, 228, 211, 305, 263, 182, 387, 422, 458, 506, 264), 0.006666666666666619, 1.0892307692307688, 30.626837756649106
(351, 354, 350, 201, 258, 238, 249, 282, 376, 271, 352, 193, 244, 236, 383, 364, 462, 313, 316, 194, 338, 215, 186), (360, 33, 440, 207, 453, 246, 491, 253, 166, 501, 384, 314, 356, 324, 407, 74, 212, 85, 289, 6, 277), 2.1921739130434785, 1.5628571428571436, 31.093624882566665
(342, 344, 349, 196, 286, 229, 177, 404), (351, 354, 350, 201, 258, 238, 249, 282, 376, 271, 352, 193, 244, 236, 383, 364, 462, 313, 316, 194, 338, 215, 186, 360, 33, 440, 207, 453, 246, 491, 253, 166, 501, 384, 314, 356, 324, 407, 74, 212, 85, 289, 6, 277), 0.3350000000000002, 4.221818181818183, 31.5560374699793
(164, 423), (505, 393, 508, 239, 443), 0.125, 0.27199999999999963, 32.05332318426502
(346,), (243, 361, 326, 197, 488, 276), 0.0, 0.23333333333333323, 32.557132708074526
(457, 87, 471), (7, 31, 100, 39, 442, 90, 227, 431, 254, 461, 472, 42, 41, 134, 129), 0.026666666666666717, 1.2293333333333332, 33.08613270807452
(170,), (136, 80, 114, 144, 499, 493), 0.0, 0.35999999999999976, 33.634704136645944
(301, 406, 317), (318, 408, 378, 476, 394, 46, 205, 369, 60, 347, 362, 242, 184, 124, 43, 285, 161), 0.05999999999999993, 1.0388235294117643, 34.185380607234215
(179, 288, 188, 37, 292, 200, 247, 320, 430), (152, 348, 192, 148, 336, 99, 498, 487, 94, 353, 311, 214, 280, 391, 321, 375), 0.5422222222222224, 1.4143750000000002, 34.75038338501202
(224, 449, 485, 425, 415, 256, 298, 259, 503, 372, 156, 139, 319, 456, 504, 79, 168, 176, 89, 413, 91, 414, 126, 295, 234, 388, 396, 395, 484), (170, 136, 80, 114, 144, 499, 493), 3.1282758620689646, 0.9085714285714284, 35.34103609437166
(96, 270, 438, 340, 64, 248), (224, 449, 485, 425, 415, 256, 298, 259, 503, 372, 156, 139, 319, 456, 504, 79, 168, 176, 89, 413, 91, 414, 126, 295, 234, 388, 396, 395, 484, 170, 136, 80, 114, 144, 499, 493), 0.4333333333333331, 4.627499999999998, 35.52996466580016
(58,), (81, 454, 233, 359, 110, 262, 47, 221, 57, 331, 426, 123, 281, 119, 204, 109, 302, 268, 455, 145, 55, 78, 52, 107, 299, 45, 84, 266, 159, 206, 131), 0.0, 2.941935483870968, 36.125216681929196
(1,), (142, 155, 3), 0.0, 0.05999999999999993, 36.7327166819292
(2, 54, 147, 146), (1, 142, 155, 3), 0.34750000000000025, 0.6675, 37.05271668192918
(58, 81, 454, 233, 359, 110, 262, 47, 221, 57, 331, 426, 123, 281, 119, 204, 109, 302, 268, 455, 145, 55, 78, 52, 107, 299, 45, 84, 266, 159, 206, 131), (2, 54, 147, 146, 1, 142, 155, 3), 3.5371875, 1.335, 37.57027918192922
(365,), (342, 344, 349, 196, 286, 229, 177, 404, 351, 354, 350, 201, 258, 238, 249, 282, 376, 271, 352, 193, 244, 236, 383, 364, 462, 313, 316, 194, 338, 215, 186, 360, 33, 440, 207, 453, 246, 491, 253, 166, 501, 384, 314, 356, 324, 407, 74, 212, 85, 289, 6, 277), 0.0, 5.01923076923077, 38.19218048817013
(417, 489, 377), (149, 72, 115, 174, 63, 275, 300, 390, 171, 49, 257, 106, 428, 150, 269, 427, 386, 389, 104, 401, 122, 409, 481, 441, 445, 20, 17, 21), 0.05999999999999993, 1.606785714285715, 38.840878644852125
(312,), (179, 288, 188, 37, 292, 200, 247, 320, 430, 152, 348, 192, 148, 336, 99, 498, 487, 94, 353, 311, 214, 280, 391, 321, 375), 0.0, 2.5216000000000016, 39.52581710639053
(432, 35, 325), (457, 87, 471, 7, 31, 100, 39, 442, 90, 227, 431, 254, 461, 472, 42, 41, 134, 129), 0.12666666666666665, 1.7849999999999997, 40.21224567781909
(495, 459), (432, 35, 325, 457, 87, 471, 7, 31, 100, 39, 442, 90, 227, 431, 254, 461, 472, 42, 41, 134, 129), 0.0, 2.598095238095238, 40.71328087450644
(433, 419), (132, 469, 125, 494), 0.08000000000000014, 0.3275000000000001, 41.41411420783977
(53, 308), (77, 93, 8, 10, 163), 0.020000000000000035, 0.188, 42.15468563641121
(223,), (235, 231, 173, 209, 341, 220, 228, 211, 305, 263, 182, 387, 422, 458, 506, 264), 0.0, 1.5374999999999999, 42.89600916582301
(500, 434, 32, 412), (495, 459, 432, 35, 325, 457, 87, 471, 7, 31, 100, 39, 442, 90, 227, 431, 254, 461, 472, 42, 41, 134, 129), 0.12999999999999998, 3.0991304347826074, 43.65428613844786
(392, 38, 116), (96, 270, 438, 340, 64, 248, 224, 449, 485, 425, 415, 256, 298, 259, 503, 372, 156, 139, 319, 456, 504, 79, 168, 176, 89, 413, 91, 414, 126, 295, 234, 388, 396, 395, 484, 170, 136, 80, 114, 144, 499, 493), 0.32666666666666655, 5.249761904761904, 44.44363534479706
(232,), (181, 373, 226), 0.0, 0.16666666666666652, 45.244468678130396
(140,), (343, 13, 255, 261, 260, 466, 345, 14, 15), 0.0, 0.5222222222222221, 46.066246455908164
(130,), (140, 343, 13, 255, 261, 260, 466, 345, 14, 15), 0.0, 1.3439999999999996, 46.73861009227182
(365, 342, 344, 349, 196, 286, 229, 177, 404, 351, 354, 350, 201, 258, 238, 249, 282, 376, 271, 352, 193, 244, 236, 383, 364, 462, 313, 316, 194, 338, 215, 186, 360, 33, 440, 207, 453, 246, 491, 253, 166, 501, 384, 314, 356, 324, 407, 74, 212, 85, 289, 6, 277), (223, 235, 231, 173, 209, 341, 220, 228, 211, 305, 263, 182, 387, 422, 458, 506, 264), 5.641132075471702, 2.2788235294117642, 47.57008305881702
(120, 402), (365, 342, 344, 349, 196, 286, 229, 177, 404, 351, 354, 350, 201, 258, 238, 249, 282, 376, 271, 352, 193, 244, 236, 383, 364, 462, 313, 316, 194, 338, 215, 186, 360, 33, 440, 207, 453, 246, 491, 253, 166, 501, 384, 314, 356, 324, 407, 74, 212, 85, 289, 6, 277, 223, 235, 231, 173, 209, 341, 220, 228, 211, 305, 263, 182, 387, 422, 458, 506, 264), 0.08000000000000014, 8.751428571428571, 48.37365448738838
(208,), (120, 402, 365, 342, 344, 349, 196, 286, 229, 177, 404, 351, 354, 350, 201, 258, 238, 249, 282, 376, 271, 352, 193, 244, 236, 383, 364, 462, 313, 316, 194, 338, 215, 186, 360, 33, 440, 207, 453, 246, 491, 253, 166, 501, 384, 314, 356, 324, 407, 74, 212, 85, 289, 6, 277, 223, 235, 231, 173, 209, 341, 220, 228, 211, 305, 263, 182, 387, 422, 458, 506, 264), 0.0, 9.635000000000005, 49.21755859697742
(447,), (68, 101, 225, 153, 28, 190, 191, 66, 23, 323, 293, 251), 0.0, 0.9025, 50.095058596977424
(26, 27, 103), (447, 68, 101, 225, 153, 28, 190, 191, 66, 23, 323, 293, 251), 0.08000000000000014, 1.7799999999999998, 50.97255859697743
(477, 59), (301, 406, 317, 318, 408, 378, 476, 394, 46, 205, 369, 60, 347, 362, 242, 184, 124, 43, 285, 161), 0.08000000000000014, 1.6494999999999989, 51.87624041515921
(22, 283, 374), (237, 284, 333, 337), 0.026666666666666717, 0.1475000000000001, 52.81921660563539
(424, 435, 180, 95, 113, 189, 230, 48, 121, 315, 309, 482, 175, 291, 98, 36, 162, 358, 273, 222, 117, 304, 507, 357), (22, 283, 374, 237, 284, 333, 337), 1.349583333333333, 1.1171428571428568, 53.0666839635463
(382,), (312, 179, 288, 188, 37, 292, 200, 247, 320, 430, 152, 348, 192, 148, 336, 99, 498, 487, 94, 353, 311, 214, 280, 391, 321, 375), 0.0, 3.206538461538462, 54.051997353859676
(322,), (382, 312, 179, 288, 188, 37, 292, 200, 247, 320, 430, 152, 348, 192, 148, 336, 99, 498, 487, 94, 353, 311, 214, 280, 391, 321, 375), 0.0, 4.191851851851851, 54.9669312162935
(216, 240), (208, 120, 402, 365, 342, 344, 349, 196, 286, 229, 177, 404, 351, 354, 350, 201, 258, 238, 249, 282, 376, 271, 352, 193, 244, 236, 383, 364, 462, 313, 316, 194, 338, 215, 186, 360, 33, 440, 207, 453, 246, 491, 253, 166, 501, 384, 314, 356, 324, 407, 74, 212, 85, 289, 6, 277, 223, 235, 231, 173, 209, 341, 220, 228, 211, 305, 263, 182, 387, 422, 458, 506, 264), 0.04499999999999995, 10.478904109589035, 56.02622710670447
(83,), (130, 140, 343, 13, 255, 261, 260, 466, 345, 14, 15), 0.0, 2.0163636363636366, 57.09903013700753
(411,), (417, 489, 377, 149, 72, 115, 174, 63, 275, 300, 390, 171, 49, 257, 106, 428, 150, 269, 427, 386, 389, 104, 401, 122, 409, 481, 441, 445, 20, 17, 21), 0.0, 2.3154838709677423, 58.18354626603978
(18,), (411, 417, 489, 377, 149, 72, 115, 174, 63, 275, 300, 390, 171, 49, 257, 106, 428, 150, 269, 427, 386, 389, 104, 401, 122, 409, 481, 441, 445, 20, 17, 21), 0.0, 3.4000000000000012, 59.202334144827674
(436, 5, 157, 303, 111, 297), (410, 178, 355, 274, 486), 0.33333333333333337, 0.25999999999999973, 60.296273538767075
(86, 439), (158, 76, 272, 105, 330, 143, 160, 452, 138, 67, 69, 329, 24, 25, 278, 70, 307, 418, 217, 385), 0.08000000000000004, 1.2119999999999995, 61.40245535694893
(468,), (216, 240, 208, 120, 402, 365, 342, 344, 349, 196, 286, 229, 177, 404, 351, 354, 350, 201, 258, 238, 249, 282, 376, 271, 352, 193, 244, 236, 383, 364, 462, 313, 316, 194, 338, 215, 186, 360, 33, 440, 207, 453, 246, 491, 253, 166, 501, 384, 314, 356, 324, 407, 74, 212, 85, 289, 6, 277, 223, 235, 231, 173, 209, 341, 220, 228, 211, 305, 263, 182, 387, 422, 458, 506, 264), 0.0, 11.5832, 62.52807114642257
(213,), (468, 216, 240, 208, 120, 402, 365, 342, 344, 349, 196, 286, 229, 177, 404, 351, 354, 350, 201, 258, 238, 249, 282, 376, 271, 352, 193, 244, 236, 383, 364, 462, 313, 316, 194, 338, 215, 186, 360, 33, 440, 207, 453, 246, 491, 253, 166, 501, 384, 314, 356, 324, 407, 74, 212, 85, 289, 6, 277, 223, 235, 231, 173, 209, 341, 220, 228, 211, 305, 263, 182, 387, 422, 458, 506, 264), 0.0, 12.70881578947369, 63.62445016214376
(392, 38, 116, 96, 270, 438, 340, 64, 248, 224, 449, 485, 425, 415, 256, 298, 259, 503, 372, 156, 139, 319, 456, 504, 79, 168, 176, 89, 413, 91, 414, 126, 295, 234, 388, 396, 395, 484, 170, 136, 80, 114, 144, 499, 493), (477, 59, 301, 406, 317, 318, 408, 378, 476, 394, 46, 205, 369, 60, 347, 362, 242, 184, 124, 43, 285, 161), 6.365777777777776, 2.633181818181817, 64.77205773036333
(490, 475, 429), (18, 411, 417, 489, 377, 149, 72, 115, 174, 63, 275, 300, 390, 171, 49, 257, 106, 428, 150, 269, 427, 386, 389, 104, 401, 122, 409, 481, 441, 445, 20, 17, 21), 0.026666666666666717, 4.418787878787882, 65.97215874046444
(327, 339, 241, 265), (322, 382, 312, 179, 288, 188, 37, 292, 200, 247, 320, 430, 152, 348, 192, 148, 336, 99, 498, 487, 94, 353, 311, 214, 280, 391, 321, 375), 0.29000000000000004, 5.106785714285716, 67.18756052617866
(165, 465), (92, 135, 451, 463, 464), 0.12499999999999989, 0.38, 68.47684624046438
(392, 38, 116, 96, 270, 438, 340, 64, 248, 224, 449, 485, 425, 415, 256, 298, 259, 503, 372, 156, 139, 319, 456, 504, 79, 168, 176, 89, 413, 91, 414, 126, 295, 234, 388, 396, 395, 484, 170, 136, 80, 114, 144, 499, 493, 477, 59, 301, 406, 317, 318, 408, 378, 476, 394, 46, 205, 369, 60, 347, 362, 242, 184, 124, 43, 285, 161), (165, 465, 92, 135, 451, 463, 464), 10.146567164179107, 1.794285714285714, 68.7981555241617
(397, 19, 62), (490, 475, 429, 18, 411, 417, 489, 377, 149, 72, 115, 174, 63, 275, 300, 390, 171, 49, 257, 106, 428, 150, 269, 427, 386, 389, 104, 401, 122, 409, 481, 441, 445, 20, 17, 21), 0.12666666666666665, 5.645555555555554, 70.17670253270882
(141,), (392, 38, 116, 96, 270, 438, 340, 64, 248, 224, 449, 485, 425, 415, 256, 298, 259, 503, 372, 156, 139, 319, 456, 504, 79, 168, 176, 89, 413, 91, 414, 126, 295, 234, 388, 396, 395, 484, 170, 136, 80, 114, 144, 499, 493, 477, 59, 301, 406, 317, 318, 408, 378, 476, 394, 46, 205, 369, 60, 347, 362, 242, 184, 124, 43, 285, 161, 165, 465, 92, 135, 451, 463, 464), 0.0, 12.262162162162154, 71.67534037054651
(399, 75), (213, 468, 216, 240, 208, 120, 402, 365, 342, 344, 349, 196, 286, 229, 177, 404, 351, 354, 350, 201, 258, 238, 249, 282, 376, 271, 352, 193, 244, 236, 383, 364, 462, 313, 316, 194, 338, 215, 186, 360, 33, 440, 207, 453, 246, 491, 253, 166, 501, 384, 314, 356, 324, 407, 74, 212, 85, 289, 6, 277, 223, 235, 231, 173, 209, 341, 220, 228, 211, 305, 263, 182, 387, 422, 458, 506, 264), 0.0049999999999999645, 13.805194805194803, 73.28868986914898
(50, 334, 51), (58, 81, 454, 233, 359, 110, 262, 47, 221, 57, 331, 426, 123, 281, 119, 204, 109, 302, 268, 455, 145, 55, 78, 52, 107, 299, 45, 84, 266, 159, 206, 131, 2, 54, 147, 146, 1, 142, 155, 3), 0.12666666666666665, 5.38975, 74.93971506294737
(492, 137), (50, 334, 51, 58, 81, 454, 233, 359, 110, 262, 47, 221, 57, 331, 426, 123, 281, 119, 204, 109, 302, 268, 455, 145, 55, 78, 52, 107, 299, 45, 84, 266, 159, 206, 131, 2, 54, 147, 146, 1, 142, 155, 3), 0.17999999999999994, 7.167441860465116, 76.66027320248227
(218,), (327, 339, 241, 265, 322, 382, 312, 179, 288, 188, 37, 292, 200, 247, 320, 430, 152, 348, 192, 148, 336, 99, 498, 487, 94, 353, 311, 214, 280, 391, 321, 375), 0.0, 6.612187499999997, 78.65535842975504
(108, 478, 474, 479, 366, 185, 127, 183, 252, 480, 82, 470), (399, 75, 213, 468, 216, 240, 208, 120, 402, 365, 342, 344, 349, 196, 286, 229, 177, 404, 351, 354, 350, 201, 258, 238, 249, 282, 376, 271, 352, 193, 244, 236, 383, 364, 462, 313, 316, 194, 338, 215, 186, 360, 33, 440, 207, 453, 246, 491, 253, 166, 501, 384, 314, 356, 324, 407, 74, 212, 85, 289, 6, 277, 223, 235, 231, 173, 209, 341, 220, 228, 211, 305, 263, 182, 387, 422, 458, 506, 264), 0.8766666666666671, 15.423544303797476, 80.79668592082926
(279, 335, 381), (218, 327, 339, 241, 265, 322, 382, 312, 179, 288, 188, 37, 292, 200, 247, 320, 430, 152, 348, 192, 148, 336, 99, 498, 487, 94, 353, 311, 214, 280, 391, 321, 375), 0.34666666666666646, 8.607272727272724, 83.14580208244547
(397, 19, 62, 490, 475, 429, 18, 411, 417, 489, 377, 149, 72, 115, 174, 63, 275, 300, 390, 171, 49, 257, 106, 428, 150, 269, 427, 386, 389, 104, 401, 122, 409, 481, 441, 445, 20, 17, 21), (279, 335, 381, 218, 327, 339, 241, 265, 322, 382, 312, 179, 288, 188, 37, 292, 200, 247, 320, 430, 152, 348, 192, 148, 336, 99, 498, 487, 94, 353, 311, 214, 280, 391, 321, 375), 7.150769230769234, 11.303055555555556, 85.17544396278745
(86, 439, 158, 76, 272, 105, 330, 143, 160, 452, 138, 67, 69, 329, 24, 25, 278, 70, 307, 418, 217, 385), (108, 478, 474, 479, 366, 185, 127, 183, 252, 480, 82, 470, 399, 75, 213, 468, 216, 240, 208, 120, 402, 365, 342, 344, 349, 196, 286, 229, 177, 404, 351, 354, 350, 201, 258, 238, 249, 282, 376, 271, 352, 193, 244, 236, 383, 364, 462, 313, 316, 194, 338, 215, 186, 360, 33, 440, 207, 453, 246, 491, 253, 166, 501, 384, 314, 356, 324, 407, 74, 212, 85, 289, 6, 277, 223, 235, 231, 173, 209, 341, 220, 228, 211, 305, 263, 182, 387, 422, 458, 506, 264), 2.398181818181818, 18.441538461538475, 87.57253784235907
(232, 181, 373, 226), (86, 439, 158, 76, 272, 105, 330, 143, 160, 452, 138, 67, 69, 329, 24, 25, 278, 70, 307, 418, 217, 385, 108, 478, 474, 479, 366, 185, 127, 183, 252, 480, 82, 470, 399, 75, 213, 468, 216, 240, 208, 120, 402, 365, 342, 344, 349, 196, 286, 229, 177, 404, 351, 354, 350, 201, 258, 238, 249, 282, 376, 271, 352, 193, 244, 236, 383, 364, 462, 313, 316, 194, 338, 215, 186, 360, 33, 440, 207, 453, 246, 491, 253, 166, 501, 384, 314, 356, 324, 407, 74, 212, 85, 289, 6, 277, 223, 235, 231, 173, 209, 341, 220, 228, 211, 305, 263, 182, 387, 422, 458, 506, 264), 0.9674999999999999, 23.23681415929203, 89.9248048796484
(473,), (141, 392, 38, 116, 96, 270, 438, 340, 64, 248, 224, 449, 485, 425, 415, 256, 298, 259, 503, 372, 156, 139, 319, 456, 504, 79, 168, 176, 89, 413, 91, 414, 126, 295, 234, 388, 396, 395, 484, 170, 136, 80, 114, 144, 499, 493, 477, 59, 301, 406, 317, 318, 408, 378, 476, 394, 46, 205, 369, 60, 347, 362, 242, 184, 124, 43, 285, 161, 165, 465, 92, 135, 451, 463, 464), 0.0, 13.760799999999998, 92.40084698491165
(9, 421, 187), (492, 137, 50, 334, 51, 58, 81, 454, 233, 359, 110, 262, 47, 221, 57, 331, 426, 123, 281, 119, 204, 109, 302, 268, 455, 145, 55, 78, 52, 107, 299, 45, 84, 266, 159, 206, 131, 2, 54, 147, 146, 1, 142, 155, 3), 0.14000000000000007, 9.068000000000005, 95.17597198491173
(290,), (232, 181, 373, 226, 86, 439, 158, 76, 272, 105, 330, 143, 160, 452, 138, 67, 69, 329, 24, 25, 278, 70, 307, 418, 217, 385, 108, 478, 474, 479, 366, 185, 127, 183, 252, 480, 82, 470, 399, 75, 213, 468, 216, 240, 208, 120, 402, 365, 342, 344, 349, 196, 286, 229, 177, 404, 351, 354, 350, 201, 258, 238, 249, 282, 376, 271, 352, 193, 244, 236, 383, 364, 462, 313, 316, 194, 338, 215, 186, 360, 33, 440, 207, 453, 246, 491, 253, 166, 501, 384, 314, 356, 324, 407, 74, 212, 85, 289, 6, 277, 223, 235, 231, 173, 209, 341, 220, 228, 211, 305, 263, 182, 387, 422, 458, 506, 264), 0.0, 26.55658119658122, 97.9698992629068
(56,), (9, 421, 187, 492, 137, 50, 334, 51, 58, 81, 454, 233, 359, 110, 262, 47, 221, 57, 331, 426, 123, 281, 119, 204, 109, 302, 268, 455, 145, 55, 78, 52, 107, 299, 45, 84, 266, 159, 206, 131, 2, 54, 147, 146, 1, 142, 155, 3), 0.0, 11.983124999999998, 100.90595793637617
(245,), (290, 232, 181, 373, 226, 86, 439, 158, 76, 272, 105, 330, 143, 160, 452, 138, 67, 69, 329, 24, 25, 278, 70, 307, 418, 217, 385, 108, 478, 474, 479, 366, 185, 127, 183, 252, 480, 82, 470, 399, 75, 213, 468, 216, 240, 208, 120, 402, 365, 342, 344, 349, 196, 286, 229, 177, 404, 351, 354, 350, 201, 258, 238, 249, 282, 376, 271, 352, 193, 244, 236, 383, 364, 462, 313, 316, 194, 338, 215, 186, 360, 33, 440, 207, 453, 246, 491, 253, 166, 501, 384, 314, 356, 324, 407, 74, 212, 85, 289, 6, 277, 223, 235, 231, 173, 209, 341, 220, 228, 211, 305, 263, 182, 387, 422, 458, 506, 264), 0.0, 29.350508474576237, 103.8929284533962
(154, 368), (83, 130, 140, 343, 13, 255, 261, 260, 466, 345, 14, 15), 0.31999999999999984, 3.0891666666666664, 107.29304750101525
(267, 151, 294), (245, 290, 232, 181, 373, 226, 86, 439, 158, 76, 272, 105, 330, 143, 160, 452, 138, 67, 69, 329, 24, 25, 278, 70, 307, 418, 217, 385, 108, 478, 474, 479, 366, 185, 127, 183, 252, 480, 82, 470, 399, 75, 213, 468, 216, 240, 208, 120, 402, 365, 342, 344, 349, 196, 286, 229, 177, 404, 351, 354, 350, 201, 258, 238, 249, 282, 376, 271, 352, 193, 244, 236, 383, 364, 462, 313, 316, 194, 338, 215, 186, 360, 33, 440, 207, 453, 246, 491, 253, 166, 501, 384, 314, 356, 324, 407, 74, 212, 85, 289, 6, 277, 223, 235, 231, 173, 209, 341, 220, 228, 211, 305, 263, 182, 387, 422, 458, 506, 264), 0.2066666666666665, 32.33747899159665, 110.75488544930943
(26, 27, 103, 447, 68, 101, 225, 153, 28, 190, 191, 66, 23, 323, 293, 251), (267, 151, 294, 245, 290, 232, 181, 373, 226, 86, 439, 158, 76, 272, 105, 330, 143, 160, 452, 138, 67, 69, 329, 24, 25, 278, 70, 307, 418, 217, 385, 108, 478, 474, 479, 366, 185, 127, 183, 252, 480, 82, 470, 399, 75, 213, 468, 216, 240, 208, 120, 402, 365, 342, 344, 349, 196, 286, 229, 177, 404, 351, 354, 350, 201, 258, 238, 249, 282, 376, 271, 352, 193, 244, 236, 383, 364, 462, 313, 316, 194, 338, 215, 186, 360, 33, 440, 207, 453, 246, 491, 253, 166, 501, 384, 314, 356, 324, 407, 74, 212, 85, 289, 6, 277, 223, 235, 231, 173, 209, 341, 220, 228, 211, 305, 263, 182, 387, 422, 458, 506, 264), 2.737499999999998, 36.005983606557365, 114.03785111811428
(433, 419, 132, 469, 125, 494), (500, 434, 32, 412, 495, 459, 432, 35, 325, 457, 87, 471, 7, 31, 100, 39, 442, 90, 227, 431, 254, 461, 472, 42, 41, 134, 129), 1.1083333333333338, 3.9874074074074053, 117.7093831046463
(397, 19, 62, 490, 475, 429, 18, 411, 417, 489, 377, 149, 72, 115, 174, 63, 275, 300, 390, 171, 49, 257, 106, 428, 150, 269, 427, 386, 389, 104, 401, 122, 409, 481, 441, 445, 20, 17, 21, 279, 335, 381, 218, 327, 339, 241, 265, 322, 382, 312, 179, 288, 188, 37, 292, 200, 247, 320, 430, 152, 348, 192, 148, 336, 99, 498, 487, 94, 353, 311, 214, 280, 391, 321, 375), (433, 419, 132, 469, 125, 494, 500, 434, 32, 412, 495, 459, 432, 35, 325, 457, 87, 471, 7, 31, 100, 39, 442, 90, 227, 431, 254, 461, 472, 42, 41, 134, 129), 20.483466666666672, 8.767272727272726, 120.4885511181145
(416, 4, 34), (26, 27, 103, 447, 68, 101, 225, 153, 28, 190, 191, 66, 23, 323, 293, 251, 267, 151, 294, 245, 290, 232, 181, 373, 226, 86, 439, 158, 76, 272, 105, 330, 143, 160, 452, 138, 67, 69, 329, 24, 25, 278, 70, 307, 418, 217, 385, 108, 478, 474, 479, 366, 185, 127, 183, 252, 480, 82, 470, 399, 75, 213, 468, 216, 240, 208, 120, 402, 365, 342, 344, 349, 196, 286, 229, 177, 404, 351, 354, 350, 201, 258, 238, 249, 282, 376, 271, 352, 193, 244, 236, 383, 364, 462, 313, 316, 194, 338, 215, 186, 360, 33, 440, 207, 453, 246, 491, 253, 166, 501, 384, 314, 356, 324, 407, 74, 212, 85, 289, 6, 277, 223, 235, 231, 173, 209, 341, 220, 228, 211, 305, 263, 182, 387, 422, 458, 506, 264), 0.2600000000000001, 42.026449275362246, 124.99160538885144
(53, 308, 77, 93, 8, 10, 163), (56, 9, 421, 187, 492, 137, 50, 334, 51, 58, 81, 454, 233, 359, 110, 262, 47, 221, 57, 331, 426, 123, 281, 119, 204, 109, 302, 268, 455, 145, 55, 78, 52, 107, 299, 45, 84, 266, 159, 206, 131, 2, 54, 147, 146, 1, 142, 155, 3), 0.9485714285714286, 14.919183673469387, 132.15742171538213
(367, 195, 287), (397, 19, 62, 490, 475, 429, 18, 411, 417, 489, 377, 149, 72, 115, 174, 63, 275, 300, 390, 171, 49, 257, 106, 428, 150, 269, 427, 386, 389, 104, 401, 122, 409, 481, 441, 445, 20, 17, 21, 279, 335, 381, 218, 327, 339, 241, 265, 322, 382, 312, 179, 288, 188, 37, 292, 200, 247, 320, 430, 152, 348, 192, 148, 336, 99, 498, 487, 94, 353, 311, 214, 280, 391, 321, 375, 433, 419, 132, 469, 125, 494, 500, 434, 32, 412, 495, 459, 432, 35, 325, 457, 87, 471, 7, 31, 100, 39, 442, 90, 227, 431, 254, 461, 472, 42, 41, 134, 129), 0.026666666666666717, 32.02990740740735, 139.46643322689383
(346, 243, 361, 326, 197, 488, 276), (473, 141, 392, 38, 116, 96, 270, 438, 340, 64, 248, 224, 449, 485, 425, 415, 256, 298, 259, 503, 372, 156, 139, 319, 456, 504, 79, 168, 176, 89, 413, 91, 414, 126, 295, 234, 388, 396, 395, 484, 170, 136, 80, 114, 144, 499, 493, 477, 59, 301, 406, 317, 318, 408, 378, 476, 394, 46, 205, 369, 60, 347, 362, 242, 184, 124, 43, 285, 161, 165, 465, 92, 135, 451, 463, 464), 0.7371428571428573, 16.236842105263154, 147.3071470596686
(154, 368, 83, 130, 140, 343, 13, 255, 261, 260, 466, 345, 14, 15), (346, 243, 361, 326, 197, 488, 276, 473, 141, 392, 38, 116, 96, 270, 438, 340, 64, 248, 224, 449, 485, 425, 415, 256, 298, 259, 503, 372, 156, 139, 319, 456, 504, 79, 168, 176, 89, 413, 91, 414, 126, 295, 234, 388, 396, 395, 484, 170, 136, 80, 114, 144, 499, 493, 477, 59, 301, 406, 317, 318, 408, 378, 476, 394, 46, 205, 369, 60, 347, 362, 242, 184, 124, 43, 285, 161, 165, 465, 92, 135, 451, 463, 464), 6.809285714285715, 24.81469879518072, 154.53986358112968
(164, 423, 505, 393, 508, 239, 443), (154, 368, 83, 130, 140, 343, 13, 255, 261, 260, 466, 345, 14, 15, 346, 243, 361, 326, 197, 488, 276, 473, 141, 392, 38, 116, 96, 270, 438, 340, 64, 248, 224, 449, 485, 425, 415, 256, 298, 259, 503, 372, 156, 139, 319, 456, 504, 79, 168, 176, 89, 413, 91, 414, 126, 295, 234, 388, 396, 395, 484, 170, 136, 80, 114, 144, 499, 493, 477, 59, 301, 406, 317, 318, 408, 378, 476, 394, 46, 205, 369, 60, 347, 362, 242, 184, 124, 43, 285, 161, 165, 465, 92, 135, 451, 463, 464), 0.894285714285714, 38.856701030927816, 163.72801145130106
(128, 420, 497, 167, 219), (416, 4, 34, 26, 27, 103, 447, 68, 101, 225, 153, 28, 190, 191, 66, 23, 323, 293, 251, 267, 151, 294, 245, 290, 232, 181, 373, 226, 86, 439, 158, 76, 272, 105, 330, 143, 160, 452, 138, 67, 69, 329, 24, 25, 278, 70, 307, 418, 217, 385, 108, 478, 474, 479, 366, 185, 127, 183, 252, 480, 82, 470, 399, 75, 213, 468, 216, 240, 208, 120, 402, 365, 342, 344, 349, 196, 286, 229, 177, 404, 351, 354, 350, 201, 258, 238, 249, 282, 376, 271, 352, 193, 244, 236, 383, 364, 462, 313, 316, 194, 338, 215, 186, 360, 33, 440, 207, 453, 246, 491, 253, 166, 501, 384, 314, 356, 324, 407, 74, 212, 85, 289, 6, 277, 223, 235, 231, 173, 209, 341, 220, 228, 211, 305, 263, 182, 387, 422, 458, 506, 264), 0.25999999999999995, 46.789503546099354, 173.3561106449277
(202, 133, 467, 446, 437, 450, 118, 444), (53, 308, 77, 93, 8, 10, 163, 56, 9, 421, 187, 492, 137, 50, 334, 51, 58, 81, 454, 233, 359, 110, 262, 47, 221, 57, 331, 426, 123, 281, 119, 204, 109, 302, 268, 455, 145, 55, 78, 52, 107, 299, 45, 84, 266, 159, 206, 131, 2, 54, 147, 146, 1, 142, 155, 3), 0.9387500000000002, 23.033571428571474, 183.82988296635637
(436, 5, 157, 303, 111, 297, 410, 178, 355, 274, 486), (128, 420, 497, 167, 219, 416, 4, 34, 26, 27, 103, 447, 68, 101, 225, 153, 28, 190, 191, 66, 23, 323, 293, 251, 267, 151, 294, 245, 290, 232, 181, 373, 226, 86, 439, 158, 76, 272, 105, 330, 143, 160, 452, 138, 67, 69, 329, 24, 25, 278, 70, 307, 418, 217, 385, 108, 478, 474, 479, 366, 185, 127, 183, 252, 480, 82, 470, 399, 75, 213, 468, 216, 240, 208, 120, 402, 365, 342, 344, 349, 196, 286, 229, 177, 404, 351, 354, 350, 201, 258, 238, 249, 282, 376, 271, 352, 193, 244, 236, 383, 364, 462, 313, 316, 194, 338, 215, 186, 360, 33, 440, 207, 453, 246, 491, 253, 166, 501, 384, 314, 356, 324, 407, 74, 212, 85, 289, 6, 277, 223, 235, 231, 173, 209, 341, 220, 228, 211, 305, 263, 182, 387, 422, 458, 506, 264), 1.687272727272728, 56.67760273972597, 196.41417947387976
(367, 195, 287, 397, 19, 62, 490, 475, 429, 18, 411, 417, 489, 377, 149, 72, 115, 174, 63, 275, 300, 390, 171, 49, 257, 106, 428, 150, 269, 427, 386, 389, 104, 401, 122, 409, 481, 441, 445, 20, 17, 21, 279, 335, 381, 218, 327, 339, 241, 265, 322, 382, 312, 179, 288, 188, 37, 292, 200, 247, 320, 430, 152, 348, 192, 148, 336, 99, 498, 487, 94, 353, 311, 214, 280, 391, 321, 375, 433, 419, 132, 469, 125, 494, 500, 434, 32, 412, 495, 459, 432, 35, 325, 457, 87, 471, 7, 31, 100, 39, 442, 90, 227, 431, 254, 461, 472, 42, 41, 134, 129), (202, 133, 467, 446, 437, 450, 118, 444, 53, 308, 77, 93, 8, 10, 163, 56, 9, 421, 187, 492, 137, 50, 334, 51, 58, 81, 454, 233, 359, 110, 262, 47, 221, 57, 331, 426, 123, 281, 119, 204, 109, 302, 268, 455, 145, 55, 78, 52, 107, 299, 45, 84, 266, 159, 206, 131, 2, 54, 147, 146, 1, 142, 155, 3), 39.3655855855856, 34.446093749999974, 211.72398585257946
(164, 423, 505, 393, 508, 239, 443, 154, 368, 83, 130, 140, 343, 13, 255, 261, 260, 466, 345, 14, 15, 346, 243, 361, 326, 197, 488, 276, 473, 141, 392, 38, 116, 96, 270, 438, 340, 64, 248, 224, 449, 485, 425, 415, 256, 298, 259, 503, 372, 156, 139, 319, 456, 504, 79, 168, 176, 89, 413, 91, 414, 126, 295, 234, 388, 396, 395, 484, 170, 136, 80, 114, 144, 499, 493, 477, 59, 301, 406, 317, 318, 408, 378, 476, 394, 46, 205, 369, 60, 347, 362, 242, 184, 124, 43, 285, 161, 165, 465, 92, 135, 451, 463, 464), (367, 195, 287, 397, 19, 62, 490, 475, 429, 18, 411, 417, 489, 377, 149, 72, 115, 174, 63, 275, 300, 390, 171, 49, 257, 106, 428, 150, 269, 427, 386, 389, 104, 401, 122, 409, 481, 441, 445, 20, 17, 21, 279, 335, 381, 218, 327, 339, 241, 265, 322, 382, 312, 179, 288, 188, 37, 292, 200, 247, 320, 430, 152, 348, 192, 148, 336, 99, 498, 487, 94, 353, 311, 214, 280, 391, 321, 375, 433, 419, 132, 469, 125, 494, 500, 434, 32, 412, 495, 459, 432, 35, 325, 457, 87, 471, 7, 31, 100, 39, 442, 90, 227, 431, 254, 461, 472, 42, 41, 134, 129, 202, 133, 467, 446, 437, 450, 118, 444, 53, 308, 77, 93, 8, 10, 163, 56, 9, 421, 187, 492, 137, 50, 334, 51, 58, 81, 454, 233, 359, 110, 262, 47, 221, 57, 331, 426, 123, 281, 119, 204, 109, 302, 268, 455, 145, 55, 78, 52, 107, 299, 45, 84, 266, 159, 206, 131, 2, 54, 147, 146, 1, 142, 155, 3), 48.939134615384525, 89.12148571428561, 225.5032221537328
(436, 5, 157, 303, 111, 297, 410, 178, 355, 274, 486, 128, 420, 497, 167, 219, 416, 4, 34, 26, 27, 103, 447, 68, 101, 225, 153, 28, 190, 191, 66, 23, 323, 293, 251, 267, 151, 294, 245, 290, 232, 181, 373, 226, 86, 439, 158, 76, 272, 105, 330, 143, 160, 452, 138, 67, 69, 329, 24, 25, 278, 70, 307, 418, 217, 385, 108, 478, 474, 479, 366, 185, 127, 183, 252, 480, 82, 470, 399, 75, 213, 468, 216, 240, 208, 120, 402, 365, 342, 344, 349, 196, 286, 229, 177, 404, 351, 354, 350, 201, 258, 238, 249, 282, 376, 271, 352, 193, 244, 236, 383, 364, 462, 313, 316, 194, 338, 215, 186, 360, 33, 440, 207, 453, 246, 491, 253, 166, 501, 384, 314, 356, 324, 407, 74, 212, 85, 289, 6, 277, 223, 235, 231, 173, 209, 341, 220, 228, 211, 305, 263, 182, 387, 422, 458, 506, 264), (164, 423, 505, 393, 508, 239, 443, 154, 368, 83, 130, 140, 343, 13, 255, 261, 260, 466, 345, 14, 15, 346, 243, 361, 326, 197, 488, 276, 473, 141, 392, 38, 116, 96, 270, 438, 340, 64, 248, 224, 449, 485, 425, 415, 256, 298, 259, 503, 372, 156, 139, 319, 456, 504, 79, 168, 176, 89, 413, 91, 414, 126, 295, 234, 388, 396, 395, 484, 170, 136, 80, 114, 144, 499, 493, 477, 59, 301, 406, 317, 318, 408, 378, 476, 394, 46, 205, 369, 60, 347, 362, 242, 184, 124, 43, 285, 161, 165, 465, 92, 135, 451, 463, 464, 367, 195, 287, 397, 19, 62, 490, 475, 429, 18, 411, 417, 489, 377, 149, 72, 115, 174, 63, 275, 300, 390, 171, 49, 257, 106, 428, 150, 269, 427, 386, 389, 104, 401, 122, 409, 481, 441, 445, 20, 17, 21, 279, 335, 381, 218, 327, 339, 241, 265, 322, 382, 312, 179, 288, 188, 37, 292, 200, 247, 320, 430, 152, 348, 192, 148, 336, 99, 498, 487, 94, 353, 311, 214, 280, 391, 321, 375, 433, 419, 132, 469, 125, 494, 500, 434, 32, 412, 495, 459, 432, 35, 325, 457, 87, 471, 7, 31, 100, 39, 442, 90, 227, 431, 254, 461, 472, 42, 41, 134, 129, 202, 133, 467, 446, 437, 450, 118, 444, 53, 308, 77, 93, 8, 10, 163, 56, 9, 421, 187, 492, 137, 50, 334, 51, 58, 81, 454, 233, 359, 110, 262, 47, 221, 57, 331, 426, 123, 281, 119, 204, 109, 302, 268, 455, 145, 55, 78, 52, 107, 299, 45, 84, 266, 159, 206, 131, 2, 54, 147, 146, 1, 142, 155, 3), 70.94917197452224, 151.8398566308241, 234.32832198875442
