k = 2
[74, 407, 356, 410, 399, 365, 314, 315, 324, 178, 420, 85, 95, 212, 274, 75, 478, 297, 264, 6, 113, 253, 360, 486, 491, 185, 355, 245, 111, 506, 235, 228, 277, 435, 127, 183, 501, 366, 157, 217, 76, 173, 290, 424, 209, 82, 167, 246, 479, 474, 440, 70, 120, 231, 121, 180, 223, 470, 303, 128, 453, 497, 207, 33, 166, 333, 402, 189, 48, 208, 219, 384, 436, 480, 284, 374, 230, 387, 263, 237, 422, 458, 307, 182, 34, 162, 211, 418, 220, 222, 22, 278, 4, 341, 305, 98, 186, 143, 283, 24, 25, 416, 117, 138, 273, 160, 330, 337, 309, 251, 158, 101, 452, 36, 23, 190, 329, 86, 439, 215, 175, 67, 385, 225, 26, 507, 316, 69, 66, 153, 447, 103, 213, 313, 191, 244, 462, 27, 196, 236, 294, 267, 229, 238, 37, 151, 177, 179, 404, 382, 344, 188]
[321, 280, 281, 148, 391, 193, 286, 240, 216, 349, 226, 353, 381, 94, 339, 289, 498, 335, 46, 99, 431, 461, 472, 469, 92, 227, 463, 156, 503, 372, 134, 224, 21, 481, 409, 401, 19, 445, 489, 377, 89, 417, 444, 450, 118, 437, 318, 378, 317, 361, 243, 129, 7, 42, 41, 433, 419, 132, 406, 392, 116, 301, 443, 78, 299, 77, 163, 131, 58, 93, 159, 446, 81, 454, 300, 233, 311, 375, 292, 342, 288, 508, 239, 393, 91, 168, 319, 176, 265, 475, 429, 39, 457, 13, 130, 261, 369, 184, 115, 47, 258, 383, 364, 320, 334, 51, 52, 50, 197, 326, 285, 80, 114, 471, 144, 202, 133, 467, 60, 59, 362, 260, 255, 343, 477, 174, 63, 72, 327, 123, 31, 270, 135, 64, 248, 254, 298, 259, 139, 359, 492, 137, 395, 484, 390, 388, 295, 358, 304, 291, 201, 386, 504, 234, 499, 96, 493, 136, 15, 408, 14, 275, 49, 346, 488, 161, 495, 451, 35, 325, 394, 476, 171, 20, 427, 490, 17, 432, 345, 83, 368, 140, 100, 411, 397, 142, 152, 146, 312, 249, 200, 247, 350, 57, 322, 348, 336, 466, 214, 287, 430, 141, 485, 425, 500, 434, 412, 195, 367, 396, 413, 150, 455, 62, 269, 428, 414, 415, 456, 423, 181, 194, 338, 271, 282, 352, 32, 347, 242, 340, 90, 170, 43, 18, 122, 8, 155, 55, 218, 351, 376, 354, 126, 257, 268, 494, 266, 107, 56, 9, 421, 165, 145, 124, 308, 3, 459, 464, 465, 302, 232, 373, 119, 204, 84, 276, 54, 10, 331, 147, 221, 262, 149, 110, 79, 38, 164, 473, 426, 505, 256, 357, 2, 154, 104, 109, 192, 53, 106, 449, 187, 45, 125, 442, 241, 1]
Within-Region SSD: 2181.8082361308543

k = 3
[321, 280, 281, 148, 391, 193, 286, 240, 216, 349, 226, 353, 381, 94, 339, 289, 498, 335, 46, 99, 431, 461, 472, 469, 92, 227, 463, 156, 503, 372, 134, 224, 21, 481, 409, 401, 19, 445, 489, 377, 89, 417, 444, 450, 118, 437, 318, 378, 317, 361, 243, 129, 7, 42, 41, 433, 419, 132, 406, 392, 116, 301, 443, 78, 299, 77, 163, 131, 58, 93, 159, 446, 81, 454, 300, 233, 311, 375, 292, 342, 288, 508, 239, 393, 91, 168, 319, 176, 265, 475, 429, 39, 457, 13, 130, 261, 369, 184, 115, 47, 258, 383, 364, 320, 334, 51, 52, 50, 197, 326, 285, 80, 114, 471, 144, 202, 133, 467, 60, 59, 362, 260, 255, 343, 477, 174, 63, 72, 327, 123, 31, 270, 135, 64, 248, 254, 298, 259, 139, 359, 492, 137, 395, 484, 390, 388, 295, 358, 304, 291, 201, 386, 504, 234, 499, 96, 493, 136, 15, 408, 14, 275, 49, 346, 488, 161, 495, 451, 35, 325, 394, 476, 171, 20, 427, 490, 17, 432, 345, 83, 368, 140, 100, 411, 397, 142, 152, 146, 312, 249, 200, 247, 350, 57, 322, 348, 336, 466, 214, 287, 430, 141, 485, 425, 500, 434, 412, 195, 367, 396, 413, 150, 455, 62, 269, 428, 414, 415, 456, 423, 181, 194, 338, 271, 282, 352, 32, 347, 242, 340, 90, 170, 43, 18, 122, 8, 155, 55, 218, 351, 376, 354, 126, 257, 268, 494, 266, 107, 56, 9, 421, 165, 145, 124, 308, 3, 459, 464, 465, 302, 232, 373, 119, 204, 84, 276, 54, 10, 331, 147, 221, 262, 149, 110, 79, 38, 164, 473, 426, 505, 256, 357, 2, 154, 104, 109, 192, 53, 106, 449, 187, 45, 125, 442, 241, 1]
[74, 407, 356, 410, 399, 365, 314, 315, 324, 178, 420, 85, 95, 212, 274, 75, 478, 297, 264, 6, 113, 253, 360, 486, 491, 185, 355, 245, 111, 506, 235, 228, 277, 435, 127, 183, 501, 366, 157, 217, 76, 173, 290, 424, 209, 82, 167, 246, 479, 474, 440, 70, 120, 231, 121, 180, 223, 470, 303, 128, 453, 497, 207, 33, 166, 333, 402, 189, 48, 208, 219, 384, 436, 480, 284, 374, 230, 387, 263, 237, 422, 458, 307, 182, 34, 162, 211, 418, 220, 222, 278, 4, 341, 305, 98, 186, 25, 416, 117, 273, 309, 251, 158, 36, 23, 215, 175, 67, 507, 316, 69, 66, 213, 313, 191, 244, 462, 27, 196, 236, 294, 267, 229, 238, 37, 151, 177, 179, 404, 382, 344, 188]
[22, 143, 283, 24, 138, 160, 330, 337, 101, 452, 190, 329, 86, 439, 385, 225, 26, 153, 447, 103]
Within-Region SSD: 2097.268533579027

k = 4
[74, 407, 356, 410, 399, 365, 314, 315, 324, 178, 420, 85, 95, 212, 274, 75, 478, 297, 264, 6, 113, 253, 360, 486, 491, 185, 355, 245, 111, 506, 235, 228, 277, 435, 127, 183, 501, 366, 157, 217, 76, 173, 290, 424, 209, 82, 167, 246, 479, 474, 440, 70, 120, 231, 121, 180, 223, 470, 303, 128, 453, 497, 207, 33, 166, 333, 402, 189, 48, 208, 219, 384, 436, 480, 284, 374, 230, 387, 263, 237, 422, 458, 307, 182, 34, 162, 211, 418, 220, 222, 278, 4, 341, 305, 98, 186, 25, 416, 117, 273, 309, 251, 158, 36, 23, 215, 175, 67, 507, 316, 69, 66, 213, 313, 191, 244, 462, 27, 196, 236, 294, 267, 229, 238, 37, 151, 177, 179, 404, 382, 344, 188]
[22, 143, 283, 24, 138, 160, 330, 337, 101, 452, 190, 329, 86, 439, 385, 225, 26, 153, 447, 103]
[321, 280, 281, 148, 391, 152, 57, 322, 348, 336, 214, 287, 142, 146, 192, 426, 163, 78, 55, 299, 77, 131, 58, 93, 52, 159, 446, 187, 45, 51, 8, 437, 145, 334, 50, 155, 450, 471, 421, 308, 3, 444, 80, 428, 107, 53, 2, 118, 114, 269, 56, 9, 1, 147, 137, 144, 427, 54, 492, 96, 170, 171, 10, 331, 359, 64, 100, 35, 20, 490, 17, 270, 499, 39, 495, 432, 18, 31, 248, 493, 136, 475, 451, 325, 445, 411, 122, 135, 141, 485, 425, 473, 429, 463, 481, 504, 397, 254, 449, 505, 256, 457, 461, 459, 464, 21, 409, 401, 19, 89, 431, 92, 227, 465, 396, 413, 62, 489, 386, 472, 469, 340, 90, 104, 377, 234, 134, 433, 132, 417, 295, 156, 129, 7, 42, 419, 494, 72, 484, 275, 49, 503, 372, 41, 125, 442, 174, 395, 388, 300, 257, 302, 150, 224, 165, 415, 32, 63, 327, 390, 81, 268, 455, 414, 412, 123, 339, 454, 109, 456, 423, 500, 119, 353, 99, 233, 106, 79, 164, 434, 204, 381, 94, 289, 498, 38, 84, 351, 358, 335, 46, 116, 262, 376, 354, 304, 291, 476, 406, 221, 247, 201, 394, 317, 392, 288, 312, 271, 357, 265, 318, 301, 443, 375, 195, 218, 249, 200, 282, 352, 168, 197, 241, 378, 161, 43, 508, 239, 393, 311, 342, 367, 350, 320, 91, 176, 326, 361, 243, 346, 124, 292, 240, 194, 383, 430, 319, 298, 126, 285, 276, 408, 488, 286, 338, 258, 364, 259, 184, 15, 193, 216, 349, 226, 139, 130, 14, 181, 13, 345, 83, 373, 261, 369, 368, 140, 466, 232, 260, 347, 242, 60, 154, 255, 343, 477, 59, 362]
[115, 47, 202, 149, 110, 133, 467, 266]
Within-Region SSD: 2032.2131994949573

k = 5
[74, 407, 356, 410, 399, 365, 314, 315, 324, 178, 420, 85, 95, 212, 274, 75, 478, 297, 264, 6, 113, 253, 360, 486, 491, 185, 355, 245, 111, 506, 235, 228, 277, 435, 127, 183, 501, 366, 157, 217, 76, 173, 290, 424, 209, 82, 167, 246, 479, 474, 440, 70, 120, 231, 121, 180, 223, 470, 303, 128, 453, 497, 207, 33, 166, 333, 402, 189, 48, 208, 219, 384, 436, 480, 284, 374, 230, 387, 263, 237, 422, 458, 307, 182, 34, 162, 211, 418, 220, 222, 278, 4, 341, 305, 98, 186, 25, 416, 117, 273, 309, 251, 158, 36, 23, 215, 175, 67, 507, 316, 69, 66, 213, 313, 191, 244, 462, 27, 196, 236, 294, 267, 229, 238, 37, 151, 177, 179, 404, 382, 344, 188]
[22, 143, 283, 24, 138, 160, 330, 337, 101, 452, 190, 329, 86, 439, 385, 225, 26, 153, 447, 103]
[115, 47, 202, 149, 110, 133, 467, 266]
[321, 280, 281, 148, 391, 152, 57, 322, 348, 336, 214, 287, 142, 146, 192, 426, 163, 78, 55, 77, 131, 58, 93, 52, 187, 45, 51, 8, 334, 50, 155, 421, 308, 3, 107, 53, 2, 56, 9, 1, 147, 54, 10, 331]
[299, 159, 446, 437, 145, 450, 471, 444, 80, 428, 118, 114, 269, 137, 144, 427, 492, 96, 170, 171, 359, 64, 100, 35, 20, 490, 17, 270, 499, 39, 495, 432, 18, 31, 248, 493, 136, 475, 451, 325, 445, 411, 122, 135, 141, 485, 425, 473, 429, 463, 481, 504, 397, 254, 449, 505, 256, 457, 461, 459, 464, 21, 409, 401, 19, 89, 431, 92, 227, 465, 396, 413, 62, 489, 386, 472, 469, 340, 90, 104, 377, 234, 134, 433, 132, 417, 295, 156, 129, 7, 42, 419, 494, 72, 484, 275, 49, 503, 372, 41, 125, 442, 174, 395, 388, 300, 257, 302, 150, 224, 165, 415, 32, 63, 327, 390, 81, 268, 455, 414, 412, 123, 339, 454, 109, 456, 423, 500, 119, 353, 99, 233, 106, 79, 164, 434, 204, 381, 94, 289, 498, 38, 84, 351, 358, 335, 46, 116, 262, 376, 354, 304, 291, 476, 406, 221, 247, 201, 394, 317, 392, 288, 312, 271, 357, 265, 318, 301, 443, 375, 195, 218, 249, 200, 282, 352, 168, 197, 241, 378, 161, 43, 508, 239, 393, 311, 342, 367, 350, 320, 91, 176, 326, 361, 243, 346, 124, 292, 240, 194, 383, 430, 319, 298, 126, 285, 276, 408, 488, 286, 338, 258, 364, 259, 184, 15, 193, 216, 349, 226, 139, 130, 14, 181, 13, 345, 83, 373, 261, 369, 368, 140, 466, 232, 260, 347, 242, 60, 154, 255, 343, 477, 59, 362]
Within-Region SSD: 1979.93819846001

k = 6
[74, 407, 356, 410, 399, 365, 314, 315, 324, 178, 420, 85, 95, 212, 274, 75, 478, 297, 264, 6, 113, 253, 360, 486, 491, 185, 355, 245, 111, 506, 235, 228, 277, 435, 127, 183, 501, 366, 157, 217, 76, 173, 290, 424, 209, 82, 167, 246, 479, 474, 440, 70, 120, 231, 121, 180, 223, 470, 303, 128, 453, 497, 207, 33, 166, 333, 402, 189, 48, 208, 219, 384, 436, 480, 284, 374, 230, 387, 263, 237, 422, 458, 307, 182, 34, 162, 211, 418, 220, 222, 278, 4, 341, 305, 98, 186, 25, 416, 117, 273, 309, 251, 158, 36, 23, 215, 175, 67, 507, 316, 69, 66, 213, 313, 191, 244, 462, 27, 196, 236, 294, 267, 229, 238, 37, 151, 177, 179, 404, 382, 344, 188]
[22, 143, 283, 24, 138, 160, 330, 337, 101, 452, 190, 329, 86, 439, 385, 225, 26, 153, 447, 103]
[115, 47, 202, 149, 110, 133, 467, 266]
[321, 280, 281, 148, 391, 152, 57, 322, 348, 336, 214, 287, 142, 146, 192, 426, 163, 78, 55, 77, 131, 58, 93, 52, 187, 45, 51, 8, 334, 50, 155, 421, 308, 3, 107, 53, 2, 56, 9, 1, 147, 54, 10, 331]
[299, 159, 446, 437, 145, 450, 471, 444, 80, 428, 118, 114, 269, 137, 144, 427, 492, 96, 170, 171, 359, 64, 100, 35, 20, 490, 17, 270, 499, 39, 495, 432, 18, 31, 248, 493, 136, 475, 451, 325, 445, 411, 122, 135, 141, 485, 425, 473, 429, 463, 481, 504, 397, 254, 449, 505, 256, 457, 461, 459, 464, 21, 409, 401, 19, 89, 431, 92, 227, 465, 396, 413, 62, 489, 386, 472, 469, 340, 90, 104, 377, 234, 134, 433, 132, 417, 295, 156, 129, 7, 42, 419, 494, 72, 484, 275, 49, 503, 372, 41, 125, 442, 174, 395, 388, 300, 257, 302, 150, 224, 165, 415, 32, 63, 327, 390, 81, 268, 455, 414, 412, 123, 339, 454, 109, 456, 423, 500, 119, 353, 99, 233, 106, 79, 164, 434, 204, 381, 94, 289, 38, 84, 351, 358, 116, 262, 376, 354, 304, 291, 406, 221, 247, 201, 317, 392, 288, 312, 271, 357, 318, 301, 443, 375, 195, 218, 249, 200, 282, 352, 378, 161, 43, 508, 239, 393, 311, 342, 367, 350, 320, 361, 243, 346, 124, 292, 240, 194, 383, 430, 276, 408, 488, 286, 338, 258, 364, 184, 15, 193, 216, 349, 226, 130, 14, 181, 13, 345, 83, 373, 261, 369, 368, 140, 466, 232, 260, 347, 242, 60, 154, 255, 343, 477, 59, 362]
[498, 335, 46, 476, 394, 265, 168, 197, 241, 91, 176, 326, 319, 298, 126, 285, 259, 139]
Within-Region SSD: 1926.721193930461

k = 7
[22, 143, 283, 24, 138, 160, 330, 337, 101, 452, 190, 329, 86, 439, 385, 225, 26, 153, 447, 103]
[115, 47, 202, 149, 110, 133, 467, 266]
[321, 280, 281, 148, 391, 152, 57, 322, 348, 336, 214, 287, 142, 146, 192, 426, 163, 78, 55, 77, 131, 58, 93, 52, 187, 45, 51, 8, 334, 50, 155, 421, 308, 3, 107, 53, 2, 56, 9, 1, 147, 54, 10, 331]
[299, 159, 446, 437, 145, 450, 471, 444, 80, 428, 118, 114, 269, 137, 144, 427, 492, 96, 170, 171, 359, 64, 100, 35, 20, 490, 17, 270, 499, 39, 495, 432, 18, 31, 248, 493, 136, 475, 451, 325, 445, 411, 122, 135, 141, 485, 425, 473, 429, 463, 481, 504, 397, 254, 449, 505, 256, 457, 461, 459, 464, 21, 409, 401, 19, 89, 431, 92, 227, 465, 396, 413, 62, 489, 386, 472, 469, 340, 90, 104, 377, 234, 134, 433, 132, 417, 295, 156, 129, 7, 42, 419, 494, 72, 484, 275, 49, 503, 372, 41, 125, 442, 174, 395, 388, 300, 257, 302, 150, 224, 165, 415, 32, 63, 327, 390, 81, 268, 455, 414, 412, 123, 339, 454, 109, 456, 423, 500, 119, 353, 99, 233, 106, 79, 164, 434, 204, 381, 94, 289, 38, 84, 351, 358, 116, 262, 376, 354, 304, 291, 406, 221, 247, 201, 317, 392, 288, 312, 271, 357, 318, 301, 443, 375, 195, 218, 249, 200, 282, 352, 378, 161, 43, 508, 239, 393, 311, 342, 367, 350, 320, 361, 243, 346, 124, 292, 240, 194, 383, 430, 276, 408, 488, 286, 338, 258, 364, 184, 15, 193, 216, 349, 226, 130, 14, 181, 13, 345, 83, 373, 261, 369, 368, 140, 466, 232, 260, 347, 242, 60, 154, 255, 343, 477, 59, 362]
[498, 335, 46, 476, 394, 265, 168, 197, 241, 91, 176, 326, 319, 298, 126, 285, 259, 139]
[74, 407, 356, 410, 399, 365, 314, 315, 324, 420, 85, 95, 212, 264, 6, 113, 253, 360, 506, 235, 228, 277, 435, 217, 76, 173, 290, 424, 209, 70, 120, 231, 121, 180, 223, 333, 402, 189, 48, 208, 284, 374, 230, 387, 263, 237, 422, 458, 307, 182, 34, 162, 211, 418, 220, 222, 278, 4, 341, 305, 98, 186, 25, 416, 117, 273, 309, 251, 158, 36, 23, 215, 175, 67, 507, 316, 69, 66, 213, 313, 191, 244, 462, 27, 196, 236, 294, 267, 229, 238, 37, 151, 177, 179, 404, 382, 344, 188]
[178, 274, 75, 478, 297, 486, 491, 185, 355, 245, 111, 127, 183, 501, 366, 157, 82, 167, 246, 479, 474, 440, 470, 303, 128, 453, 497, 207, 33, 166, 219, 384, 436, 480]
Within-Region SSD: 1883.0563097949748

k = 8
[22, 143, 283, 24, 138, 160, 330, 337, 101, 452, 190, 329, 86, 439, 385, 225, 26, 153, 447, 103]
[115, 47, 202, 149, 110, 133, 467, 266]
[321, 280, 281, 148, 391, 152, 57, 322, 348, 336, 214, 287, 142, 146, 192, 426, 163, 78, 55, 77, 131, 58, 93, 52, 187, 45, 51, 8, 334, 50, 155, 421, 308, 3, 107, 53, 2, 56, 9, 1, 147, 54, 10, 331]
[299, 159, 446, 437, 145, 450, 471, 444, 80, 428, 118, 114, 269, 137, 144, 427, 492, 96, 170, 171, 359, 64, 100, 35, 20, 490, 17, 270, 499, 39, 495, 432, 18, 31, 248, 493, 136, 475, 451, 325, 445, 411, 122, 135, 141, 485, 425, 473, 429, 463, 481, 504, 397, 254, 449, 505, 256, 457, 461, 459, 464, 21, 409, 401, 19, 89, 431, 92, 227, 465, 396, 413, 62, 489, 386, 472, 469, 340, 90, 104, 377, 234, 134, 433, 132, 417, 295, 156, 129, 7, 42, 419, 494, 72, 484, 275, 49, 503, 372, 41, 125, 442, 174, 395, 388, 300, 257, 302, 150, 224, 165, 415, 32, 63, 327, 390, 81, 268, 455, 414, 412, 123, 339, 454, 109, 456, 423, 500, 119, 353, 99, 233, 106, 79, 164, 434, 204, 381, 94, 289, 38, 84, 351, 358, 116, 262, 376, 354, 304, 291, 406, 221, 247, 201, 317, 392, 288, 312, 271, 357, 318, 301, 443, 375, 195, 218, 249, 200, 282, 352, 378, 161, 43, 508, 239, 393, 311, 342, 367, 350, 320, 361, 243, 346, 124, 292, 240, 194, 383, 430, 276, 408, 488, 286, 338, 258, 364, 184, 15, 193, 216, 349, 226, 130, 14, 181, 13, 345, 83, 373, 261, 369, 368, 140, 466, 232, 260, 347, 242, 60, 154, 255, 343, 477, 59, 362]
[498, 335, 46, 476, 394, 265, 168, 197, 241, 91, 176, 326, 319, 298, 126, 285, 259, 139]
[178, 274, 75, 478, 297, 486, 491, 185, 355, 245, 111, 127, 183, 501, 366, 157, 82, 167, 246, 479, 474, 440, 470, 303, 128, 453, 497, 207, 33, 166, 219, 384, 436, 480]
[74, 407, 356, 410, 399, 365, 314, 315, 324, 420, 85, 95, 212, 264, 6, 113, 253, 360, 506, 235, 228, 277, 435, 217, 76, 173, 290, 424, 209, 70, 120, 231, 121, 180, 223, 333, 402, 189, 48, 208, 284, 374, 230, 387, 263, 237, 422, 458, 307, 182, 34, 162, 211, 418, 220, 222, 278, 4, 341, 305, 98, 186, 25, 416, 117, 273, 309, 158]
[251, 36, 23, 215, 175, 67, 507, 316, 69, 66, 213, 313, 191, 244, 462, 27, 196, 236, 294, 267, 229, 238, 37, 151, 177, 179, 404, 382, 344, 188]
Within-Region SSD: 1861.641966657722

k = 9
[22, 143, 283, 24, 138, 160, 330, 337, 101, 452, 190, 329, 86, 439, 385, 225, 26, 153, 447, 103]
[115, 47, 202, 149, 110, 133, 467, 266]
[321, 280, 281, 148, 391, 152, 57, 322, 348, 336, 214, 287, 142, 146, 192, 426, 163, 78, 55, 77, 131, 58, 93, 52, 187, 45, 51, 8, 334, 50, 155, 421, 308, 3, 107, 53, 2, 56, 9, 1, 147, 54, 10, 331]
[299, 159, 446, 437, 145, 450, 471, 444, 80, 428, 118, 114, 269, 137, 144, 427, 492, 96, 170, 171, 359, 64, 100, 35, 20, 490, 17, 270, 499, 39, 495, 432, 18, 31, 248, 493, 136, 475, 451, 325, 445, 411, 122, 135, 141, 485, 425, 473, 429, 463, 481, 504, 397, 254, 449, 505, 256, 457, 461, 459, 464, 21, 409, 401, 19, 89, 431, 92, 227, 465, 396, 413, 62, 489, 386, 472, 469, 340, 90, 104, 377, 234, 134, 433, 132, 417, 295, 156, 129, 7, 42, 419, 494, 72, 484, 275, 49, 503, 372, 41, 125, 442, 174, 395, 388, 300, 257, 302, 150, 224, 165, 415, 32, 63, 327, 390, 81, 268, 455, 414, 412, 123, 339, 454, 109, 456, 423, 500, 119, 353, 99, 233, 106, 79, 164, 434, 204, 381, 94, 289, 38, 84, 351, 358, 116, 262, 376, 354, 304, 291, 406, 221, 247, 201, 317, 392, 288, 312, 271, 357, 318, 301, 443, 375, 195, 218, 249, 200, 282, 352, 378, 161, 43, 508, 239, 393, 311, 342, 367, 350, 320, 361, 243, 346, 124, 292, 240, 194, 383, 430, 276, 408, 488, 286, 338, 258, 364, 184, 15, 193, 216, 349, 226, 130, 14, 181, 13, 345, 83, 373, 261, 369, 368, 140, 466, 232, 260, 347, 242, 60, 154, 255, 343, 477, 59, 362]
[498, 335, 46, 476, 394, 265, 168, 197, 241, 91, 176, 326, 319, 298, 126, 285, 259, 139]
[178, 274, 75, 478, 297, 486, 491, 185, 355, 245, 111, 127, 183, 501, 366, 157, 82, 167, 246, 479, 474, 440, 470, 303, 128, 453, 497, 207, 33, 166, 219, 384, 436, 480]
[251, 36, 23, 215, 175, 67, 507, 316, 69, 66, 213, 313, 191, 244, 462, 27, 196, 236, 294, 267, 229, 238, 37, 151, 177, 179, 404, 382, 344, 188]
[74, 407, 356, 410, 399, 365, 314, 315, 420, 85, 95, 264, 6, 113, 506, 235, 228, 277, 217, 76, 173, 290, 424, 70, 120, 231, 121, 333, 402, 189, 48, 284, 374, 230, 387, 237, 422, 458, 307, 211, 418, 4, 341, 305, 416]
[324, 212, 253, 360, 435, 209, 180, 223, 208, 263, 182, 34, 162, 220, 222, 278, 98, 186, 25, 117, 273, 309, 158]
Within-Region SSD: 1815.1442759785532

k = 10
[22, 143, 283, 24, 138, 160, 330, 337, 101, 452, 190, 329, 86, 439, 385, 225, 26, 153, 447, 103]
[115, 47, 202, 149, 110, 133, 467, 266]
[321, 280, 281, 148, 391, 152, 57, 322, 348, 336, 214, 287, 142, 146, 192, 426, 163, 78, 55, 77, 131, 58, 93, 52, 187, 45, 51, 8, 334, 50, 155, 421, 308, 3, 107, 53, 2, 56, 9, 1, 147, 54, 10, 331]
[299, 159, 446, 437, 145, 450, 471, 444, 80, 428, 118, 114, 269, 137, 144, 427, 492, 96, 170, 171, 359, 64, 100, 35, 20, 490, 17, 270, 499, 39, 495, 432, 18, 31, 248, 493, 136, 475, 451, 325, 445, 411, 122, 135, 141, 485, 425, 473, 429, 463, 481, 504, 397, 254, 449, 505, 256, 457, 461, 459, 464, 21, 409, 401, 19, 89, 431, 92, 227, 465, 396, 413, 62, 489, 386, 472, 469, 340, 90, 104, 377, 234, 134, 433, 132, 417, 295, 156, 129, 7, 42, 419, 494, 72, 484, 275, 49, 503, 372, 41, 125, 442, 174, 395, 388, 300, 257, 302, 150, 224, 165, 415, 32, 63, 327, 390, 81, 268, 455, 414, 412, 123, 339, 454, 109, 456, 423, 500, 119, 353, 99, 233, 106, 79, 164, 434, 204, 381, 94, 289, 38, 84, 351, 358, 116, 262, 376, 354, 304, 291, 406, 221, 247, 201, 317, 392, 288, 312, 271, 357, 318, 301, 443, 375, 195, 218, 249, 200, 282, 352, 378, 161, 43, 508, 239, 393, 311, 342, 367, 350, 320, 361, 243, 346, 124, 292, 240, 194, 383, 430, 276, 408, 488, 286, 338, 258, 364, 184, 15, 193, 216, 349, 226, 130, 14, 181, 13, 345, 83, 373, 261, 369, 368, 140, 466, 232, 260, 347, 242, 60, 154, 255, 343, 477, 59, 362]
[498, 335, 46, 476, 394, 265, 168, 197, 241, 91, 176, 326, 319, 298, 126, 285, 259, 139]
[178, 274, 75, 478, 297, 486, 491, 185, 355, 245, 111, 127, 183, 501, 366, 157, 82, 167, 246, 479, 474, 440, 470, 303, 128, 453, 497, 207, 33, 166, 219, 384, 436, 480]
[251, 36, 23, 215, 175, 67, 507, 316, 69, 66, 213, 313, 191, 244, 462, 27, 196, 236, 294, 267, 229, 238, 37, 151, 177, 179, 404, 382, 344, 188]
[324, 212, 253, 360, 435, 209, 180, 223, 208, 263, 182, 34, 162, 220, 222, 278, 98, 186, 25, 117, 273, 309, 158]
[74, 407, 356, 410, 399, 365, 314, 315, 85, 95, 6, 113, 277]
[420, 264, 506, 235, 228, 217, 76, 173, 290, 424, 70, 120, 231, 121, 333, 402, 189, 48, 284, 374, 230, 387, 237, 422, 458, 307, 211, 418, 4, 341, 305, 416]
Within-Region SSD: 1794.0943764059016

k = 11
[22, 143, 283, 24, 138, 160, 330, 337, 101, 452, 190, 329, 86, 439, 385, 225, 26, 153, 447, 103]
[115, 47, 202, 149, 110, 133, 467, 266]
[321, 280, 281, 148, 391, 152, 57, 322, 348, 336, 214, 287, 142, 146, 192, 426, 163, 78, 55, 77, 131, 58, 93, 52, 187, 45, 51, 8, 334, 50, 155, 421, 308, 3, 107, 53, 2, 56, 9, 1, 147, 54, 10, 331]
[498, 335, 46, 476, 394, 265, 168, 197, 241, 91, 176, 326, 319, 298, 126, 285, 259, 139]
[178, 274, 75, 478, 297, 486, 491, 185, 355, 245, 111, 127, 183, 501, 366, 157, 82, 167, 246, 479, 474, 440, 470, 303, 128, 453, 497, 207, 33, 166, 219, 384, 436, 480]
[251, 36, 23, 215, 175, 67, 507, 316, 69, 66, 213, 313, 191, 244, 462, 27, 196, 236, 294, 267, 229, 238, 37, 151, 177, 179, 404, 382, 344, 188]
[324, 212, 253, 360, 435, 209, 180, 223, 208, 263, 182, 34, 162, 220, 222, 278, 98, 186, 25, 117, 273, 309, 158]
[74, 407, 356, 410, 399, 365, 314, 315, 85, 95, 6, 113, 277]
[420, 264, 506, 235, 228, 217, 76, 173, 290, 424, 70, 120, 231, 121, 333, 402, 189, 48, 284, 374, 230, 387, 237, 422, 458, 307, 211, 418, 4, 341, 305, 416]
[299, 159, 446, 437, 145, 450, 471, 444, 80, 428, 118, 114, 269, 137, 427, 492, 171, 359, 35, 20, 490, 17, 495, 432, 18, 451, 325, 445, 411, 122, 463, 481, 504, 397, 461, 459, 464, 21, 409, 401, 19, 89, 431, 92, 227, 465, 396, 413, 62, 489, 386, 472, 469, 340, 90, 104, 377, 234, 134, 433, 132, 417, 295, 156, 129, 7, 42, 419, 494, 72, 484, 275, 49, 503, 372, 41, 125, 442, 174, 395, 388, 300, 257, 302, 150, 224, 165, 415, 32, 63, 327, 390, 81, 268, 455, 414, 412, 123, 339, 454, 109, 456, 423, 500, 119, 353, 99, 233, 106, 79, 164, 434, 204, 381, 94, 289, 38, 84, 351, 358, 116, 262, 376, 354, 304, 291, 406, 221, 247, 201, 317, 392, 288, 312, 271, 357, 318, 301, 443, 375, 195, 218, 249, 200, 282, 352, 378, 161, 43, 508, 239, 393, 311, 342, 367, 350, 320, 361, 243, 346, 124, 292, 240, 194, 383, 430, 276, 408, 488, 286, 338, 258, 364, 184, 15, 193, 216, 349, 226, 130, 14, 181, 13, 345, 83, 373, 261, 369, 368, 140, 466, 232, 260, 347, 242, 60, 154, 255, 343, 477, 59, 362]
[144, 96, 170, 64, 100, 270, 499, 39, 31, 248, 493, 136, 475, 135, 141, 485, 425, 473, 429, 254, 449, 505, 256, 457]
Within-Region SSD: 1773.1083981720428

k = 12
[22, 143, 283, 24, 138, 160, 330, 337, 101, 452, 190, 329, 86, 439, 385, 225, 26, 153, 447, 103]
[115, 47, 202, 149, 110, 133, 467, 266]
[321, 280, 281, 148, 391, 152, 57, 322, 348, 336, 214, 287, 142, 146, 192, 426, 163, 78, 55, 77, 131, 58, 93, 52, 187, 45, 51, 8, 334, 50, 155, 421, 308, 3, 107, 53, 2, 56, 9, 1, 147, 54, 10, 331]
[498, 335, 46, 476, 394, 265, 168, 197, 241, 91, 176, 326, 319, 298, 126, 285, 259, 139]
[178, 274, 75, 478, 297, 486, 491, 185, 355, 245, 111, 127, 183, 501, 366, 157, 82, 167, 246, 479, 474, 440, 470, 303, 128, 453, 497, 207, 33, 166, 219, 384, 436, 480]
[251, 36, 23, 215, 175, 67, 507, 316, 69, 66, 213, 313, 191, 244, 462, 27, 196, 236, 294, 267, 229, 238, 37, 151, 177, 179, 404, 382, 344, 188]
[324, 212, 253, 360, 435, 209, 180, 223, 208, 263, 182, 34, 162, 220, 222, 278, 98, 186, 25, 117, 273, 309, 158]
[74, 407, 356, 410, 399, 365, 314, 315, 85, 95, 6, 113, 277]
[420, 264, 506, 235, 228, 217, 76, 173, 290, 424, 70, 120, 231, 121, 333, 402, 189, 48, 284, 374, 230, 387, 237, 422, 458, 307, 211, 418, 4, 341, 305, 416]
[144, 96, 170, 64, 100, 270, 499, 39, 31, 248, 493, 136, 475, 135, 141, 485, 425, 473, 429, 254, 449, 505, 256, 457]
[299, 159, 446, 437, 145, 450, 471, 444, 80, 428, 118, 114, 269, 137, 427, 492, 171, 359, 35, 20, 490, 17, 495, 432, 18, 451, 325, 445, 411, 122, 463, 504, 397, 461, 459, 464, 89, 431, 92, 227, 465, 489, 386, 472, 469, 340, 90, 104, 377, 234, 134, 433, 132, 417, 295, 156, 129, 7, 42, 419, 494, 72, 484, 275, 49, 503, 372, 41, 125, 442, 174, 395, 388, 300, 257, 302, 150, 224, 165, 415, 32, 63, 327, 390, 81, 268, 455, 414, 412, 123, 339, 454, 109, 456, 423, 500, 119, 353, 99, 233, 106, 79, 164, 434, 204, 381, 94, 289, 38, 84, 351, 358, 116, 262, 376, 354, 304, 291, 406, 221, 247, 201, 317, 392, 288, 312, 271, 357, 318, 301, 443, 375, 195, 218, 249, 200, 282, 352, 378, 161, 43, 508, 239, 393, 311, 342, 367, 350, 320, 361, 243, 346, 124, 292, 240, 194, 383, 430, 276, 408, 488, 286, 338, 258, 364, 184, 15, 193, 216, 349, 226, 130, 14, 181, 13, 345, 83, 373, 261, 369, 368, 140, 466, 232, 260, 347, 242, 60, 154, 255, 343, 477, 59, 362]
[481, 21, 409, 401, 19, 396, 413, 62]
Within-Region SSD: 1753.4003135543028

k = 13
[22, 143, 283, 24, 138, 160, 330, 337, 101, 452, 190, 329, 86, 439, 385, 225, 26, 153, 447, 103]
[115, 47, 202, 149, 110, 133, 467, 266]
[321, 280, 281, 148, 391, 152, 57, 322, 348, 336, 214, 287, 142, 146, 192, 426, 163, 78, 55, 77, 131, 58, 93, 52, 187, 45, 51, 8, 334, 50, 155, 421, 308, 3, 107, 53, 2, 56, 9, 1, 147, 54, 10, 331]
[498, 335, 46, 476, 394, 265, 168, 197, 241, 91, 176, 326, 319, 298, 126, 285, 259, 139]
[178, 274, 75, 478, 297, 486, 491, 185, 355, 245, 111, 127, 183, 501, 366, 157, 82, 167, 246, 479, 474, 440, 470, 303, 128, 453, 497, 207, 33, 166, 219, 384, 436, 480]
[251, 36, 23, 215, 175, 67, 507, 316, 69, 66, 213, 313, 191, 244, 462, 27, 196, 236, 294, 267, 229, 238, 37, 151, 177, 179, 404, 382, 344, 188]
[324, 212, 253, 360, 435, 209, 180, 223, 208, 263, 182, 34, 162, 220, 222, 278, 98, 186, 25, 117, 273, 309, 158]
[74, 407, 356, 410, 399, 365, 314, 315, 85, 95, 6, 113, 277]
[420, 264, 506, 235, 228, 217, 76, 173, 290, 424, 70, 120, 231, 121, 333, 402, 189, 48, 284, 374, 230, 387, 237, 422, 458, 307, 211, 418, 4, 341, 305, 416]
[144, 96, 170, 64, 100, 270, 499, 39, 31, 248, 493, 136, 475, 135, 141, 485, 425, 473, 429, 254, 449, 505, 256, 457]
[481, 21, 409, 401, 19, 396, 413, 62]
[299, 159, 446, 437, 145, 450, 471, 444, 80, 428, 118, 114, 269, 137, 427, 492, 171, 359, 35, 20, 490, 17, 495, 432, 18, 451, 325, 445, 411, 122, 463, 504, 397, 461, 459, 464, 89, 431, 92, 227, 465, 489, 386, 472, 469, 340, 90, 104, 377, 234, 134, 433, 132, 417, 295, 156, 129, 7, 42, 419, 494, 72, 484, 275, 49, 503, 372, 41, 125, 442, 174, 395, 388, 300, 257, 302, 150, 224, 165, 415, 32, 63, 327, 390, 81, 268, 455, 414, 412, 123, 339, 454, 109, 456, 423, 500, 119, 353, 99, 233, 106, 79, 164, 434, 204, 381, 94, 289, 38, 84, 351, 358, 116, 262, 376, 354, 304, 291, 406, 221, 247, 201, 317, 392, 288, 312, 271, 357, 301, 443, 375, 195, 218, 249, 200, 282, 352, 161, 43, 508, 239, 393, 311, 342, 367, 350, 320, 346, 124, 292, 240, 194, 383, 430, 488, 286, 338, 258, 364, 193, 216, 349, 226, 181, 373, 232]
[318, 378, 361, 243, 276, 408, 184, 15, 130, 14, 13, 345, 83, 261, 369, 368, 140, 466, 260, 347, 242, 60, 154, 255, 343, 477, 59, 362]
Within-Region SSD: 1734.152059876817

k = 14
[115, 47, 202, 149, 110, 133, 467, 266]
[321, 280, 281, 148, 391, 152, 57, 322, 348, 336, 214, 287, 142, 146, 192, 426, 163, 78, 55, 77, 131, 58, 93, 52, 187, 45, 51, 8, 334, 50, 155, 421, 308, 3, 107, 53, 2, 56, 9, 1, 147, 54, 10, 331]
[498, 335, 46, 476, 394, 265, 168, 197, 241, 91, 176, 326, 319, 298, 126, 285, 259, 139]
[178, 274, 75, 478, 297, 486, 491, 185, 355, 245, 111, 127, 183, 501, 366, 157, 82, 167, 246, 479, 474, 440, 470, 303, 128, 453, 497, 207, 33, 166, 219, 384, 436, 480]
[251, 36, 23, 215, 175, 67, 507, 316, 69, 66, 213, 313, 191, 244, 462, 27, 196, 236, 294, 267, 229, 238, 37, 151, 177, 179, 404, 382, 344, 188]
[324, 212, 253, 360, 435, 209, 180, 223, 208, 263, 182, 34, 162, 220, 222, 278, 98, 186, 25, 117, 273, 309, 158]
[74, 407, 356, 410, 399, 365, 314, 315, 85, 95, 6, 113, 277]
[420, 264, 506, 235, 228, 217, 76, 173, 290, 424, 70, 120, 231, 121, 333, 402, 189, 48, 284, 374, 230, 387, 237, 422, 458, 307, 211, 418, 4, 341, 305, 416]
[144, 96, 170, 64, 100, 270, 499, 39, 31, 248, 493, 136, 475, 135, 141, 485, 425, 473, 429, 254, 449, 505, 256, 457]
[481, 21, 409, 401, 19, 396, 413, 62]
[299, 159, 446, 437, 145, 450, 471, 444, 80, 428, 118, 114, 269, 137, 427, 492, 171, 359, 35, 20, 490, 17, 495, 432, 18, 451, 325, 445, 411, 122, 463, 504, 397, 461, 459, 464, 89, 431, 92, 227, 465, 489, 386, 472, 469, 340, 90, 104, 377, 234, 134, 433, 132, 417, 295, 156, 129, 7, 42, 419, 494, 72, 484, 275, 49, 503, 372, 41, 125, 442, 174, 395, 388, 300, 257, 302, 150, 224, 165, 415, 32, 63, 327, 390, 81, 268, 455, 414, 412, 123, 339, 454, 109, 456, 423, 500, 119, 353, 99, 233, 106, 79, 164, 434, 204, 381, 94, 289, 38, 84, 351, 358, 116, 262, 376, 354, 304, 291, 406, 221, 247, 201, 317, 392, 288, 312, 271, 357, 301, 443, 375, 195, 218, 249, 200, 282, 352, 161, 43, 508, 239, 393, 311, 342, 367, 350, 320, 346, 124, 292, 240, 194, 383, 430, 488, 286, 338, 258, 364, 193, 216, 349, 226, 181, 373, 232]
[318, 378, 361, 243, 276, 408, 184, 15, 130, 14, 13, 345, 83, 261, 369, 368, 140, 466, 260, 347, 242, 60, 154, 255, 343, 477, 59, 362]
[22, 143, 283, 24, 138, 160, 337, 101, 190]
[330, 452, 329, 86, 439, 385, 225, 26, 153, 447, 103]
Within-Region SSD: 1715.6928376545984

k = 15
[115, 47, 202, 149, 110, 133, 467, 266]
[321, 280, 281, 148, 391, 152, 57, 322, 348, 336, 214, 287, 142, 146, 192, 426, 163, 78, 55, 77, 131, 58, 93, 52, 187, 45, 51, 8, 334, 50, 155, 421, 308, 3, 107, 53, 2, 56, 9, 1, 147, 54, 10, 331]
[498, 335, 46, 476, 394, 265, 168, 197, 241, 91, 176, 326, 319, 298, 126, 285, 259, 139]
[178, 274, 75, 478, 297, 486, 491, 185, 355, 245, 111, 127, 183, 501, 366, 157, 82, 167, 246, 479, 474, 440, 470, 303, 128, 453, 497, 207, 33, 166, 219, 384, 436, 480]
[251, 36, 23, 215, 175, 67, 507, 316, 69, 66, 213, 313, 191, 244, 462, 27, 196, 236, 294, 267, 229, 238, 37, 151, 177, 179, 404, 382, 344, 188]
[74, 407, 356, 410, 399, 365, 314, 315, 85, 95, 6, 113, 277]
[420, 264, 506, 235, 228, 217, 76, 173, 290, 424, 70, 120, 231, 121, 333, 402, 189, 48, 284, 374, 230, 387, 237, 422, 458, 307, 211, 418, 4, 341, 305, 416]
[144, 96, 170, 64, 100, 270, 499, 39, 31, 248, 493, 136, 475, 135, 141, 485, 425, 473, 429, 254, 449, 505, 256, 457]
[481, 21, 409, 401, 19, 396, 413, 62]
[299, 159, 446, 437, 145, 450, 471, 444, 80, 428, 118, 114, 269, 137, 427, 492, 171, 359, 35, 20, 490, 17, 495, 432, 18, 451, 325, 445, 411, 122, 463, 504, 397, 461, 459, 464, 89, 431, 92, 227, 465, 489, 386, 472, 469, 340, 90, 104, 377, 234, 134, 433, 132, 417, 295, 156, 129, 7, 42, 419, 494, 72, 484, 275, 49, 503, 372, 41, 125, 442, 174, 395, 388, 300, 257, 302, 150, 224, 165, 415, 32, 63, 327, 390, 81, 268, 455, 414, 412, 123, 339, 454, 109, 456, 423, 500, 119, 353, 99, 233, 106, 79, 164, 434, 204, 381, 94, 289, 38, 84, 351, 358, 116, 262, 376, 354, 304, 291, 406, 221, 247, 201, 317, 392, 288, 312, 271, 357, 301, 443, 375, 195, 218, 249, 200, 282, 352, 161, 43, 508, 239, 393, 311, 342, 367, 350, 320, 346, 124, 292, 240, 194, 383, 430, 488, 286, 338, 258, 364, 193, 216, 349, 226, 181, 373, 232]
[318, 378, 361, 243, 276, 408, 184, 15, 130, 14, 13, 345, 83, 261, 369, 368, 140, 466, 260, 347, 242, 60, 154, 255, 343, 477, 59, 362]
[22, 143, 283, 24, 138, 160, 337, 101, 190]
[330, 452, 329, 86, 439, 385, 225, 26, 153, 447, 103]
[324, 212, 253, 360, 435, 209, 180, 223, 208]
[263, 182, 34, 162, 220, 222, 278, 98, 186, 25, 117, 273, 309, 158]
Within-Region SSD: 1697.8102841694401

k = 16
[115, 47, 202, 149, 110, 133, 467, 266]
[321, 280, 281, 148, 391, 152, 57, 322, 348, 336, 214, 287, 142, 146, 192, 426, 163, 78, 55, 77, 131, 58, 93, 52, 187, 45, 51, 8, 334, 50, 155, 421, 308, 3, 107, 53, 2, 56, 9, 1, 147, 54, 10, 331]
[498, 335, 46, 476, 394, 265, 168, 197, 241, 91, 176, 326, 319, 298, 126, 285, 259, 139]
[251, 36, 23, 215, 175, 67, 507, 316, 69, 66, 213, 313, 191, 244, 462, 27, 196, 236, 294, 267, 229, 238, 37, 151, 177, 179, 404, 382, 344, 188]
[74, 407, 356, 410, 399, 365, 314, 315, 85, 95, 6, 113, 277]
[420, 264, 506, 235, 228, 217, 76, 173, 290, 424, 70, 120, 231, 121, 333, 402, 189, 48, 284, 374, 230, 387, 237, 422, 458, 307, 211, 418, 4, 341, 305, 416]
[144, 96, 170, 64, 100, 270, 499, 39, 31, 248, 493, 136, 475, 135, 141, 485, 425, 473, 429, 254, 449, 505, 256, 457]
[481, 21, 409, 401, 19, 396, 413, 62]
[299, 159, 446, 437, 145, 450, 471, 444, 80, 428, 118, 114, 269, 137, 427, 492, 171, 359, 35, 20, 490, 17, 495, 432, 18, 451, 325, 445, 411, 122, 463, 504, 397, 461, 459, 464, 89, 431, 92, 227, 465, 489, 386, 472, 469, 340, 90, 104, 377, 234, 134, 433, 132, 417, 295, 156, 129, 7, 42, 419, 494, 72, 484, 275, 49, 503, 372, 41, 125, 442, 174, 395, 388, 300, 257, 302, 150, 224, 165, 415, 32, 63, 327, 390, 81, 268, 455, 414, 412, 123, 339, 454, 109, 456, 423, 500, 119, 353, 99, 233, 106, 79, 164, 434, 204, 381, 94, 289, 38, 84, 351, 358, 116, 262, 376, 354, 304, 291, 406, 221, 247, 201, 317, 392, 288, 312, 271, 357, 301, 443, 375, 195, 218, 249, 200, 282, 352, 161, 43, 508, 239, 393, 311, 342, 367, 350, 320, 346, 124, 292, 240, 194, 383, 430, 488, 286, 338, 258, 364, 193, 216, 349, 226, 181, 373, 232]
[318, 378, 361, 243, 276, 408, 184, 15, 130, 14, 13, 345, 83, 261, 369, 368, 140, 466, 260, 347, 242, 60, 154, 255, 343, 477, 59, 362]
[22, 143, 283, 24, 138, 160, 337, 101, 190]
[330, 452, 329, 86, 439, 385, 225, 26, 153, 447, 103]
[324, 212, 253, 360, 435, 209, 180, 223, 208]
[263, 182, 34, 162, 220, 222, 278, 98, 186, 25, 117, 273, 309, 158]
[178, 274, 75, 478, 486, 491, 185, 355, 245, 127, 183, 501, 366, 82, 167, 246, 479, 474, 470, 303, 128, 453, 497, 207, 219, 384]
[297, 111, 157, 440, 33, 166, 436, 480]
Within-Region SSD: 1681.2759346219339

k = 17
[115, 47, 202, 149, 110, 133, 467, 266]
[321, 280, 281, 148, 391, 152, 57, 322, 348, 336, 214, 287, 142, 146, 192, 426, 163, 78, 55, 77, 131, 58, 93, 52, 187, 45, 51, 8, 334, 50, 155, 421, 308, 3, 107, 53, 2, 56, 9, 1, 147, 54, 10, 331]
[498, 335, 46, 476, 394, 265, 168, 197, 241, 91, 176, 326, 319, 298, 126, 285, 259, 139]
[251, 36, 23, 215, 175, 67, 507, 316, 69, 66, 213, 313, 191, 244, 462, 27, 196, 236, 294, 267, 229, 238, 37, 151, 177, 179, 404, 382, 344, 188]
[74, 407, 356, 410, 399, 365, 314, 315, 85, 95, 6, 113, 277]
[420, 264, 506, 235, 228, 217, 76, 173, 290, 424, 70, 120, 231, 121, 333, 402, 189, 48, 284, 374, 230, 387, 237, 422, 458, 307, 211, 418, 4, 341, 305, 416]
[481, 21, 409, 401, 19, 396, 413, 62]
[299, 159, 446, 437, 145, 450, 471, 444, 80, 428, 118, 114, 269, 137, 427, 492, 171, 359, 35, 20, 490, 17, 495, 432, 18, 451, 325, 445, 411, 122, 463, 504, 397, 461, 459, 464, 89, 431, 92, 227, 465, 489, 386, 472, 469, 340, 90, 104, 377, 234, 134, 433, 132, 417, 295, 156, 129, 7, 42, 419, 494, 72, 484, 275, 49, 503, 372, 41, 125, 442, 174, 395, 388, 300, 257, 302, 150, 224, 165, 415, 32, 63, 327, 390, 81, 268, 455, 414, 412, 123, 339, 454, 109, 456, 423, 500, 119, 353, 99, 233, 106, 79, 164, 434, 204, 381, 94, 289, 38, 84, 351, 358, 116, 262, 376, 354, 304, 291, 406, 221, 247, 201, 317, 392, 288, 312, 271, 357, 301, 443, 375, 195, 218, 249, 200, 282, 352, 161, 43, 508, 239, 393, 311, 342, 367, 350, 320, 346, 124, 292, 240, 194, 383, 430, 488, 286, 338, 258, 364, 193, 216, 349, 226, 181, 373, 232]
[318, 378, 361, 243, 276, 408, 184, 15, 130, 14, 13, 345, 83, 261, 369, 368, 140, 466, 260, 347, 242, 60, 154, 255, 343, 477, 59, 362]
[22, 143, 283, 24, 138, 160, 337, 101, 190]
[330, 452, 329, 86, 439, 385, 225, 26, 153, 447, 103]
[324, 212, 253, 360, 435, 209, 180, 223, 208]
[263, 182, 34, 162, 220, 222, 278, 98, 186, 25, 117, 273, 309, 158]
[178, 274, 75, 478, 486, 491, 185, 355, 245, 127, 183, 501, 366, 82, 167, 246, 479, 474, 470, 303, 128, 453, 497, 207, 219, 384]
[297, 111, 157, 440, 33, 166, 436, 480]
[144, 96, 170, 100, 39, 475, 429, 457]
[64, 270, 499, 31, 248, 493, 136, 135, 141, 485, 425, 473, 254, 449, 505, 256]
Within-Region SSD: 1666.9780179552695

k = 18
[115, 47, 202, 149, 110, 133, 467, 266]
[321, 280, 281, 148, 391, 152, 57, 322, 348, 336, 214, 287, 142, 146, 192, 426, 163, 78, 55, 77, 131, 58, 93, 52, 187, 45, 51, 8, 334, 50, 155, 421, 308, 3, 107, 53, 2, 56, 9, 1, 147, 54, 10, 331]
[498, 335, 46, 476, 394, 265, 168, 197, 241, 91, 176, 326, 319, 298, 126, 285, 259, 139]
[251, 36, 23, 215, 175, 67, 507, 316, 69, 66, 213, 313, 191, 244, 462, 27, 196, 236, 294, 267, 229, 238, 37, 151, 177, 179, 404, 382, 344, 188]
[74, 407, 356, 410, 399, 365, 314, 315, 85, 95, 6, 113, 277]
[481, 21, 409, 401, 19, 396, 413, 62]
[299, 159, 446, 437, 145, 450, 471, 444, 80, 428, 118, 114, 269, 137, 427, 492, 171, 359, 35, 20, 490, 17, 495, 432, 18, 451, 325, 445, 411, 122, 463, 504, 397, 461, 459, 464, 89, 431, 92, 227, 465, 489, 386, 472, 469, 340, 90, 104, 377, 234, 134, 433, 132, 417, 295, 156, 129, 7, 42, 419, 494, 72, 484, 275, 49, 503, 372, 41, 125, 442, 174, 395, 388, 300, 257, 302, 150, 224, 165, 415, 32, 63, 327, 390, 81, 268, 455, 414, 412, 123, 339, 454, 109, 456, 423, 500, 119, 353, 99, 233, 106, 79, 164, 434, 204, 381, 94, 289, 38, 84, 351, 358, 116, 262, 376, 354, 304, 291, 406, 221, 247, 201, 317, 392, 288, 312, 271, 357, 301, 443, 375, 195, 218, 249, 200, 282, 352, 161, 43, 508, 239, 393, 311, 342, 367, 350, 320, 346, 124, 292, 240, 194, 383, 430, 488, 286, 338, 258, 364, 193, 216, 349, 226, 181, 373, 232]
[318, 378, 361, 243, 276, 408, 184, 15, 130, 14, 13, 345, 83, 261, 369, 368, 140, 466, 260, 347, 242, 60, 154, 255, 343, 477, 59, 362]
[22, 143, 283, 24, 138, 160, 337, 101, 190]
[330, 452, 329, 86, 439, 385, 225, 26, 153, 447, 103]
[324, 212, 253, 360, 435, 209, 180, 223, 208]
[263, 182, 34, 162, 220, 222, 278, 98, 186, 25, 117, 273, 309, 158]
[178, 274, 75, 478, 486, 491, 185, 355, 245, 127, 183, 501, 366, 82, 167, 246, 479, 474, 470, 303, 128, 453, 497, 207, 219, 384]
[297, 111, 157, 440, 33, 166, 436, 480]
[144, 96, 170, 100, 39, 475, 429, 457]
[64, 270, 499, 31, 248, 493, 136, 135, 141, 485, 425, 473, 254, 449, 505, 256]
[420, 264, 235, 228, 173, 290, 424, 120, 231, 121, 402, 189, 48, 230, 387, 422, 458, 307, 211, 418, 4, 341, 305, 416]
[506, 217, 76, 70, 333, 284, 374, 237]
Within-Region SSD: 1653.7984346219403

k = 19
[115, 47, 202, 149, 110, 133, 467, 266]
[321, 280, 281, 148, 391, 152, 57, 322, 348, 336, 214, 287, 142, 146, 192, 426, 163, 78, 55, 77, 131, 58, 93, 52, 187, 45, 51, 8, 334, 50, 155, 421, 308, 3, 107, 53, 2, 56, 9, 1, 147, 54, 10, 331]
[498, 335, 46, 476, 394, 265, 168, 197, 241, 91, 176, 326, 319, 298, 126, 285, 259, 139]
[251, 36, 23, 215, 175, 67, 507, 316, 69, 66, 213, 313, 191, 244, 462, 27, 196, 236, 294, 267, 229, 238, 37, 151, 177, 179, 404, 382, 344, 188]
[74, 407, 356, 410, 399, 365, 314, 315, 85, 95, 6, 113, 277]
[481, 21, 409, 401, 19, 396, 413, 62]
[299, 159, 446, 437, 145, 450, 471, 444, 80, 428, 118, 114, 269, 137, 427, 492, 171, 359, 35, 20, 490, 17, 495, 432, 18, 451, 325, 445, 411, 122, 463, 504, 397, 461, 459, 464, 89, 431, 92, 227, 465, 489, 386, 472, 469, 340, 90, 104, 377, 234, 134, 433, 132, 417, 295, 156, 129, 7, 42, 419, 494, 72, 484, 275, 49, 503, 372, 41, 125, 442, 174, 395, 388, 300, 257, 302, 150, 224, 165, 415, 32, 63, 327, 390, 81, 268, 455, 414, 412, 123, 339, 454, 109, 456, 423, 500, 119, 353, 99, 233, 106, 79, 164, 434, 204, 381, 94, 289, 38, 84, 351, 358, 116, 262, 376, 354, 304, 291, 406, 221, 247, 201, 317, 392, 288, 312, 271, 357, 301, 443, 375, 195, 218, 249, 200, 282, 352, 161, 43, 508, 239, 393, 311, 342, 367, 350, 320, 346, 124, 292, 240, 194, 383, 430, 488, 286, 338, 258, 364, 193, 216, 349, 226, 181, 373, 232]
[318, 378, 361, 243, 276, 408, 184, 15, 130, 14, 13, 345, 83, 261, 369, 368, 140, 466, 260, 347, 242, 60, 154, 255, 343, 477, 59, 362]
[22, 143, 283, 24, 138, 160, 337, 101, 190]
[330, 452, 329, 86, 439, 385, 225, 26, 153, 447, 103]
[324, 212, 253, 360, 435, 209, 180, 223, 208]
[263, 182, 34, 162, 220, 222, 278, 98, 186, 25, 117, 273, 309, 158]
[178, 274, 75, 478, 486, 491, 185, 355, 245, 127, 183, 501, 366, 82, 167, 246, 479, 474, 470, 303, 128, 453, 497, 207, 219, 384]
[297, 111, 157, 440, 33, 166, 436, 480]
[144, 96, 170, 100, 39, 475, 429, 457]
[64, 270, 499, 31, 248, 493, 136, 135, 141, 485, 425, 473, 254, 449, 505, 256]
[506, 217, 76, 70, 333, 284, 374, 237]
[420, 264, 235, 173, 290, 120, 231, 402]
[228, 424, 121, 189, 48, 230, 387, 422, 458, 307, 211, 418, 4, 341, 305, 416]
Within-Region SSD: 1632.518017955275

k = 20
[115, 47, 202, 149, 110, 133, 467, 266]
[321, 280, 281, 148, 391, 152, 57, 322, 348, 336, 214, 287, 142, 146, 192, 426, 163, 78, 55, 77, 131, 58, 93, 52, 187, 45, 51, 8, 334, 50, 155, 421, 308, 3, 107, 53, 2, 56, 9, 1, 147, 54, 10, 331]
[251, 36, 23, 215, 175, 67, 507, 316, 69, 66, 213, 313, 191, 244, 462, 27, 196, 236, 294, 267, 229, 238, 37, 151, 177, 179, 404, 382, 344, 188]
[74, 407, 356, 410, 399, 365, 314, 315, 85, 95, 6, 113, 277]
[481, 21, 409, 401, 19, 396, 413, 62]
[299, 159, 446, 437, 145, 450, 471, 444, 80, 428, 118, 114, 269, 137, 427, 492, 171, 359, 35, 20, 490, 17, 495, 432, 18, 451, 325, 445, 411, 122, 463, 504, 397, 461, 459, 464, 89, 431, 92, 227, 465, 489, 386, 472, 469, 340, 90, 104, 377, 234, 134, 433, 132, 417, 295, 156, 129, 7, 42, 419, 494, 72, 484, 275, 49, 503, 372, 41, 125, 442, 174, 395, 388, 300, 257, 302, 150, 224, 165, 415, 32, 63, 327, 390, 81, 268, 455, 414, 412, 123, 339, 454, 109, 456, 423, 500, 119, 353, 99, 233, 106, 79, 164, 434, 204, 381, 94, 289, 38, 84, 351, 358, 116, 262, 376, 354, 304, 291, 406, 221, 247, 201, 317, 392, 288, 312, 271, 357, 301, 443, 375, 195, 218, 249, 200, 282, 352, 161, 43, 508, 239, 393, 311, 342, 367, 350, 320, 346, 124, 292, 240, 194, 383, 430, 488, 286, 338, 258, 364, 193, 216, 349, 226, 181, 373, 232]
[318, 378, 361, 243, 276, 408, 184, 15, 130, 14, 13, 345, 83, 261, 369, 368, 140, 466, 260, 347, 242, 60, 154, 255, 343, 477, 59, 362]
[22, 143, 283, 24, 138, 160, 337, 101, 190]
[330, 452, 329, 86, 439, 385, 225, 26, 153, 447, 103]
[324, 212, 253, 360, 435, 209, 180, 223, 208]
[263, 182, 34, 162, 220, 222, 278, 98, 186, 25, 117, 273, 309, 158]
[178, 274, 75, 478, 486, 491, 185, 355, 245, 127, 183, 501, 366, 82, 167, 246, 479, 474, 470, 303, 128, 453, 497, 207, 219, 384]
[297, 111, 157, 440, 33, 166, 436, 480]
[144, 96, 170, 100, 39, 475, 429, 457]
[64, 270, 499, 31, 248, 493, 136, 135, 141, 485, 425, 473, 254, 449, 505, 256]
[506, 217, 76, 70, 333, 284, 374, 237]
[420, 264, 235, 173, 290, 120, 231, 402]
[228, 424, 121, 189, 48, 230, 387, 422, 458, 307, 211, 418, 4, 341, 305, 416]
[498, 335, 46, 476, 394, 265, 197, 241, 326, 285]
[168, 91, 176, 319, 298, 126, 259, 139]
Within-Region SSD: 1620.8582957330532

k = 21
[115, 47, 202, 149, 110, 133, 467, 266]
[321, 280, 281, 148, 391, 152, 57, 322, 348, 336, 214, 287, 142, 146, 192, 426, 163, 78, 55, 77, 131, 58, 93, 52, 187, 45, 51, 8, 334, 50, 155, 421, 308, 3, 107, 53, 2, 56, 9, 1, 147, 54, 10, 331]
[251, 36, 23, 215, 175, 67, 507, 316, 69, 66, 213, 313, 191, 244, 462, 27, 196, 236, 294, 267, 229, 238, 37, 151, 177, 179, 404, 382, 344, 188]
[74, 407, 356, 410, 399, 365, 314, 315, 85, 95, 6, 113, 277]
[481, 21, 409, 401, 19, 396, 413, 62]
[299, 159, 446, 437, 145, 450, 471, 444, 80, 428, 118, 114, 269, 137, 427, 492, 171, 359, 35, 20, 490, 17, 495, 432, 18, 451, 325, 445, 411, 122, 463, 504, 397, 461, 459, 464, 89, 431, 92, 227, 465, 489, 386, 472, 469, 340, 90, 104, 377, 234, 134, 433, 132, 417, 295, 156, 129, 7, 42, 419, 494, 72, 484, 275, 49, 503, 372, 41, 125, 442, 174, 395, 388, 300, 257, 302, 150, 224, 165, 415, 32, 63, 327, 390, 81, 268, 455, 414, 412, 123, 339, 454, 109, 456, 423, 500, 119, 353, 99, 233, 106, 79, 164, 434, 204, 381, 94, 289, 38, 84, 351, 358, 116, 262, 376, 354, 304, 291, 406, 221, 247, 201, 317, 392, 288, 312, 271, 357, 301, 443, 375, 195, 218, 249, 200, 282, 352, 161, 43, 508, 239, 393, 311, 342, 367, 350, 320, 346, 124, 292, 240, 194, 383, 430, 488, 286, 338, 258, 364, 193, 216, 349, 226, 181, 373, 232]
[318, 378, 361, 243, 276, 408, 184, 15, 130, 14, 13, 345, 83, 261, 369, 368, 140, 466, 260, 347, 242, 60, 154, 255, 343, 477, 59, 362]
[22, 143, 283, 24, 138, 160, 337, 101, 190]
[330, 452, 329, 86, 439, 385, 225, 26, 153, 447, 103]
[324, 212, 253, 360, 435, 209, 180, 223, 208]
[263, 182, 34, 162, 220, 222, 278, 98, 186, 25, 117, 273, 309, 158]
[297, 111, 157, 440, 33, 166, 436, 480]
[144, 96, 170, 100, 39, 475, 429, 457]
[64, 270, 499, 31, 248, 493, 136, 135, 141, 485, 425, 473, 254, 449, 505, 256]
[506, 217, 76, 70, 333, 284, 374, 237]
[420, 264, 235, 173, 290, 120, 231, 402]
[228, 424, 121, 189, 48, 230, 387, 422, 458, 307, 211, 418, 4, 341, 305, 416]
[498, 335, 46, 476, 394, 265, 197, 241, 326, 285]
[168, 91, 176, 319, 298, 126, 259, 139]
[178, 274, 75, 478, 486, 491, 185, 245, 127, 183, 82, 470, 303]
[355, 501, 366, 167, 246, 479, 474, 128, 453, 497, 207, 219, 384]
Within-Region SSD: 1609.27060342536

k = 22
[115, 47, 202, 149, 110, 133, 467, 266]
[251, 36, 23, 215, 175, 67, 507, 316, 69, 66, 213, 313, 191, 244, 462, 27, 196, 236, 294, 267, 229, 238, 37, 151, 177, 179, 404, 382, 344, 188]
[74, 407, 356, 410, 399, 365, 314, 315, 85, 95, 6, 113, 277]
[481, 21, 409, 401, 19, 396, 413, 62]
[299, 159, 446, 437, 145, 450, 471, 444, 80, 428, 118, 114, 269, 137, 427, 492, 171, 359, 35, 20, 490, 17, 495, 432, 18, 451, 325, 445, 411, 122, 463, 504, 397, 461, 459, 464, 89, 431, 92, 227, 465, 489, 386, 472, 469, 340, 90, 104, 377, 234, 134, 433, 132, 417, 295, 156, 129, 7, 42, 419, 494, 72, 484, 275, 49, 503, 372, 41, 125, 442, 174, 395, 388, 300, 257, 302, 150, 224, 165, 415, 32, 63, 327, 390, 81, 268, 455, 414, 412, 123, 339, 454, 109, 456, 423, 500, 119, 353, 99, 233, 106, 79, 164, 434, 204, 381, 94, 289, 38, 84, 351, 358, 116, 262, 376, 354, 304, 291, 406, 221, 247, 201, 317, 392, 288, 312, 271, 357, 301, 443, 375, 195, 218, 249, 200, 282, 352, 161, 43, 508, 239, 393, 311, 342, 367, 350, 320, 346, 124, 292, 240, 194, 383, 430, 488, 286, 338, 258, 364, 193, 216, 349, 226, 181, 373, 232]
[318, 378, 361, 243, 276, 408, 184, 15, 130, 14, 13, 345, 83, 261, 369, 368, 140, 466, 260, 347, 242, 60, 154, 255, 343, 477, 59, 362]
[22, 143, 283, 24, 138, 160, 337, 101, 190]
[330, 452, 329, 86, 439, 385, 225, 26, 153, 447, 103]
[324, 212, 253, 360, 435, 209, 180, 223, 208]
[263, 182, 34, 162, 220, 222, 278, 98, 186, 25, 117, 273, 309, 158]
[297, 111, 157, 440, 33, 166, 436, 480]
[144, 96, 170, 100, 39, 475, 429, 457]
[64, 270, 499, 31, 248, 493, 136, 135, 141, 485, 425, 473, 254, 449, 505, 256]
[506, 217, 76, 70, 333, 284, 374, 237]
[420, 264, 235, 173, 290, 120, 231, 402]
[228, 424, 121, 189, 48, 230, 387, 422, 458, 307, 211, 418, 4, 341, 305, 416]
[498, 335, 46, 476, 394, 265, 197, 241, 326, 285]
[168, 91, 176, 319, 298, 126, 259, 139]
[178, 274, 75, 478, 486, 491, 185, 245, 127, 183, 82, 470, 303]
[355, 501, 366, 167, 246, 479, 474, 128, 453, 497, 207, 219, 384]
[321, 280, 281, 148, 391, 152, 57, 322, 348, 336, 214, 287, 142, 146, 192, 426, 163, 78, 55, 77, 131, 58, 93, 187, 45]
[52, 51, 8, 334, 50, 155, 421, 308, 3, 107, 53, 2, 56, 9, 1, 147, 54, 10, 331]
Within-Region SSD: 1599.2277115593276

k = 23
[115, 47, 202, 149, 110, 133, 467, 266]
[251, 36, 23, 215, 175, 67, 507, 316, 69, 66, 213, 313, 191, 244, 462, 27, 196, 236, 294, 267, 229, 238, 37, 151, 177, 179, 404, 382, 344, 188]
[74, 407, 356, 410, 399, 365, 314, 315, 85, 95, 6, 113, 277]
[481, 21, 409, 401, 19, 396, 413, 62]
[299, 159, 446, 437, 145, 450, 471, 444, 80, 428, 118, 114, 269, 137, 427, 492, 171, 359, 35, 20, 490, 17, 495, 432, 18, 451, 325, 445, 411, 122, 463, 504, 397, 461, 459, 464, 89, 431, 92, 227, 465, 489, 386, 472, 469, 340, 90, 104, 377, 234, 134, 433, 132, 417, 295, 156, 129, 7, 42, 419, 494, 72, 484, 275, 49, 503, 372, 41, 125, 442, 174, 395, 388, 300, 257, 302, 150, 224, 165, 415, 32, 63, 327, 390, 81, 268, 455, 414, 412, 123, 339, 454, 109, 456, 423, 500, 119, 353, 99, 233, 106, 79, 164, 434, 204, 381, 94, 289, 38, 84, 351, 358, 116, 262, 376, 354, 304, 291, 406, 221, 247, 201, 317, 392, 288, 312, 271, 357, 301, 443, 375, 195, 218, 249, 200, 282, 352, 161, 43, 508, 239, 393, 311, 342, 367, 350, 320, 346, 124, 292, 240, 194, 383, 430, 488, 286, 338, 258, 364, 193, 216, 349, 226, 181, 373, 232]
[318, 378, 361, 243, 276, 408, 184, 15, 130, 14, 13, 345, 83, 261, 369, 368, 140, 466, 260, 347, 242, 60, 154, 255, 343, 477, 59, 362]
[22, 143, 283, 24, 138, 160, 337, 101, 190]
[330, 452, 329, 86, 439, 385, 225, 26, 153, 447, 103]
[324, 212, 253, 360, 435, 209, 180, 223, 208]
[263, 182, 34, 162, 220, 222, 278, 98, 186, 25, 117, 273, 309, 158]
[297, 111, 157, 440, 33, 166, 436, 480]
[144, 96, 170, 100, 39, 475, 429, 457]
[64, 270, 499, 31, 248, 493, 136, 135, 141, 485, 425, 473, 254, 449, 505, 256]
[506, 217, 76, 70, 333, 284, 374, 237]
[420, 264, 235, 173, 290, 120, 231, 402]
[228, 424, 121, 189, 48, 230, 387, 422, 458, 307, 211, 418, 4, 341, 305, 416]
[498, 335, 46, 476, 394, 265, 197, 241, 326, 285]
[168, 91, 176, 319, 298, 126, 259, 139]
[178, 274, 75, 478, 486, 491, 185, 245, 127, 183, 82, 470, 303]
[355, 501, 366, 167, 246, 479, 474, 128, 453, 497, 207, 219, 384]
[52, 51, 8, 334, 50, 155, 421, 308, 3, 107, 53, 2, 56, 9, 1, 147, 54, 10, 331]
[321, 280, 281, 148, 391, 152, 57, 348, 336, 214, 287, 142, 146]
[322, 192, 426, 163, 78, 55, 77, 131, 58, 93, 187, 45]
Within-Region SSD: 1582.876939764454

k = 24
[115, 47, 202, 149, 110, 133, 467, 266]
[251, 36, 23, 215, 175, 67, 507, 316, 69, 66, 213, 313, 191, 244, 462, 27, 196, 236, 294, 267, 229, 238, 37, 151, 177, 179, 404, 382, 344, 188]
[74, 407, 356, 410, 399, 365, 314, 315, 85, 95, 6, 113, 277]
[481, 21, 409, 401, 19, 396, 413, 62]
[318, 378, 361, 243, 276, 408, 184, 15, 130, 14, 13, 345, 83, 261, 369, 368, 140, 466, 260, 347, 242, 60, 154, 255, 343, 477, 59, 362]
[22, 143, 283, 24, 138, 160, 337, 101, 190]
[330, 452, 329, 86, 439, 385, 225, 26, 153, 447, 103]
[324, 212, 253, 360, 435, 209, 180, 223, 208]
[263, 182, 34, 162, 220, 222, 278, 98, 186, 25, 117, 273, 309, 158]
[297, 111, 157, 440, 33, 166, 436, 480]
[144, 96, 170, 100, 39, 475, 429, 457]
[64, 270, 499, 31, 248, 493, 136, 135, 141, 485, 425, 473, 254, 449, 505, 256]
[506, 217, 76, 70, 333, 284, 374, 237]
[420, 264, 235, 173, 290, 120, 231, 402]
[228, 424, 121, 189, 48, 230, 387, 422, 458, 307, 211, 418, 4, 341, 305, 416]
[498, 335, 46, 476, 394, 265, 197, 241, 326, 285]
[168, 91, 176, 319, 298, 126, 259, 139]
[178, 274, 75, 478, 486, 491, 185, 245, 127, 183, 82, 470, 303]
[355, 501, 366, 167, 246, 479, 474, 128, 453, 497, 207, 219, 384]
[52, 51, 8, 334, 50, 155, 421, 308, 3, 107, 53, 2, 56, 9, 1, 147, 54, 10, 331]
[321, 280, 281, 148, 391, 152, 57, 348, 336, 214, 287, 142, 146]
[322, 192, 426, 163, 78, 55, 77, 131, 58, 93, 187, 45]
[299, 159, 446, 437, 145, 450, 471, 444, 80, 428, 118, 114, 269, 137, 427, 492, 171, 359, 35, 20, 490, 17, 495, 432, 18, 451, 325, 445, 411, 122, 463, 504, 397, 461, 459, 464, 89, 431, 92, 227, 465, 489, 386, 472, 469, 340, 90, 104, 377, 234, 134, 433, 132, 417, 295, 156, 7, 42, 419, 494, 72, 484, 275, 49, 503, 372, 125, 442, 174, 395, 388, 300, 257, 302, 150, 224, 165, 63, 327, 390, 81, 268, 455, 123, 339, 454, 109, 119, 353, 99, 233, 106, 204, 381, 94, 289, 84, 351, 358, 262, 376, 354, 304, 291, 221, 247, 201, 288, 312, 271, 357, 375, 195, 218, 249, 200, 282, 352, 311, 342, 367, 350, 320, 292, 240, 194, 383, 430, 286, 338, 258, 364, 193, 216, 349, 226, 181, 373, 232]
[129, 41, 415, 32, 414, 412, 456, 423, 500, 79, 164, 434, 38, 116, 406, 317, 392, 301, 443, 161, 43, 508, 239, 393, 346, 124, 488]
Within-Region SSD: 1573.1130106667622

k = 25
[115, 47, 202, 149, 110, 133, 467, 266]
[251, 36, 23, 215, 175, 67, 507, 316, 69, 66, 213, 313, 191, 244, 462, 27, 196, 236, 294, 267, 229, 238, 37, 151, 177, 179, 404, 382, 344, 188]
[74, 407, 356, 410, 399, 365, 314, 315, 85, 95, 6, 113, 277]
[481, 21, 409, 401, 19, 396, 413, 62]
[318, 378, 361, 243, 276, 408, 184, 15, 130, 14, 13, 345, 83, 261, 369, 368, 140, 466, 260, 347, 242, 60, 154, 255, 343, 477, 59, 362]
[22, 143, 283, 24, 138, 160, 337, 101, 190]
[330, 452, 329, 86, 439, 385, 225, 26, 153, 447, 103]
[324, 212, 253, 360, 435, 209, 180, 223, 208]
[263, 182, 34, 162, 220, 222, 278, 98, 186, 25, 117, 273, 309, 158]
[297, 111, 157, 440, 33, 166, 436, 480]
[144, 96, 170, 100, 39, 475, 429, 457]
[64, 270, 499, 31, 248, 493, 136, 135, 141, 485, 425, 473, 254, 449, 505, 256]
[506, 217, 76, 70, 333, 284, 374, 237]
[420, 264, 235, 173, 290, 120, 231, 402]
[228, 424, 121, 189, 48, 230, 387, 422, 458, 307, 211, 418, 4, 341, 305, 416]
[498, 335, 46, 476, 394, 265, 197, 241, 326, 285]
[168, 91, 176, 319, 298, 126, 259, 139]
[178, 274, 75, 478, 486, 491, 185, 245, 127, 183, 82, 470, 303]
[355, 501, 366, 167, 246, 479, 474, 128, 453, 497, 207, 219, 384]
[52, 51, 8, 334, 50, 155, 421, 308, 3, 107, 53, 2, 56, 9, 1, 147, 54, 10, 331]
[321, 280, 281, 148, 391, 152, 57, 348, 336, 214, 287, 142, 146]
[322, 192, 426, 163, 78, 55, 77, 131, 58, 93, 187, 45]
[129, 41, 415, 32, 414, 412, 456, 423, 500, 79, 164, 434, 38, 116, 406, 317, 392, 301, 443, 161, 43, 508, 239, 393, 346, 124, 488]
[299, 159, 446, 437, 145, 450, 471, 444, 80, 428, 118, 114, 269, 137, 427, 492, 171, 359, 35, 20, 490, 17, 495, 432, 18, 451, 325, 445, 411, 122, 463, 504, 397, 461, 459, 464, 89, 431, 92, 227, 465, 489, 386, 472, 469, 340, 90, 104, 377, 234, 134, 433, 132, 417, 295, 156, 7, 42, 419, 494, 72, 484, 275, 49, 503, 372, 125, 442, 174, 395, 388, 300, 257, 302, 150, 224, 165, 63, 327, 390, 81, 268, 455, 123, 339, 454, 109, 119, 353, 99, 233, 106, 204, 381, 94, 84, 351, 262, 376, 354, 221, 247, 288, 312, 375, 195, 218, 249, 200, 311, 342, 367, 350, 320, 292, 240, 194, 383, 430, 286, 338, 258, 364, 193, 216, 349, 226, 181, 373, 232]
[289, 358, 304, 291, 201, 271, 357, 282, 352]
Within-Region SSD: 1565.225321187587

k = 26
[115, 47, 202, 149, 110, 133, 467, 266]
[251, 36, 23, 215, 175, 67, 507, 316, 69, 66, 213, 313, 191, 244, 462, 27, 196, 236, 294, 267, 229, 238, 37, 151, 177, 179, 404, 382, 344, 188]
[74, 407, 356, 410, 399, 365, 314, 315, 85, 95, 6, 113, 277]
[481, 21, 409, 401, 19, 396, 413, 62]
[22, 143, 283, 24, 138, 160, 337, 101, 190]
[330, 452, 329, 86, 439, 385, 225, 26, 153, 447, 103]
[324, 212, 253, 360, 435, 209, 180, 223, 208]
[263, 182, 34, 162, 220, 222, 278, 98, 186, 25, 117, 273, 309, 158]
[297, 111, 157, 440, 33, 166, 436, 480]
[144, 96, 170, 100, 39, 475, 429, 457]
[64, 270, 499, 31, 248, 493, 136, 135, 141, 485, 425, 473, 254, 449, 505, 256]
[506, 217, 76, 70, 333, 284, 374, 237]
[420, 264, 235, 173, 290, 120, 231, 402]
[228, 424, 121, 189, 48, 230, 387, 422, 458, 307, 211, 418, 4, 341, 305, 416]
[498, 335, 46, 476, 394, 265, 197, 241, 326, 285]
[168, 91, 176, 319, 298, 126, 259, 139]
[178, 274, 75, 478, 486, 491, 185, 245, 127, 183, 82, 470, 303]
[355, 501, 366, 167, 246, 479, 474, 128, 453, 497, 207, 219, 384]
[52, 51, 8, 334, 50, 155, 421, 308, 3, 107, 53, 2, 56, 9, 1, 147, 54, 10, 331]
[321, 280, 281, 148, 391, 152, 57, 348, 336, 214, 287, 142, 146]
[322, 192, 426, 163, 78, 55, 77, 131, 58, 93, 187, 45]
[129, 41, 415, 32, 414, 412, 456, 423, 500, 79, 164, 434, 38, 116, 406, 317, 392, 301, 443, 161, 43, 508, 239, 393, 346, 124, 488]
[299, 159, 446, 437, 145, 450, 471, 444, 80, 428, 118, 114, 269, 137, 427, 492, 171, 359, 35, 20, 490, 17, 495, 432, 18, 451, 325, 445, 411, 122, 463, 504, 397, 461, 459, 464, 89, 431, 92, 227, 465, 489, 386, 472, 469, 340, 90, 104, 377, 234, 134, 433, 132, 417, 295, 156, 7, 42, 419, 494, 72, 484, 275, 49, 503, 372, 125, 442, 174, 395, 388, 300, 257, 302, 150, 224, 165, 63, 327, 390, 81, 268, 455, 123, 339, 454, 109, 119, 353, 99, 233, 106, 204, 381, 94, 84, 351, 262, 376, 354, 221, 247, 288, 312, 375, 195, 218, 249, 200, 311, 342, 367, 350, 320, 292, 240, 194, 383, 430, 286, 338, 258, 364, 193, 216, 349, 226, 181, 373, 232]
[289, 358, 304, 291, 201, 271, 357, 282, 352]
[318, 378, 361, 243, 276, 408, 184, 15, 130, 14, 345, 83, 368, 140, 466, 154]
[13, 261, 369, 260, 347, 242, 60, 255, 343, 477, 59, 362]
Within-Region SSD: 1558.9440116637752

k = 27
[115, 47, 202, 149, 110, 133, 467, 266]
[251, 36, 23, 215, 175, 67, 507, 316, 69, 66, 213, 313, 191, 244, 462, 27, 196, 236, 294, 267, 229, 238, 37, 151, 177, 179, 404, 382, 344, 188]
[74, 407, 356, 410, 399, 365, 314, 315, 85, 95, 6, 113, 277]
[481, 21, 409, 401, 19, 396, 413, 62]
[22, 143, 283, 24, 138, 160, 337, 101, 190]
[330, 452, 329, 86, 439, 385, 225, 26, 153, 447, 103]
[324, 212, 253, 360, 435, 209, 180, 223, 208]
[263, 182, 34, 162, 220, 222, 278, 98, 186, 25, 117, 273, 309, 158]
[297, 111, 157, 440, 33, 166, 436, 480]
[144, 96, 170, 100, 39, 475, 429, 457]
[64, 270, 499, 31, 248, 493, 136, 135, 141, 485, 425, 473, 254, 449, 505, 256]
[506, 217, 76, 70, 333, 284, 374, 237]
[420, 264, 235, 173, 290, 120, 231, 402]
[228, 424, 121, 189, 48, 230, 387, 422, 458, 307, 211, 418, 4, 341, 305, 416]
[498, 335, 46, 476, 394, 265, 197, 241, 326, 285]
[168, 91, 176, 319, 298, 126, 259, 139]
[178, 274, 75, 478, 486, 491, 185, 245, 127, 183, 82, 470, 303]
[355, 501, 366, 167, 246, 479, 474, 128, 453, 497, 207, 219, 384]
[52, 51, 8, 334, 50, 155, 421, 308, 3, 107, 53, 2, 56, 9, 1, 147, 54, 10, 331]
[321, 280, 281, 148, 391, 152, 57, 348, 336, 214, 287, 142, 146]
[322, 192, 426, 163, 78, 55, 77, 131, 58, 93, 187, 45]
[129, 41, 415, 32, 414, 412, 456, 423, 500, 79, 164, 434, 38, 116, 406, 317, 392, 301, 443, 161, 43, 508, 239, 393, 346, 124, 488]
[289, 358, 304, 291, 201, 271, 357, 282, 352]
[318, 378, 361, 243, 276, 408, 184, 15, 130, 14, 345, 83, 368, 140, 466, 154]
[13, 261, 369, 260, 347, 242, 60, 255, 343, 477, 59, 362]
[299, 159, 446, 437, 145, 450, 471, 444, 80, 428, 118, 114, 269, 137, 427, 492, 171, 359, 35, 20, 490, 17, 495, 432, 18, 451, 325, 445, 411, 122, 463, 504, 397, 461, 459, 464, 89, 431, 92, 227, 465, 489, 386, 472, 469, 340, 90, 104, 377, 234, 433, 132, 417, 295, 419, 494, 72, 484, 275, 49, 125, 442, 174, 395, 388, 300, 257, 302, 150, 63, 327, 390, 81, 268, 455, 123, 339, 454, 109, 119, 353, 99, 233, 106, 204, 381, 94, 84, 351, 262, 376, 354, 221, 247, 288, 312, 375, 195, 218, 249, 200, 311, 342, 367, 350, 320, 292, 240, 194, 383, 430, 286, 338, 258, 364, 193, 216, 349, 226, 181, 373, 232]
[134, 156, 7, 42, 503, 372, 224, 165]
Within-Region SSD: 1552.9279274897547

k = 28
[115, 47, 202, 149, 110, 133, 467, 266]
[251, 36, 23, 215, 175, 67, 507, 316, 69, 66, 213, 313, 191, 244, 462, 27, 196, 236, 294, 267, 229, 238, 37, 151, 177, 179, 404, 382, 344, 188]
[74, 407, 356, 410, 399, 365, 314, 315, 85, 95, 6, 113, 277]
[481, 21, 409, 401, 19, 396, 413, 62]
[22, 143, 283, 24, 138, 160, 337, 101, 190]
[330, 452, 329, 86, 439, 385, 225, 26, 153, 447, 103]
[324, 212, 253, 360, 435, 209, 180, 223, 208]
[263, 182, 34, 162, 220, 222, 278, 98, 186, 25, 117, 273, 309, 158]
[297, 111, 157, 440, 33, 166, 436, 480]
[144, 96, 170, 100, 39, 475, 429, 457]
[64, 270, 499, 31, 248, 493, 136, 135, 141, 485, 425, 473, 254, 449, 505, 256]
[506, 217, 76, 70, 333, 284, 374, 237]
[420, 264, 235, 173, 290, 120, 231, 402]
[228, 424, 121, 189, 48, 230, 387, 422, 458, 307, 211, 418, 4, 341, 305, 416]
[498, 335, 46, 476, 394, 265, 197, 241, 326, 285]
[168, 91, 176, 319, 298, 126, 259, 139]
[178, 274, 75, 478, 486, 491, 185, 245, 127, 183, 82, 470, 303]
[355, 501, 366, 167, 246, 479, 474, 128, 453, 497, 207, 219, 384]
[52, 51, 8, 334, 50, 155, 421, 308, 3, 107, 53, 2, 56, 9, 1, 147, 54, 10, 331]
[321, 280, 281, 148, 391, 152, 57, 348, 336, 214, 287, 142, 146]
[322, 192, 426, 163, 78, 55, 77, 131, 58, 93, 187, 45]
[129, 41, 415, 32, 414, 412, 456, 423, 500, 79, 164, 434, 38, 116, 406, 317, 392, 301, 443, 161, 43, 508, 239, 393, 346, 124, 488]
[289, 358, 304, 291, 201, 271, 357, 282, 352]
[318, 378, 361, 243, 276, 408, 184, 15, 130, 14, 345, 83, 368, 140, 466, 154]
[13, 261, 369, 260, 347, 242, 60, 255, 343, 477, 59, 362]
[134, 156, 7, 42, 503, 372, 224, 165]
[299, 159, 446, 437, 450, 444, 118, 137, 492, 359]
[145, 471, 80, 428, 114, 269, 427, 171, 35, 20, 490, 17, 495, 432, 18, 451, 325, 445, 411, 122, 463, 504, 397, 461, 459, 464, 89, 431, 92, 227, 465, 489, 386, 472, 469, 340, 90, 104, 377, 234, 433, 132, 417, 295, 419, 494, 72, 484, 275, 49, 125, 442, 174, 395, 388, 300, 257, 302, 150, 63, 327, 390, 81, 268, 455, 123, 339, 454, 109, 119, 353, 99, 233, 106, 204, 381, 94, 84, 351, 262, 376, 354, 221, 247, 288, 312, 375, 195, 218, 249, 200, 311, 342, 367, 350, 320, 292, 240, 194, 383, 430, 286, 338, 258, 364, 193, 216, 349, 226, 181, 373, 232]
Within-Region SSD: 1547.151304246187

k = 29
[115, 47, 202, 149, 110, 133, 467, 266]
[251, 36, 23, 215, 175, 67, 507, 316, 69, 66, 213, 313, 191, 244, 462, 27, 196, 236, 294, 267, 229, 238, 37, 151, 177, 179, 404, 382, 344, 188]
[74, 407, 356, 410, 399, 365, 314, 315, 85, 95, 6, 113, 277]
[481, 21, 409, 401, 19, 396, 413, 62]
[22, 143, 283, 24, 138, 160, 337, 101, 190]
[330, 452, 329, 86, 439, 385, 225, 26, 153, 447, 103]
[324, 212, 253, 360, 435, 209, 180, 223, 208]
[263, 182, 34, 162, 220, 222, 278, 98, 186, 25, 117, 273, 309, 158]
[297, 111, 157, 440, 33, 166, 436, 480]
[144, 96, 170, 100, 39, 475, 429, 457]
[64, 270, 499, 31, 248, 493, 136, 135, 141, 485, 425, 473, 254, 449, 505, 256]
[506, 217, 76, 70, 333, 284, 374, 237]
[420, 264, 235, 173, 290, 120, 231, 402]
[228, 424, 121, 189, 48, 230, 387, 422, 458, 307, 211, 418, 4, 341, 305, 416]
[498, 335, 46, 476, 394, 265, 197, 241, 326, 285]
[168, 91, 176, 319, 298, 126, 259, 139]
[178, 274, 75, 478, 486, 491, 185, 245, 127, 183, 82, 470, 303]
[355, 501, 366, 167, 246, 479, 474, 128, 453, 497, 207, 219, 384]
[52, 51, 8, 334, 50, 155, 421, 308, 3, 107, 53, 2, 56, 9, 1, 147, 54, 10, 331]
[321, 280, 281, 148, 391, 152, 57, 348, 336, 214, 287, 142, 146]
[322, 192, 426, 163, 78, 55, 77, 131, 58, 93, 187, 45]
[129, 41, 415, 32, 414, 412, 456, 423, 500, 79, 164, 434, 38, 116, 406, 317, 392, 301, 443, 161, 43, 508, 239, 393, 346, 124, 488]
[289, 358, 304, 291, 201, 271, 357, 282, 352]
[318, 378, 361, 243, 276, 408, 184, 15, 130, 14, 345, 83, 368, 140, 466, 154]
[13, 261, 369, 260, 347, 242, 60, 255, 343, 477, 59, 362]
[134, 156, 7, 42, 503, 372, 224, 165]
[299, 159, 446, 437, 450, 444, 118, 137, 492, 359]
[145, 471, 80, 428, 114, 269, 427, 171, 35, 20, 490, 17, 495, 432, 18, 451, 325, 445, 411, 122, 463, 504, 397, 461, 459, 464, 89, 431, 92, 227, 465, 489, 386, 472, 469, 340, 90, 104, 377, 234, 433, 132, 417, 295, 419, 494, 72, 484, 275, 49, 125, 442, 174, 395, 388, 300, 257, 302, 150, 63, 327, 390, 81, 268, 455, 123, 339, 454, 109, 119, 353, 99, 233, 106, 204, 381, 94, 84, 351, 262, 376, 354, 221, 247, 312, 249, 200, 350, 320, 383, 430, 258, 364]
[288, 375, 195, 218, 311, 342, 367, 292, 240, 194, 286, 338, 193, 216, 349, 226, 181, 373, 232]
Within-Region SSD: 1540.8814117225431

k = 30
[115, 47, 202, 149, 110, 133, 467, 266]
[251, 36, 23, 215, 175, 67, 507, 316, 69, 66, 213, 313, 191, 244, 462, 27, 196, 236, 294, 267, 229, 238, 37, 151, 177, 179, 404, 382, 344, 188]
[74, 407, 356, 410, 399, 365, 314, 315, 85, 95, 6, 113, 277]
[481, 21, 409, 401, 19, 396, 413, 62]
[22, 143, 283, 24, 138, 160, 337, 101, 190]
[330, 452, 329, 86, 439, 385, 225, 26, 153, 447, 103]
[324, 212, 253, 360, 435, 209, 180, 223, 208]
[263, 182, 34, 162, 220, 222, 278, 98, 186, 25, 117, 273, 309, 158]
[297, 111, 157, 440, 33, 166, 436, 480]
[144, 96, 170, 100, 39, 475, 429, 457]
[64, 270, 499, 31, 248, 493, 136, 135, 141, 485, 425, 473, 254, 449, 505, 256]
[506, 217, 76, 70, 333, 284, 374, 237]
[420, 264, 235, 173, 290, 120, 231, 402]
[228, 424, 121, 189, 48, 230, 387, 422, 458, 307, 211, 418, 4, 341, 305, 416]
[498, 335, 46, 476, 394, 265, 197, 241, 326, 285]
[168, 91, 176, 319, 298, 126, 259, 139]
[178, 274, 75, 478, 486, 491, 185, 245, 127, 183, 82, 470, 303]
[355, 501, 366, 167, 246, 479, 474, 128, 453, 497, 207, 219, 384]
[321, 280, 281, 148, 391, 152, 57, 348, 336, 214, 287, 142, 146]
[322, 192, 426, 163, 78, 55, 77, 131, 58, 93, 187, 45]
[129, 41, 415, 32, 414, 412, 456, 423, 500, 79, 164, 434, 38, 116, 406, 317, 392, 301, 443, 161, 43, 508, 239, 393, 346, 124, 488]
[289, 358, 304, 291, 201, 271, 357, 282, 352]
[318, 378, 361, 243, 276, 408, 184, 15, 130, 14, 345, 83, 368, 140, 466, 154]
[13, 261, 369, 260, 347, 242, 60, 255, 343, 477, 59, 362]
[134, 156, 7, 42, 503, 372, 224, 165]
[299, 159, 446, 437, 450, 444, 118, 137, 492, 359]
[145, 471, 80, 428, 114, 269, 427, 171, 35, 20, 490, 17, 495, 432, 18, 451, 325, 445, 411, 122, 463, 504, 397, 461, 459, 464, 89, 431, 92, 227, 465, 489, 386, 472, 469, 340, 90, 104, 377, 234, 433, 132, 417, 295, 419, 494, 72, 484, 275, 49, 125, 442, 174, 395, 388, 300, 257, 302, 150, 63, 327, 390, 81, 268, 455, 123, 339, 454, 109, 119, 353, 99, 233, 106, 204, 381, 94, 84, 351, 262, 376, 354, 221, 247, 312, 249, 200, 350, 320, 383, 430, 258, 364]
[288, 375, 195, 218, 311, 342, 367, 292, 240, 194, 286, 338, 193, 216, 349, 226, 181, 373, 232]
[52, 51, 8, 334, 50, 421, 107, 56, 9]
[155, 308, 3, 53, 2, 1, 147, 54, 10, 331]
Within-Region SSD: 1535.3276631845326

