k = 2
[4, 34, 418, 416, 458, 424, 121, 228, 48, 189, 341, 74, 290, 435, 305, 356, 410, 253, 231, 402, 235, 211, 324, 98, 314, 212, 407, 399, 120, 264, 173, 422, 113, 277, 315, 166, 360, 230, 365, 387, 180, 209, 6, 95, 420, 307, 208, 223, 85, 289, 263, 33, 436, 316, 358, 217, 182, 440, 470, 5, 213, 291, 222, 304, 506, 220, 480, 157, 162, 186, 76, 303, 24, 278, 117, 128, 82, 215, 36, 251, 384, 245, 196, 507, 225, 175, 309, 323, 273, 355, 478, 286, 244, 267, 201, 357, 482, 143, 160, 293, 447, 366, 185, 111, 297, 108, 344, 404, 216, 383, 151, 349, 271, 352, 158, 23, 153, 246, 479, 474, 127, 486, 240, 342, 181, 226, 258, 232, 282, 22, 66, 191, 207, 252, 274, 194, 294, 462, 373, 283, 69, 103, 27, 183, 75, 311, 312, 313, 70, 25, 67, 26, 178, 491, 188, 375, 350, 200, 249, 94, 376, 487, 333, 28, 292, 288, 338, 37, 238, 281, 351, 46, 498, 279, 374, 284, 86, 195, 287, 179, 236, 163, 63, 354, 99, 335, 337, 385, 439, 382, 320, 229, 10, 93, 58, 247, 214, 339, 138, 329, 330, 430, 177, 54, 52, 45, 78, 77, 55, 367, 218, 353, 101, 272, 452, 105, 364, 468, 147, 155, 192, 331, 159, 123, 381, 190, 167, 237, 193, 1, 308, 3, 336, 426, 84, 119, 68, 453, 53, 148, 57, 322, 221, 204, 497, 219, 348, 321, 110, 501, 280, 133, 202, 391, 467, 47, 233, 174, 149, 454, 327, 115, 265, 394, 176, 72, 241, 15, 476, 89, 295, 79, 116, 345, 413, 386, 224, 489, 49, 126, 423, 301, 508, 140, 14, 83, 368, 234, 298, 377, 414, 285, 406, 317, 393, 343, 466, 154, 104, 417, 346, 326, 392, 443, 465, 35, 276, 161, 197, 239, 425, 495, 7, 464, 171, 318, 505, 256, 325, 459, 42, 17, 19, 150, 427, 378, 38, 415, 100, 451, 20, 21, 481, 268, 243, 361, 164, 449, 39, 96, 87, 463, 441, 409, 205, 488, 41, 32, 475, 144, 64, 471, 92, 122, 445, 401, 62, 124, 60, 129, 490, 80, 114, 499, 457, 145, 429, 428, 461, 432, 504, 396, 388, 43, 369, 184, 59, 347, 91, 170, 340, 412, 493, 446, 269, 431, 411, 397, 130, 261, 408, 477, 362, 168, 456, 227, 442, 125, 473, 485, 141, 299, 437, 455, 469, 472, 13, 255, 260, 242, 319, 254, 248, 500, 134, 494, 136, 302, 433, 135, 434, 156, 419, 132, 31, 438, 503, 372, 139, 270, 90, 259, 165]
[275, 81, 257, 106, 492, 300, 421, 187, 9, 50, 359, 137, 444, 118, 450, 107, 56, 51, 131, 2, 142, 152, 389, 390, 18, 395, 484, 266, 206, 262, 109, 334, 146, 8]
Within-Region SSD: 322.73332495584765

k = 3
[275, 81, 257, 106, 492, 300, 421, 187, 9, 50, 359, 137, 444, 118, 450, 107, 56, 51, 131, 2, 142, 152, 389, 390, 18, 395, 484, 266, 206, 262, 109, 334, 146, 8]
[4, 34, 418, 416, 458, 424, 121, 228, 48, 189, 341, 74, 290, 435, 305, 356, 410, 253, 231, 402, 235, 211, 324, 98, 314, 212, 407, 399, 120, 264, 173, 422, 113, 277, 315, 166, 360, 230, 365, 387, 180, 209, 6, 95, 420, 307, 208, 223, 85, 289, 263, 33, 436, 316, 358, 217, 182, 440, 470, 5, 213, 291, 222, 304, 506, 220, 480, 157, 162, 186, 76, 303, 24, 278, 117, 128, 82, 215, 36, 251, 384, 245, 196, 507, 225, 175, 309, 323, 273, 355, 478, 286, 244, 267, 201, 357, 482, 143, 160, 293, 447, 366, 185, 111, 297, 108, 344, 404, 216, 383, 151, 349, 271, 352, 158, 23, 153, 246, 479, 474, 127, 486, 240, 342, 181, 226, 258, 232, 282, 22, 66, 191, 207, 252, 274, 194, 294, 462, 373, 283, 69, 103, 27, 183, 75, 311, 312, 313, 70, 25, 67, 26, 178, 491, 188, 375, 350, 200, 249, 94, 376, 487, 333, 28, 292, 288, 338, 37, 238, 281, 351, 46, 498, 279, 374, 284, 86, 195, 287, 179, 236, 163, 63, 354, 99, 335, 337, 385, 439, 382, 320, 229, 10, 93, 58, 247, 214, 339, 138, 329, 330, 430, 177, 54, 52, 45, 78, 77, 55, 367, 218, 353, 101, 272, 452, 105, 364, 468, 147, 155, 192, 331, 159, 123, 381, 190, 167, 237, 193, 1, 308, 3, 336, 426, 84, 119, 68, 453, 53, 148, 57, 322, 221, 204, 497, 219, 348, 321, 110, 501, 280, 133, 202, 391, 467, 47, 233, 174, 149, 454, 327, 115, 265, 394, 176, 72, 241, 15, 476, 89, 295, 79, 116, 345, 413, 386, 224, 489, 49, 126, 423, 301, 508, 140, 14, 83, 368, 234, 298, 377, 414, 285, 406, 317, 393, 343, 466, 154, 104, 417, 346, 326, 392, 443, 465, 35, 276, 161, 197, 239, 425, 495, 7, 464, 171, 318, 505, 256, 325, 459, 42, 17, 19, 150, 427, 378, 38, 415, 100, 451, 20, 21, 481, 268, 243, 361, 164, 449, 39, 96, 87, 463, 441, 409, 205, 488, 41, 32, 475, 144, 64, 471, 92, 122, 445, 401, 62, 124, 60, 129, 490, 80, 114, 457, 145, 429, 428, 461, 432, 504, 396, 388, 43, 369, 184, 59, 347, 91, 170, 446, 269, 431, 411, 397, 130, 261, 408, 477, 362, 168, 456, 299, 437, 455, 469, 472, 13, 255, 260, 242, 319, 302, 433, 132]
[499, 340, 412, 493, 227, 442, 125, 473, 485, 141, 254, 248, 500, 134, 494, 136, 135, 434, 156, 419, 31, 438, 503, 372, 139, 270, 90, 259, 165]
Within-Region SSD: 299.7126034281922

k = 4
[275, 81, 257, 106, 492, 300, 421, 187, 9, 50, 359, 137, 444, 118, 450, 107, 56, 51, 131, 2, 142, 152, 389, 390, 18, 395, 484, 266, 206, 262, 109, 334, 146, 8]
[499, 340, 412, 493, 227, 442, 125, 473, 485, 141, 254, 248, 500, 134, 494, 136, 135, 434, 156, 419, 31, 438, 503, 372, 139, 270, 90, 259, 165]
[4, 34, 418, 416, 458, 424, 121, 228, 48, 189, 341, 74, 290, 435, 305, 356, 410, 253, 231, 402, 235, 211, 324, 98, 314, 212, 407, 399, 120, 264, 173, 422, 113, 277, 315, 166, 360, 230, 365, 387, 180, 209, 6, 95, 420, 307, 208, 223, 85, 289, 263, 33, 436, 316, 358, 217, 182, 440, 470, 5, 213, 291, 222, 304, 506, 220, 480, 157, 162, 186, 76, 303, 24, 278, 117, 128, 82, 215, 36, 251, 384, 245, 196, 507, 225, 175, 309, 323, 273, 355, 478, 286, 244, 267, 201, 357, 482, 143, 160, 293, 447, 366, 185, 111, 297, 108, 344, 404, 216, 383, 151, 349, 271, 352, 158, 23, 153, 246, 479, 474, 127, 486, 240, 342, 181, 226, 258, 232, 282, 22, 66, 191, 207, 252, 274, 194, 294, 462, 373, 283, 69, 27, 183, 75, 311, 312, 313, 70, 25, 67, 178, 491, 188, 375, 350, 200, 249, 94, 376, 487, 333, 292, 288, 338, 37, 238, 281, 351, 46, 498, 279, 374, 284, 195, 287, 179, 236, 163, 63, 354, 99, 335, 337, 385, 382, 320, 229, 10, 93, 58, 247, 214, 339, 138, 329, 430, 177, 54, 52, 45, 78, 77, 55, 367, 218, 353, 101, 272, 364, 468, 147, 155, 192, 331, 159, 123, 381, 190, 167, 193, 1, 308, 3, 336, 426, 84, 119, 68, 453, 53, 148, 57, 322, 221, 204, 497, 219, 348, 321, 110, 501, 280, 133, 202, 391, 467, 47, 233, 174, 149, 454, 327, 115, 265, 394, 176, 72, 241, 15, 476, 89, 295, 79, 116, 345, 413, 386, 224, 489, 49, 126, 423, 301, 508, 140, 14, 83, 368, 234, 298, 377, 414, 285, 406, 317, 393, 343, 466, 154, 104, 417, 346, 326, 392, 443, 465, 35, 276, 161, 197, 239, 425, 495, 7, 464, 171, 318, 505, 256, 325, 459, 42, 17, 19, 150, 427, 378, 38, 415, 100, 451, 20, 21, 481, 268, 243, 361, 164, 449, 39, 96, 87, 463, 441, 409, 205, 488, 41, 32, 475, 144, 64, 471, 92, 122, 445, 401, 62, 124, 60, 129, 490, 80, 114, 457, 145, 429, 428, 461, 432, 504, 396, 388, 43, 369, 184, 59, 347, 91, 170, 446, 269, 431, 411, 397, 130, 261, 408, 477, 362, 168, 456, 299, 437, 455, 469, 472, 13, 255, 260, 242, 319, 302, 433, 132]
[103, 26, 28, 86, 439, 330, 452, 105, 237]
Within-Region SSD: 274.9774123780758

k = 5
[275, 81, 257, 106, 492, 300, 421, 187, 9, 50, 359, 137, 444, 118, 450, 107, 56, 51, 131, 2, 142, 152, 389, 390, 18, 395, 484, 266, 206, 262, 109, 334, 146, 8]
[499, 340, 412, 493, 227, 442, 125, 473, 485, 141, 254, 248, 500, 134, 494, 136, 135, 434, 156, 419, 31, 438, 503, 372, 139, 270, 90, 259, 165]
[103, 26, 28, 86, 439, 330, 452, 105, 237]
[4, 34, 418, 416, 458, 424, 121, 228, 48, 189, 341, 74, 290, 435, 305, 356, 410, 253, 231, 402, 235, 211, 98, 314, 212, 407, 399, 120, 264, 173, 422, 277, 315, 166, 360, 230, 365, 387, 6, 95, 420, 307, 85, 289, 33, 436, 316, 358, 440, 470, 5, 213, 291, 222, 304, 480, 157, 162, 186, 303, 24, 278, 117, 82, 215, 36, 251, 245, 196, 507, 225, 175, 309, 323, 273, 478, 286, 244, 267, 201, 357, 482, 143, 160, 293, 447, 185, 111, 297, 108, 344, 404, 216, 383, 151, 349, 271, 352, 158, 23, 153, 127, 486, 240, 342, 181, 226, 258, 232, 282, 22, 66, 191, 252, 274, 194, 294, 462, 373, 283, 69, 27, 183, 75, 311, 312, 313, 70, 25, 67, 178, 491, 188, 375, 350, 200, 249, 94, 376, 487, 333, 292, 288, 338, 37, 238, 281, 351, 46, 498, 279, 374, 284, 195, 287, 179, 236, 163, 63, 354, 99, 335, 337, 385, 382, 320, 229, 10, 93, 58, 247, 214, 339, 138, 329, 430, 177, 54, 52, 45, 78, 77, 55, 367, 218, 353, 101, 272, 364, 468, 147, 155, 192, 331, 159, 123, 381, 190, 167, 193, 1, 308, 3, 336, 426, 84, 119, 68, 453, 53, 148, 57, 322, 221, 204, 497, 219, 348, 321, 110, 501, 280, 133, 202, 391, 467, 47, 233, 174, 149, 454, 327, 115, 265, 394, 176, 72, 241, 15, 476, 89, 295, 79, 116, 345, 413, 386, 224, 489, 49, 126, 423, 301, 508, 140, 14, 83, 368, 234, 298, 377, 414, 285, 406, 317, 393, 343, 466, 154, 104, 417, 346, 326, 392, 443, 465, 35, 276, 161, 197, 239, 425, 495, 7, 464, 171, 318, 505, 256, 325, 459, 42, 17, 19, 150, 427, 378, 38, 415, 100, 451, 20, 21, 481, 268, 243, 361, 164, 449, 39, 96, 87, 463, 441, 409, 205, 488, 41, 32, 475, 144, 64, 471, 92, 122, 445, 401, 62, 124, 60, 129, 490, 80, 114, 457, 145, 429, 428, 461, 432, 504, 396, 388, 43, 369, 184, 59, 347, 91, 170, 446, 269, 431, 411, 397, 130, 261, 408, 477, 362, 168, 456, 299, 437, 455, 469, 472, 13, 255, 260, 242, 319, 302, 433, 132]
[324, 113, 180, 209, 208, 223, 263, 217, 182, 506, 220, 76, 128, 384, 355, 366, 246, 479, 474, 207]
Within-Region SSD: 248.68561482533266

k = 6
[275, 81, 257, 106, 492, 300, 421, 187, 9, 50, 359, 137, 444, 118, 450, 107, 56, 51, 131, 2, 142, 152, 389, 390, 18, 395, 484, 266, 206, 262, 109, 334, 146, 8]
[499, 340, 412, 493, 227, 442, 125, 473, 485, 141, 254, 248, 500, 134, 494, 136, 135, 434, 156, 419, 31, 438, 503, 372, 139, 270, 90, 259, 165]
[103, 26, 28, 86, 439, 330, 452, 105, 237]
[324, 113, 180, 209, 208, 223, 263, 217, 182, 506, 220, 76, 128, 384, 355, 366, 246, 479, 474, 207]
[4, 34, 418, 416, 458, 424, 121, 228, 48, 189, 341, 74, 290, 435, 305, 356, 410, 253, 231, 402, 235, 211, 98, 314, 212, 407, 399, 120, 264, 173, 422, 277, 315, 166, 360, 230, 365, 387, 6, 95, 420, 307, 85, 289, 33, 436, 316, 358, 440, 470, 5, 213, 291, 222, 304, 480, 157, 162, 186, 303, 24, 278, 117, 82, 215, 36, 251, 245, 196, 507, 225, 175, 309, 323, 273, 478, 286, 244, 267, 201, 357, 482, 143, 160, 293, 447, 185, 111, 297, 108, 344, 404, 216, 383, 151, 349, 271, 352, 158, 23, 153, 127, 486, 240, 342, 181, 226, 258, 232, 282, 22, 66, 191, 252, 274, 194, 294, 462, 373, 283, 69, 27, 183, 75, 311, 312, 313, 70, 25, 67, 178, 491, 188, 375, 350, 200, 249, 94, 376, 487, 333, 292, 288, 338, 37, 238, 281, 351, 46, 498, 279, 374, 284, 195, 287, 179, 236, 163, 63, 354, 99, 335, 337, 385, 382, 320, 229, 10, 93, 58, 247, 214, 339, 138, 329, 430, 177, 54, 52, 45, 78, 77, 55, 367, 218, 353, 101, 272, 364, 468, 147, 155, 192, 331, 159, 123, 381, 190, 167, 193, 1, 308, 3, 336, 426, 84, 119, 68, 453, 53, 148, 57, 322, 221, 204, 497, 219, 348, 321, 110, 501, 280, 133, 202, 391, 467, 47, 233, 174, 149, 454, 327, 115, 265, 394, 176, 72, 241, 15, 476, 89, 295, 79, 116, 345, 413, 386, 224, 489, 49, 126, 423, 301, 508, 140, 14, 83, 368, 234, 298, 377, 414, 285, 406, 317, 393, 343, 466, 154, 104, 417, 346, 326, 392, 443, 465, 35, 276, 161, 197, 239, 425, 495, 7, 464, 171, 505, 256, 325, 459, 42, 17, 19, 150, 427, 38, 415, 100, 451, 20, 21, 481, 268, 164, 449, 39, 96, 87, 463, 441, 409, 41, 32, 475, 144, 64, 471, 92, 122, 445, 401, 62, 129, 490, 80, 114, 457, 145, 429, 428, 461, 432, 504, 396, 388, 91, 170, 446, 269, 431, 411, 397, 168, 456, 299, 437, 455, 469, 472, 319, 302, 433, 132]
[318, 378, 243, 361, 205, 488, 124, 60, 43, 369, 184, 59, 347, 130, 261, 408, 477, 362, 13, 255, 260, 242]
Within-Region SSD: 241.11880136838275

k = 7
[275, 81, 257, 106, 492, 300, 421, 187, 9, 50, 359, 137, 444, 118, 450, 107, 56, 51, 131, 2, 142, 152, 389, 390, 18, 395, 484, 266, 206, 262, 109, 334, 146, 8]
[103, 26, 28, 86, 439, 330, 452, 105, 237]
[324, 113, 180, 209, 208, 223, 263, 217, 182, 506, 220, 76, 128, 384, 355, 366, 246, 479, 474, 207]
[4, 34, 418, 416, 458, 424, 121, 228, 48, 189, 341, 74, 290, 435, 305, 356, 410, 253, 231, 402, 235, 211, 98, 314, 212, 407, 399, 120, 264, 173, 422, 277, 315, 166, 360, 230, 365, 387, 6, 95, 420, 307, 85, 289, 33, 436, 316, 358, 440, 470, 5, 213, 291, 222, 304, 480, 157, 162, 186, 303, 24, 278, 117, 82, 215, 36, 251, 245, 196, 507, 225, 175, 309, 323, 273, 478, 286, 244, 267, 201, 357, 482, 143, 160, 293, 447, 185, 111, 297, 108, 344, 404, 216, 383, 151, 349, 271, 352, 158, 23, 153, 127, 486, 240, 342, 181, 226, 258, 232, 282, 22, 66, 191, 252, 274, 194, 294, 462, 373, 283, 69, 27, 183, 75, 311, 312, 313, 70, 25, 67, 178, 491, 188, 375, 350, 200, 249, 94, 376, 487, 333, 292, 288, 338, 37, 238, 281, 351, 46, 498, 279, 374, 284, 195, 287, 179, 236, 163, 63, 354, 99, 335, 337, 385, 382, 320, 229, 10, 93, 58, 247, 214, 339, 138, 329, 430, 177, 54, 52, 45, 78, 77, 55, 367, 218, 353, 101, 272, 364, 468, 147, 155, 192, 331, 159, 123, 381, 190, 167, 193, 1, 308, 3, 336, 426, 84, 119, 68, 453, 53, 148, 57, 322, 221, 204, 497, 219, 348, 321, 110, 501, 280, 133, 202, 391, 467, 47, 233, 174, 149, 454, 327, 115, 265, 394, 176, 72, 241, 15, 476, 89, 295, 79, 116, 345, 413, 386, 224, 489, 49, 126, 423, 301, 508, 140, 14, 83, 368, 234, 298, 377, 414, 285, 406, 317, 393, 343, 466, 154, 104, 417, 346, 326, 392, 443, 465, 35, 276, 161, 197, 239, 425, 495, 7, 464, 171, 505, 256, 325, 459, 42, 17, 19, 150, 427, 38, 415, 100, 451, 20, 21, 481, 268, 164, 449, 39, 96, 87, 463, 441, 409, 41, 32, 475, 144, 64, 471, 92, 122, 445, 401, 62, 129, 490, 80, 114, 457, 145, 429, 428, 461, 432, 504, 396, 388, 91, 170, 446, 269, 431, 411, 397, 168, 456, 299, 437, 455, 469, 472, 319, 302, 433, 132]
[318, 378, 243, 361, 205, 488, 124, 60, 43, 369, 184, 59, 347, 130, 261, 408, 477, 362, 13, 255, 260, 242]
[499, 412, 493, 125, 473, 485, 141, 134, 494, 136, 156, 419, 503, 372, 139, 259, 165]
[340, 227, 442, 254, 248, 500, 135, 434, 31, 438, 270, 90]
Within-Region SSD: 233.88988994174318

k = 8
[275, 81, 257, 106, 492, 300, 421, 187, 9, 50, 359, 137, 444, 118, 450, 107, 56, 51, 131, 2, 142, 152, 389, 390, 18, 395, 484, 266, 206, 262, 109, 334, 146, 8]
[103, 26, 28, 86, 439, 330, 452, 105, 237]
[324, 113, 180, 209, 208, 223, 263, 217, 182, 506, 220, 76, 128, 384, 355, 366, 246, 479, 474, 207]
[318, 378, 243, 361, 205, 488, 124, 60, 43, 369, 184, 59, 347, 130, 261, 408, 477, 362, 13, 255, 260, 242]
[499, 412, 493, 125, 473, 485, 141, 134, 494, 136, 156, 419, 503, 372, 139, 259, 165]
[340, 227, 442, 254, 248, 500, 135, 434, 31, 438, 270, 90]
[4, 34, 418, 416, 458, 424, 121, 228, 48, 189, 341, 74, 290, 435, 305, 356, 410, 253, 231, 402, 235, 211, 98, 314, 212, 407, 399, 120, 264, 173, 422, 277, 315, 166, 360, 230, 365, 387, 6, 95, 420, 307, 85, 289, 33, 436, 316, 358, 440, 470, 5, 213, 291, 222, 304, 480, 157, 162, 186, 303, 24, 278, 117, 82, 215, 36, 251, 245, 196, 507, 225, 175, 309, 323, 273, 478, 286, 244, 267, 201, 357, 482, 143, 160, 293, 447, 185, 111, 297, 108, 344, 404, 216, 383, 151, 349, 271, 352, 158, 23, 153, 127, 486, 240, 342, 181, 226, 258, 232, 282, 22, 66, 191, 252, 274, 194, 294, 462, 373, 283, 69, 27, 183, 75, 311, 312, 313, 70, 25, 67, 178, 491, 188, 375, 350, 200, 249, 376, 487, 333, 292, 288, 338, 37, 238, 351, 46, 498, 279, 374, 284, 195, 287, 179, 236, 354, 99, 335, 337, 385, 382, 320, 229, 247, 214, 339, 138, 329, 430, 177, 367, 218, 353, 101, 272, 364, 468, 381, 190, 167, 193, 68, 453, 497, 219, 501]
[94, 281, 163, 63, 10, 93, 58, 54, 52, 45, 78, 77, 55, 147, 155, 192, 331, 159, 123, 1, 308, 3, 336, 426, 84, 119, 53, 148, 57, 322, 221, 204, 348, 321, 110, 280, 133, 202, 391, 467, 47, 233, 174, 149, 454, 327, 115, 265, 394, 176, 72, 241, 15, 476, 89, 295, 79, 116, 345, 413, 386, 224, 489, 49, 126, 423, 301, 508, 140, 14, 83, 368, 234, 298, 377, 414, 285, 406, 317, 393, 343, 466, 154, 104, 417, 346, 326, 392, 443, 465, 35, 276, 161, 197, 239, 425, 495, 7, 464, 171, 505, 256, 325, 459, 42, 17, 19, 150, 427, 38, 415, 100, 451, 20, 21, 481, 268, 164, 449, 39, 96, 87, 463, 441, 409, 41, 32, 475, 144, 64, 471, 92, 122, 445, 401, 62, 129, 490, 80, 114, 457, 145, 429, 428, 461, 432, 504, 396, 388, 91, 170, 446, 269, 431, 411, 397, 168, 456, 299, 437, 455, 469, 472, 319, 302, 433, 132]
Within-Region SSD: 227.42105077643018

k = 9
[275, 81, 257, 106, 492, 300, 421, 187, 9, 50, 359, 137, 444, 118, 450, 107, 56, 51, 131, 2, 142, 152, 389, 390, 18, 395, 484, 266, 206, 262, 109, 334, 146, 8]
[103, 26, 28, 86, 439, 330, 452, 105, 237]
[324, 113, 180, 209, 208, 223, 263, 217, 182, 506, 220, 76, 128, 384, 355, 366, 246, 479, 474, 207]
[318, 378, 243, 361, 205, 488, 124, 60, 43, 369, 184, 59, 347, 130, 261, 408, 477, 362, 13, 255, 260, 242]
[499, 412, 493, 125, 473, 485, 141, 134, 494, 136, 156, 419, 503, 372, 139, 259, 165]
[340, 227, 442, 254, 248, 500, 135, 434, 31, 438, 270, 90]
[4, 34, 418, 416, 458, 424, 121, 228, 48, 189, 341, 74, 290, 435, 305, 356, 410, 253, 231, 402, 235, 211, 98, 314, 212, 407, 399, 120, 264, 173, 422, 277, 315, 166, 360, 230, 365, 387, 6, 95, 420, 307, 85, 289, 33, 436, 316, 358, 440, 470, 5, 213, 291, 222, 304, 480, 157, 162, 186, 303, 24, 278, 117, 82, 215, 36, 251, 245, 196, 507, 225, 175, 309, 323, 273, 478, 286, 244, 267, 201, 357, 482, 143, 160, 293, 447, 185, 111, 297, 108, 344, 404, 216, 383, 151, 349, 271, 352, 158, 23, 153, 127, 486, 240, 342, 181, 226, 258, 232, 282, 22, 66, 191, 252, 274, 194, 294, 462, 373, 283, 69, 27, 183, 75, 311, 312, 313, 70, 25, 67, 178, 491, 188, 375, 350, 200, 249, 376, 487, 333, 292, 288, 338, 37, 238, 351, 46, 498, 279, 374, 284, 195, 287, 179, 236, 354, 99, 335, 337, 385, 382, 320, 229, 247, 214, 339, 138, 329, 430, 177, 367, 218, 353, 101, 272, 364, 468, 381, 190, 167, 193, 68, 453, 497, 219, 501]
[94, 281, 163, 63, 10, 93, 58, 54, 52, 45, 78, 77, 55, 147, 155, 192, 331, 159, 123, 1, 308, 3, 336, 426, 84, 119, 53, 148, 57, 322, 221, 204, 348, 321, 110, 280, 133, 202, 391, 467, 47, 233, 174, 149, 454, 327, 115, 265, 394, 176, 72, 241, 15, 476, 89, 295, 79, 116, 345, 413, 386, 224, 489, 49, 126, 423, 301, 508, 140, 14, 83, 368, 234, 298, 377, 414, 285, 406, 317, 393, 343, 466, 154, 104, 417, 346, 326, 392, 443, 465, 35, 276, 161, 197, 239, 425, 495, 7, 464, 171, 505, 256, 325, 459, 42, 17, 19, 150, 427, 38, 415, 100, 451, 20, 21, 481, 268, 164, 449, 39, 96, 87, 463, 409, 41, 32, 475, 144, 64, 471, 92, 129, 490, 80, 114, 457, 145, 429, 428, 461, 91, 170, 446, 269, 431, 168, 456, 299, 437, 455, 469, 472, 319, 302, 433, 132]
[441, 122, 445, 401, 62, 432, 504, 396, 388, 411, 397]
Within-Region SSD: 220.43818727266762

k = 10
[275, 81, 257, 106, 492, 300, 421, 187, 9, 50, 359, 137, 444, 118, 450, 107, 56, 51, 131, 2, 142, 152, 389, 390, 18, 395, 484, 266, 206, 262, 109, 334, 146, 8]
[103, 26, 28, 86, 439, 330, 452, 105, 237]
[324, 113, 180, 209, 208, 223, 263, 217, 182, 506, 220, 76, 128, 384, 355, 366, 246, 479, 474, 207]
[318, 378, 243, 361, 205, 488, 124, 60, 43, 369, 184, 59, 347, 130, 261, 408, 477, 362, 13, 255, 260, 242]
[499, 412, 493, 125, 473, 485, 141, 134, 494, 136, 156, 419, 503, 372, 139, 259, 165]
[340, 227, 442, 254, 248, 500, 135, 434, 31, 438, 270, 90]
[94, 281, 163, 63, 10, 93, 58, 54, 52, 45, 78, 77, 55, 147, 155, 192, 331, 159, 123, 1, 308, 3, 336, 426, 84, 119, 53, 148, 57, 322, 221, 204, 348, 321, 110, 280, 133, 202, 391, 467, 47, 233, 174, 149, 454, 327, 115, 265, 394, 176, 72, 241, 15, 476, 89, 295, 79, 116, 345, 413, 386, 224, 489, 49, 126, 423, 301, 508, 140, 14, 83, 368, 234, 298, 377, 414, 285, 406, 317, 393, 343, 466, 154, 104, 417, 346, 326, 392, 443, 465, 35, 276, 161, 197, 239, 425, 495, 7, 464, 171, 505, 256, 325, 459, 42, 17, 19, 150, 427, 38, 415, 100, 451, 20, 21, 481, 268, 164, 449, 39, 96, 87, 463, 409, 41, 32, 475, 144, 64, 471, 92, 129, 490, 80, 114, 457, 145, 429, 428, 461, 91, 170, 446, 269, 431, 168, 456, 299, 437, 455, 469, 472, 319, 302, 433, 132]
[441, 122, 445, 401, 62, 432, 504, 396, 388, 411, 397]
[4, 34, 418, 416, 458, 424, 121, 228, 48, 189, 341, 290, 435, 305, 402, 235, 211, 120, 264, 173, 422, 230, 365, 387, 420, 307]
[74, 356, 410, 253, 231, 98, 314, 212, 407, 399, 277, 315, 166, 360, 6, 95, 85, 289, 33, 436, 316, 358, 440, 470, 5, 213, 291, 222, 304, 480, 157, 162, 186, 303, 24, 278, 117, 82, 215, 36, 251, 245, 196, 507, 225, 175, 309, 323, 273, 478, 286, 244, 267, 201, 357, 482, 143, 160, 293, 447, 185, 111, 297, 108, 344, 404, 216, 383, 151, 349, 271, 352, 158, 23, 153, 127, 486, 240, 342, 181, 226, 258, 232, 282, 22, 66, 191, 252, 274, 194, 294, 462, 373, 283, 69, 27, 183, 75, 311, 312, 313, 70, 25, 67, 178, 491, 188, 375, 350, 200, 249, 376, 487, 333, 292, 288, 338, 37, 238, 351, 46, 498, 279, 374, 284, 195, 287, 179, 236, 354, 99, 335, 337, 385, 382, 320, 229, 247, 214, 339, 138, 329, 430, 177, 367, 218, 353, 101, 272, 364, 468, 381, 190, 167, 193, 68, 453, 497, 219, 501]
Within-Region SSD: 214.3927677110467

