k = 2
[394, 46, 205, 476, 408, 15, 60, 124, 197, 378, 14, 369, 347, 184, 43, 488, 318, 345, 362, 59, 242, 285, 276, 326, 466, 140, 368, 477, 161, 361, 346, 343, 83, 154, 301, 243, 260, 317, 261, 443, 406, 255, 13, 239, 508, 393, 392, 130, 505, 116, 164, 38, 423, 79, 168, 319, 91, 176, 456, 414, 139, 89, 126, 425, 156, 298, 413, 234, 256, 372, 259, 445, 504, 295, 415, 165, 503, 224, 441, 104, 484, 485, 465, 21, 481, 122, 401, 489, 411, 388, 395, 449, 493, 464, 17, 409, 19, 386, 377, 396, 499, 463, 20, 389, 171, 62, 397, 417, 136, 473, 135, 92, 18, 427, 144, 64, 170, 141, 451, 429, 150, 114, 80, 248, 96, 475, 257, 340, 270, 490, 106, 49, 275, 438, 390, 115, 300, 72, 174, 63, 149, 327, 123, 339, 265, 163, 281, 119, 99, 241, 10, 93, 426, 204, 45, 498, 8, 77, 331, 57, 84, 487, 53, 54, 266, 159, 262, 353, 308, 2, 206, 221, 94, 381, 147, 142, 131, 78, 47, 110, 321, 335, 146, 3, 50, 299, 145, 107, 233, 375, 148, 279, 155, 51, 455, 118, 52, 9, 359, 454, 391, 311, 382, 336, 348, 322, 1, 334, 268, 302, 444, 55, 56, 421, 81, 280, 214, 192, 152, 109, 137, 437, 58, 187, 247, 492, 450, 446, 200, 467, 37, 320, 133, 292, 194, 430, 202, 188, 179, 236, 338, 312, 288, 383, 193, 238, 468, 218, 367, 244, 364, 177, 195, 462, 258, 350, 404, 229, 342, 287, 313, 376, 249, 213, 286, 344, 316, 351, 226, 196, 349, 240, 271, 215, 289, 354, 373, 232, 216, 352, 282, 186, 294, 277, 181, 201, 151, 6, 267, 85, 314, 356, 166, 440, 324, 74, 491, 33, 212, 407, 253, 365, 231, 399, 360, 384, 173, 75, 501, 235, 246, 264, 420, 120, 453, 366, 506, 228, 128, 402, 207, 108, 479, 474, 458, 217, 167, 290, 478, 82, 387, 418, 385, 70, 219, 497, 178, 245, 470, 252, 422, 307, 329, 278, 355, 274, 410, 480, 127, 211, 272, 25, 24, 486, 297, 183, 185, 341, 4, 305, 452, 76, 111, 209, 34, 416, 263, 208, 138, 157, 223, 435, 182, 160, 143, 330, 303, 5, 189, 113, 220, 67, 23, 158, 105, 439, 436, 230, 121, 95, 180, 69, 293, 153, 86, 48, 424, 315, 251, 66, 98, 323, 191, 190, 358, 28, 225, 27, 101, 222, 162, 304, 291, 68, 447, 103, 26, 117, 507, 273, 36, 175, 357, 482, 309, 22, 283, 374, 337, 333, 237, 284]
[269, 428, 495, 459, 325, 87, 471, 457, 39, 134, 129, 42, 472, 7, 41, 125, 494, 469, 433, 254, 461, 227, 431, 35, 432, 31, 500, 434, 442, 412, 32, 132, 90, 100, 419]
Within-Region SSD: 234.32685714285736

k = 3
[269, 428, 495, 459, 325, 87, 471, 457, 39, 134, 129, 42, 472, 7, 41, 125, 494, 469, 433, 254, 461, 227, 431, 35, 432, 31, 500, 434, 442, 412, 32, 132, 90, 100, 419]
[394, 46, 205, 476, 408, 15, 60, 124, 197, 378, 14, 369, 347, 184, 43, 488, 318, 345, 362, 59, 242, 285, 276, 326, 466, 140, 368, 477, 161, 361, 346, 343, 83, 154, 301, 243, 260, 317, 261, 443, 406, 255, 13, 239, 508, 393, 392, 130, 505, 116, 164, 38, 423, 79, 168, 319, 91, 176, 456, 414, 139, 89, 126, 425, 156, 298, 413, 234, 256, 372, 259, 445, 504, 295, 415, 165, 503, 224, 441, 104, 484, 485, 465, 21, 481, 122, 401, 489, 411, 388, 395, 449, 493, 464, 17, 409, 19, 386, 377, 396, 499, 463, 20, 389, 171, 62, 397, 417, 136, 473, 135, 92, 18, 427, 144, 64, 170, 141, 451, 429, 150, 114, 80, 248, 96, 475, 257, 340, 270, 490, 106, 49, 275, 438, 390, 115, 300, 72, 174, 63, 149, 327, 123, 339, 265, 163, 281, 119, 99, 241, 10, 93, 426, 204, 45, 498, 8, 77, 331, 57, 84, 487, 53, 54, 266, 159, 262, 353, 308, 2, 206, 221, 94, 381, 147, 142, 131, 78, 47, 110, 321, 335, 146, 3, 50, 299, 145, 107, 233, 375, 148, 279, 155, 51, 455, 118, 52, 9, 359, 454, 391, 311, 382, 336, 348, 322, 1, 334, 268, 302, 444, 55, 56, 421, 81, 280, 214, 192, 152, 109, 137, 437, 58, 187, 247, 492, 450, 446, 200, 467, 37, 320, 133, 292, 194, 430, 202, 188, 179, 236, 338, 312, 288, 383, 193, 238, 468, 218, 367, 244, 364, 177, 195, 462, 258, 350, 404, 229, 342, 287, 313, 376, 249, 213, 286, 344, 316, 351, 226, 196, 349, 240, 271, 215, 289, 354, 373, 232, 216, 352, 282, 186, 294, 277, 181, 201, 151, 6, 267, 85, 314, 356, 166, 440, 324, 74, 491, 33, 212, 407, 253, 365, 231, 399, 360, 384, 173, 75, 501, 235, 246, 264, 420, 120, 453, 366, 506, 228, 128, 402, 207, 108, 479, 474, 458, 217, 167, 290, 478, 82, 387, 418, 385, 70, 219, 497, 178, 245, 470, 252, 422, 307, 329, 278, 355, 274, 410, 480, 127, 211, 272, 25, 24, 486, 297, 183, 185, 341, 4, 305, 452, 76, 111, 209, 34, 416, 263, 208, 138, 157, 223, 182, 160, 143, 330, 303, 5, 220, 67, 23, 158, 105, 439, 436, 69, 293, 153, 86, 251, 66, 323, 191, 190, 28, 225, 27, 101, 68, 447, 103, 26]
[435, 189, 113, 230, 121, 95, 180, 48, 424, 315, 98, 358, 222, 162, 304, 291, 117, 507, 273, 36, 175, 357, 482, 309, 22, 283, 374, 337, 333, 237, 284]
Within-Region SSD: 211.72947961892544

k = 4
[269, 428, 495, 459, 325, 87, 471, 457, 39, 134, 129, 42, 472, 7, 41, 125, 494, 469, 433, 254, 461, 227, 431, 35, 432, 31, 500, 434, 442, 412, 32, 132, 90, 100, 419]
[435, 189, 113, 230, 121, 95, 180, 48, 424, 315, 98, 358, 222, 162, 304, 291, 117, 507, 273, 36, 175, 357, 482, 309, 22, 283, 374, 337, 333, 237, 284]
[394, 46, 205, 476, 408, 15, 60, 124, 197, 378, 14, 369, 347, 184, 43, 488, 318, 345, 362, 59, 242, 285, 276, 326, 466, 140, 368, 477, 161, 361, 346, 343, 83, 154, 301, 243, 260, 317, 261, 443, 406, 255, 13, 239, 508, 393, 392, 130, 505, 116, 164, 38, 423, 79, 168, 319, 91, 176, 456, 414, 139, 89, 126, 425, 156, 298, 413, 234, 256, 372, 259, 445, 504, 295, 415, 165, 503, 224, 441, 104, 484, 485, 465, 21, 481, 122, 401, 489, 411, 388, 395, 449, 493, 464, 17, 409, 19, 386, 377, 396, 499, 463, 20, 389, 171, 62, 397, 417, 136, 473, 135, 92, 18, 427, 144, 64, 170, 141, 451, 429, 150, 114, 80, 248, 96, 475, 257, 340, 270, 490, 106, 49, 275, 438, 390, 115, 300, 72, 174, 63, 149, 327, 123, 339, 265, 163, 281, 119, 99, 241, 10, 93, 426, 204, 45, 498, 8, 77, 331, 57, 84, 487, 53, 54, 266, 159, 262, 353, 308, 2, 206, 221, 94, 381, 147, 142, 131, 78, 47, 110, 321, 335, 146, 3, 50, 299, 145, 107, 233, 375, 148, 279, 155, 51, 455, 118, 52, 9, 359, 454, 391, 311, 382, 336, 348, 322, 1, 334, 268, 302, 444, 55, 56, 421, 81, 280, 214, 192, 152, 109, 137, 437, 58, 187, 247, 492, 450, 446, 200, 467, 37, 320, 133, 292, 194, 430, 202, 188, 179, 236, 338, 312, 288, 383, 193, 238, 468, 218, 367, 244, 364, 177, 195, 462, 258, 350, 404, 229, 342, 287, 313, 376, 249, 213, 286, 344, 316, 351, 226, 196, 349, 240, 271, 215, 289, 354, 373, 232, 216, 352, 282, 186, 294, 277, 181, 201, 151, 6, 267, 85, 314, 356, 166, 440, 324, 74, 491, 33, 212, 407, 253, 365, 231, 399, 360, 384, 173, 75, 501, 235, 246, 264, 420, 120, 453, 366, 506, 228, 128, 402, 207, 108, 479, 474, 458, 217, 167, 290, 82, 387, 418, 385, 70, 219, 497, 470, 252, 422, 307, 329, 278, 480, 127, 211, 272, 25, 24, 183, 185, 341, 4, 305, 452, 76, 209, 34, 416, 263, 208, 138, 223, 182, 160, 143, 330, 220, 67, 23, 158, 105, 439, 69, 293, 153, 86, 251, 66, 323, 191, 190, 28, 225, 27, 101, 68, 447, 103, 26]
[478, 178, 245, 355, 274, 410, 486, 297, 111, 157, 303, 5, 436]
Within-Region SSD: 201.70937543351207

k = 5
[269, 428, 495, 459, 325, 87, 471, 457, 39, 134, 129, 42, 472, 7, 41, 125, 494, 469, 433, 254, 461, 227, 431, 35, 432, 31, 500, 434, 442, 412, 32, 132, 90, 100, 419]
[435, 189, 113, 230, 121, 95, 180, 48, 424, 315, 98, 358, 222, 162, 304, 291, 117, 507, 273, 36, 175, 357, 482, 309, 22, 283, 374, 337, 333, 237, 284]
[478, 178, 245, 355, 274, 410, 486, 297, 111, 157, 303, 5, 436]
[394, 46, 205, 476, 408, 15, 60, 124, 197, 378, 14, 369, 347, 184, 43, 488, 318, 345, 362, 59, 242, 285, 276, 326, 466, 140, 368, 477, 161, 361, 346, 343, 83, 154, 301, 243, 260, 317, 261, 443, 406, 255, 13, 239, 508, 393, 392, 130, 505, 116, 164, 38, 423, 79, 168, 319, 91, 176, 456, 414, 139, 89, 126, 425, 156, 298, 413, 234, 256, 372, 259, 445, 504, 295, 415, 165, 503, 224, 441, 104, 484, 485, 465, 21, 481, 122, 401, 489, 411, 388, 395, 449, 493, 464, 17, 409, 19, 386, 377, 396, 499, 463, 20, 389, 171, 62, 397, 417, 136, 473, 135, 92, 18, 427, 144, 64, 170, 141, 451, 429, 150, 114, 80, 248, 96, 475, 257, 340, 270, 490, 106, 49, 275, 438, 390, 115, 300, 72, 174, 63, 149, 327, 123, 339, 265, 163, 281, 119, 99, 241, 10, 93, 426, 204, 45, 498, 8, 77, 331, 57, 84, 487, 53, 54, 266, 159, 262, 353, 308, 2, 206, 221, 94, 381, 147, 142, 131, 78, 47, 110, 321, 335, 146, 3, 50, 299, 145, 107, 233, 375, 148, 279, 155, 51, 455, 52, 9, 359, 454, 391, 311, 382, 336, 348, 322, 1, 334, 268, 302, 55, 56, 421, 81, 280, 214, 192, 152, 109, 137, 58, 187, 247, 492, 200, 37, 320, 292, 194, 430, 188, 179, 236, 338, 312, 288, 383, 193, 238, 468, 218, 367, 244, 364, 177, 195, 462, 258, 350, 404, 229, 342, 287, 313, 376, 249, 213, 286, 344, 316, 351, 226, 196, 349, 240, 271, 215, 289, 354, 373, 232, 216, 352, 282, 186, 294, 277, 181, 201, 151, 6, 267, 85, 314, 356, 166, 440, 324, 74, 491, 33, 212, 407, 253, 365, 231, 399, 360, 384, 173, 75, 501, 235, 246, 264, 420, 120, 453, 366, 506, 228, 128, 402, 207, 108, 479, 474, 458, 217, 167, 290, 82, 387, 418, 385, 70, 219, 497, 470, 252, 422, 307, 329, 278, 480, 127, 211, 272, 25, 24, 183, 185, 341, 4, 305, 452, 76, 209, 34, 416, 263, 208, 138, 223, 182, 160, 143, 330, 220, 67, 23, 158, 105, 439, 69, 293, 153, 86, 251, 66, 323, 191, 190, 28, 225, 27, 101, 68, 447, 103, 26]
[118, 444, 437, 450, 446, 467, 133, 202]
Within-Region SSD: 192.61727437545468

k = 6
[269, 428, 495, 459, 325, 87, 471, 457, 39, 134, 129, 42, 472, 7, 41, 125, 494, 469, 433, 254, 461, 227, 431, 35, 432, 31, 500, 434, 442, 412, 32, 132, 90, 100, 419]
[435, 189, 113, 230, 121, 95, 180, 48, 424, 315, 98, 358, 222, 162, 304, 291, 117, 507, 273, 36, 175, 357, 482, 309, 22, 283, 374, 337, 333, 237, 284]
[478, 178, 245, 355, 274, 410, 486, 297, 111, 157, 303, 5, 436]
[118, 444, 437, 450, 446, 467, 133, 202]
[394, 46, 205, 476, 408, 15, 60, 124, 197, 378, 14, 369, 347, 184, 43, 488, 318, 345, 362, 59, 242, 285, 276, 326, 466, 140, 368, 477, 161, 361, 346, 343, 83, 154, 301, 243, 260, 317, 261, 443, 406, 255, 13, 239, 508, 393, 392, 130, 505, 116, 164, 38, 423, 79, 168, 319, 91, 176, 456, 414, 139, 89, 126, 425, 156, 298, 413, 234, 256, 372, 259, 445, 504, 295, 415, 165, 503, 224, 441, 104, 484, 485, 465, 21, 481, 122, 401, 489, 411, 388, 395, 449, 493, 464, 17, 409, 19, 386, 377, 396, 499, 463, 20, 389, 171, 62, 397, 417, 136, 473, 135, 92, 18, 427, 144, 64, 170, 141, 451, 429, 150, 114, 80, 248, 96, 475, 257, 340, 270, 490, 106, 49, 275, 438, 390, 115, 300, 72, 174, 63, 149, 327, 123, 339, 265, 163, 281, 119, 99, 241, 10, 93, 426, 204, 45, 498, 8, 77, 331, 57, 84, 487, 53, 54, 266, 159, 262, 353, 308, 2, 206, 221, 94, 381, 147, 142, 131, 78, 47, 110, 321, 335, 146, 3, 50, 299, 145, 107, 233, 375, 148, 279, 155, 51, 455, 52, 9, 359, 454, 391, 311, 382, 336, 348, 322, 1, 334, 268, 302, 55, 56, 421, 81, 280, 214, 192, 152, 109, 137, 58, 187, 247, 492, 200, 320, 430, 312]
[37, 292, 194, 188, 179, 236, 338, 288, 383, 193, 238, 468, 218, 367, 244, 364, 177, 195, 462, 258, 350, 404, 229, 342, 287, 313, 376, 249, 213, 286, 344, 316, 351, 226, 196, 349, 240, 271, 215, 289, 354, 373, 232, 216, 352, 282, 186, 294, 277, 181, 201, 151, 6, 267, 85, 314, 356, 166, 440, 324, 74, 491, 33, 212, 407, 253, 365, 231, 399, 360, 384, 173, 75, 501, 235, 246, 264, 420, 120, 453, 366, 506, 228, 128, 402, 207, 108, 479, 474, 458, 217, 167, 290, 82, 387, 418, 385, 70, 219, 497, 470, 252, 422, 307, 329, 278, 480, 127, 211, 272, 25, 24, 183, 185, 341, 4, 305, 452, 76, 209, 34, 416, 263, 208, 138, 223, 182, 160, 143, 330, 220, 67, 23, 158, 105, 439, 69, 293, 153, 86, 251, 66, 323, 191, 190, 28, 225, 27, 101, 68, 447, 103, 26]
Within-Region SSD: 185.91764987497055

k = 7
[269, 428, 495, 459, 325, 87, 471, 457, 39, 134, 129, 42, 472, 7, 41, 125, 494, 469, 433, 254, 461, 227, 431, 35, 432, 31, 500, 434, 442, 412, 32, 132, 90, 100, 419]
[435, 189, 113, 230, 121, 95, 180, 48, 424, 315, 98, 358, 222, 162, 304, 291, 117, 507, 273, 36, 175, 357, 482, 309, 22, 283, 374, 337, 333, 237, 284]
[478, 178, 245, 355, 274, 410, 486, 297, 111, 157, 303, 5, 436]
[118, 444, 437, 450, 446, 467, 133, 202]
[37, 292, 194, 188, 179, 236, 338, 288, 383, 193, 238, 468, 218, 367, 244, 364, 177, 195, 462, 258, 350, 404, 229, 342, 287, 313, 376, 249, 213, 286, 344, 316, 351, 226, 196, 349, 240, 271, 215, 289, 354, 373, 232, 216, 352, 282, 186, 294, 277, 181, 201, 151, 6, 267, 85, 314, 356, 166, 440, 324, 74, 491, 33, 212, 407, 253, 365, 231, 399, 360, 384, 173, 75, 501, 235, 246, 264, 420, 120, 453, 366, 506, 228, 128, 402, 207, 108, 479, 474, 458, 217, 167, 290, 82, 387, 418, 385, 70, 219, 497, 470, 252, 422, 307, 329, 278, 480, 127, 211, 272, 25, 24, 183, 185, 341, 4, 305, 452, 76, 209, 34, 416, 263, 208, 138, 223, 182, 160, 143, 330, 220, 67, 23, 158, 105, 439, 69, 293, 153, 86, 251, 66, 323, 191, 190, 28, 225, 27, 101, 68, 447, 103, 26]
[394, 46, 205, 476, 408, 15, 60, 124, 197, 378, 14, 369, 347, 184, 43, 488, 318, 345, 362, 59, 242, 285, 276, 326, 466, 140, 368, 477, 161, 361, 346, 343, 83, 154, 301, 243, 260, 317, 261, 443, 406, 255, 13, 239, 508, 393, 392, 130, 505, 116, 164, 38, 423, 79, 168, 319, 91, 176, 456, 414, 139, 89, 126, 425, 156, 298, 413, 234, 256, 372, 259, 445, 504, 295, 415, 165, 503, 224, 441, 104, 484, 485, 465, 21, 481, 122, 401, 489, 411, 388, 395, 449, 493, 464, 17, 409, 19, 386, 377, 396, 499, 463, 20, 389, 171, 62, 397, 417, 136, 473, 135, 92, 18, 427, 144, 64, 170, 141, 451, 429, 150, 114, 80, 248, 96, 475, 257, 340, 270, 490, 106, 49, 275, 438, 390, 115, 300, 72, 174, 63, 149, 123, 163, 281, 119, 10, 93, 426, 204, 45, 8, 77, 331, 57, 84, 53, 54, 266, 159, 262, 308, 2, 206, 221, 147, 142, 131, 78, 47, 110, 146, 3, 50, 299, 145, 107, 233, 155, 51, 455, 52, 9, 359, 454, 1, 334, 268, 302, 55, 56, 421, 81, 109, 137, 58, 187, 492]
[327, 339, 265, 99, 241, 498, 487, 353, 94, 381, 321, 335, 375, 148, 279, 391, 311, 382, 336, 348, 322, 280, 214, 192, 152, 247, 200, 320, 430, 312]
Within-Region SSD: 167.54348228774032

k = 8
[269, 428, 495, 459, 325, 87, 471, 457, 39, 134, 129, 42, 472, 7, 41, 125, 494, 469, 433, 254, 461, 227, 431, 35, 432, 31, 500, 434, 442, 412, 32, 132, 90, 100, 419]
[435, 189, 113, 230, 121, 95, 180, 48, 424, 315, 98, 358, 222, 162, 304, 291, 117, 507, 273, 36, 175, 357, 482, 309, 22, 283, 374, 337, 333, 237, 284]
[478, 178, 245, 355, 274, 410, 486, 297, 111, 157, 303, 5, 436]
[118, 444, 437, 450, 446, 467, 133, 202]
[37, 292, 194, 188, 179, 236, 338, 288, 383, 193, 238, 468, 218, 367, 244, 364, 177, 195, 462, 258, 350, 404, 229, 342, 287, 313, 376, 249, 213, 286, 344, 316, 351, 226, 196, 349, 240, 271, 215, 289, 354, 373, 232, 216, 352, 282, 186, 294, 277, 181, 201, 151, 6, 267, 85, 314, 356, 166, 440, 324, 74, 491, 33, 212, 407, 253, 365, 231, 399, 360, 384, 173, 75, 501, 235, 246, 264, 420, 120, 453, 366, 506, 228, 128, 402, 207, 108, 479, 474, 458, 217, 167, 290, 82, 387, 418, 385, 70, 219, 497, 470, 252, 422, 307, 329, 278, 480, 127, 211, 272, 25, 24, 183, 185, 341, 4, 305, 452, 76, 209, 34, 416, 263, 208, 138, 223, 182, 160, 143, 330, 220, 67, 23, 158, 105, 439, 69, 293, 153, 86, 251, 66, 323, 191, 190, 28, 225, 27, 101, 68, 447, 103, 26]
[327, 339, 265, 99, 241, 498, 487, 353, 94, 381, 321, 335, 375, 148, 279, 391, 311, 382, 336, 348, 322, 280, 214, 192, 152, 247, 200, 320, 430, 312]
[394, 46, 205, 476, 408, 15, 60, 124, 197, 378, 14, 369, 347, 184, 43, 488, 318, 345, 362, 59, 242, 285, 276, 326, 466, 140, 368, 477, 161, 361, 346, 343, 83, 154, 301, 243, 260, 317, 261, 443, 406, 255, 13, 239, 508, 393, 130, 505, 164, 423]
[392, 116, 38, 79, 168, 319, 91, 176, 456, 414, 139, 89, 126, 425, 156, 298, 413, 234, 256, 372, 259, 445, 504, 295, 415, 165, 503, 224, 441, 104, 484, 485, 465, 21, 481, 122, 401, 489, 411, 388, 395, 449, 493, 464, 17, 409, 19, 386, 377, 396, 499, 463, 20, 389, 171, 62, 397, 417, 136, 473, 135, 92, 18, 427, 144, 64, 170, 141, 451, 429, 150, 114, 80, 248, 96, 475, 257, 340, 270, 490, 106, 49, 275, 438, 390, 115, 300, 72, 174, 63, 149, 123, 163, 281, 119, 10, 93, 426, 204, 45, 8, 77, 331, 57, 84, 53, 54, 266, 159, 262, 308, 2, 206, 221, 147, 142, 131, 78, 47, 110, 146, 3, 50, 299, 145, 107, 233, 155, 51, 455, 52, 9, 359, 454, 1, 334, 268, 302, 55, 56, 421, 81, 109, 137, 58, 187, 492]
Within-Region SSD: 159.94481589732644

k = 9
[269, 428, 495, 459, 325, 87, 471, 457, 39, 134, 129, 42, 472, 7, 41, 125, 494, 469, 433, 254, 461, 227, 431, 35, 432, 31, 500, 434, 442, 412, 32, 132, 90, 100, 419]
[435, 189, 113, 230, 121, 95, 180, 48, 424, 315, 98, 358, 222, 162, 304, 291, 117, 507, 273, 36, 175, 357, 482, 309, 22, 283, 374, 337, 333, 237, 284]
[478, 178, 245, 355, 274, 410, 486, 297, 111, 157, 303, 5, 436]
[118, 444, 437, 450, 446, 467, 133, 202]
[37, 292, 194, 188, 179, 236, 338, 288, 383, 193, 238, 468, 218, 367, 244, 364, 177, 195, 462, 258, 350, 404, 229, 342, 287, 313, 376, 249, 213, 286, 344, 316, 351, 226, 196, 349, 240, 271, 215, 289, 354, 373, 232, 216, 352, 282, 186, 294, 277, 181, 201, 151, 6, 267, 85, 314, 356, 166, 440, 324, 74, 491, 33, 212, 407, 253, 365, 231, 399, 360, 384, 173, 75, 501, 235, 246, 264, 420, 120, 453, 366, 506, 228, 128, 402, 207, 108, 479, 474, 458, 217, 167, 290, 82, 387, 418, 385, 70, 219, 497, 470, 252, 422, 307, 329, 278, 480, 127, 211, 272, 25, 24, 183, 185, 341, 4, 305, 452, 76, 209, 34, 416, 263, 208, 138, 223, 182, 160, 143, 330, 220, 67, 23, 158, 105, 439, 69, 293, 153, 86, 251, 66, 323, 191, 190, 28, 225, 27, 101, 68, 447, 103, 26]
[327, 339, 265, 99, 241, 498, 487, 353, 94, 381, 321, 335, 375, 148, 279, 391, 311, 382, 336, 348, 322, 280, 214, 192, 152, 247, 200, 320, 430, 312]
[394, 46, 205, 476, 408, 15, 60, 124, 197, 378, 14, 369, 347, 184, 43, 488, 318, 345, 362, 59, 242, 285, 276, 326, 466, 140, 368, 477, 161, 361, 346, 343, 83, 154, 301, 243, 260, 317, 261, 443, 406, 255, 13, 239, 508, 393, 130, 505, 164, 423]
[392, 116, 38, 79, 168, 319, 91, 176, 456, 414, 139, 89, 126, 425, 156, 298, 413, 234, 256, 372, 259, 504, 295, 415, 165, 503, 224, 484, 485, 465, 388, 395, 449, 493, 464, 396, 499, 463, 136, 473, 135, 92, 144, 64, 170, 141, 451, 114, 80, 248, 96, 340, 270, 438]
[445, 441, 104, 21, 481, 122, 401, 489, 411, 17, 409, 19, 386, 377, 20, 389, 171, 62, 397, 417, 18, 427, 429, 150, 475, 257, 490, 106, 49, 275, 390, 115, 300, 72, 174, 63, 149, 123, 163, 281, 119, 10, 93, 426, 204, 45, 8, 77, 331, 57, 84, 53, 54, 266, 159, 262, 308, 2, 206, 221, 147, 142, 131, 78, 47, 110, 146, 3, 50, 299, 145, 107, 233, 155, 51, 455, 52, 9, 359, 454, 1, 334, 268, 302, 55, 56, 421, 81, 109, 137, 58, 187, 492]
Within-Region SSD: 151.47527879933347

k = 10
[269, 428, 495, 459, 325, 87, 471, 457, 39, 134, 129, 42, 472, 7, 41, 125, 494, 469, 433, 254, 461, 227, 431, 35, 432, 31, 500, 434, 442, 412, 32, 132, 90, 100, 419]
[435, 189, 113, 230, 121, 95, 180, 48, 424, 315, 98, 358, 222, 162, 304, 291, 117, 507, 273, 36, 175, 357, 482, 309, 22, 283, 374, 337, 333, 237, 284]
[478, 178, 245, 355, 274, 410, 486, 297, 111, 157, 303, 5, 436]
[118, 444, 437, 450, 446, 467, 133, 202]
[37, 292, 194, 188, 179, 236, 338, 288, 383, 193, 238, 468, 218, 367, 244, 364, 177, 195, 462, 258, 350, 404, 229, 342, 287, 313, 376, 249, 213, 286, 344, 316, 351, 226, 196, 349, 240, 271, 215, 289, 354, 373, 232, 216, 352, 282, 186, 294, 277, 181, 201, 151, 6, 267, 85, 314, 356, 166, 440, 324, 74, 491, 33, 212, 407, 253, 365, 231, 399, 360, 384, 173, 75, 501, 235, 246, 264, 420, 120, 453, 366, 506, 228, 128, 402, 207, 108, 479, 474, 458, 217, 167, 290, 82, 387, 418, 385, 70, 219, 497, 470, 252, 422, 307, 329, 278, 480, 127, 211, 272, 25, 24, 183, 185, 341, 4, 305, 452, 76, 209, 34, 416, 263, 208, 138, 223, 182, 160, 143, 330, 220, 67, 23, 158, 105, 439, 69, 293, 153, 86, 251, 66, 323, 191, 190, 28, 225, 27, 101, 68, 447, 103, 26]
[327, 339, 265, 99, 241, 498, 487, 353, 94, 381, 321, 335, 375, 148, 279, 391, 311, 382, 336, 348, 322, 280, 214, 192, 152, 247, 200, 320, 430, 312]
[394, 46, 205, 476, 408, 15, 60, 124, 197, 378, 14, 369, 347, 184, 43, 488, 318, 345, 362, 59, 242, 285, 276, 326, 466, 140, 368, 477, 161, 361, 346, 343, 83, 154, 301, 243, 260, 317, 261, 443, 406, 255, 13, 239, 508, 393, 130, 505, 164, 423]
[392, 116, 38, 79, 168, 319, 91, 176, 456, 414, 139, 89, 126, 425, 156, 298, 413, 234, 256, 372, 259, 504, 295, 415, 165, 503, 224, 484, 485, 465, 388, 395, 449, 493, 464, 396, 499, 463, 136, 473, 135, 92, 144, 64, 170, 141, 451, 114, 80, 248, 96, 340, 270, 438]
[445, 441, 104, 21, 481, 122, 401, 489, 411, 17, 409, 19, 386, 377, 20, 389, 171, 62, 397, 417, 18, 427, 429, 150, 475, 257, 490, 106, 49, 275, 390, 115, 300, 72, 174, 63, 149, 123, 163, 281, 119, 10, 93, 426, 204, 45, 8, 77, 331, 57, 84, 53, 266, 159, 262, 308, 206, 221, 131, 78, 47, 110, 299, 145, 107, 233, 455, 52, 9, 359, 454, 268, 302, 55, 56, 421, 81, 109, 137, 58, 187, 492]
[54, 2, 147, 142, 146, 3, 50, 155, 51, 1, 334]
Within-Region SSD: 144.92971696541616

