k = 2
[74, 407, 356, 410, 399, 365, 314, 315, 324, 178, 420, 85, 95, 212, 274, 75, 478, 297, 264, 6, 113, 253, 360, 486, 491, 185, 355, 245, 111, 506, 235, 228, 277, 435, 127, 183, 501, 366, 157, 217, 76, 173, 290, 424, 209, 82, 167, 246, 479, 474, 440, 70, 120, 231, 121, 180, 223, 470, 303, 128, 453, 497, 207, 33, 166, 333, 402, 189, 48, 208, 219, 384, 436, 480, 284, 374, 230, 387, 263, 237, 422, 458, 307, 182, 34, 162, 211, 418, 220, 222, 22, 278, 4, 341, 305, 98, 186, 143, 283, 24, 25, 416, 117, 138, 273, 160, 330, 337, 309, 251, 158, 101, 452, 36, 23, 190, 329, 86, 439, 215, 175, 67, 385, 225, 26, 507, 316, 69, 66, 153, 447, 103, 213, 313, 191, 244, 462, 27, 196, 236, 294, 267, 229, 238, 37, 151, 177, 179, 404, 382, 344, 188]
[321, 280, 281, 148, 391, 193, 286, 240, 216, 349, 226, 353, 381, 94, 339, 289, 498, 335, 46, 99, 431, 461, 472, 469, 92, 227, 463, 156, 503, 372, 134, 224, 21, 481, 409, 401, 19, 445, 489, 377, 89, 417, 444, 450, 118, 437, 318, 378, 317, 361, 243, 129, 7, 42, 41, 433, 419, 132, 406, 392, 116, 301, 443, 78, 299, 77, 163, 131, 58, 93, 159, 446, 81, 454, 300, 233, 311, 375, 292, 342, 288, 508, 239, 393, 91, 168, 319, 176, 265, 475, 429, 39, 457, 13, 130, 261, 369, 184, 115, 47, 258, 383, 364, 320, 334, 51, 52, 50, 197, 326, 285, 80, 114, 471, 144, 202, 133, 467, 60, 59, 362, 260, 255, 343, 477, 174, 63, 72, 327, 123, 31, 270, 135, 64, 248, 254, 298, 259, 139, 359, 492, 137, 395, 484, 390, 388, 295, 358, 304, 291, 201, 386, 504, 234, 499, 96, 493, 136, 15, 408, 14, 275, 49, 346, 488, 161, 495, 451, 35, 325, 394, 476, 171, 20, 427, 490, 17, 432, 345, 83, 368, 140, 100, 411, 397, 142, 152, 146, 312, 249, 200, 247, 350, 57, 322, 348, 336, 466, 214, 287, 430, 141, 485, 425, 500, 434, 412, 195, 367, 396, 413, 150, 455, 62, 269, 428, 414, 415, 456, 423, 181, 194, 338, 271, 282, 352, 32, 347, 242, 340, 90, 170, 43, 18, 122, 8, 155, 55, 218, 351, 376, 354, 126, 257, 268, 494, 266, 107, 56, 9, 421, 165, 145, 124, 308, 3, 459, 464, 465, 302, 232, 373, 119, 204, 84, 276, 54, 10, 331, 147, 221, 262, 149, 110, 79, 38, 164, 473, 426, 505, 256, 357, 2, 154, 104, 109, 192, 53, 106, 449, 187, 45, 125, 442, 241, 1]
Within-Region SSD: 2181.8082361308543

k = 3
[321, 280, 281, 148, 391, 193, 286, 240, 216, 349, 226, 353, 381, 94, 339, 289, 498, 335, 46, 99, 431, 461, 472, 469, 92, 227, 463, 156, 503, 372, 134, 224, 21, 481, 409, 401, 19, 445, 489, 377, 89, 417, 444, 450, 118, 437, 318, 378, 317, 361, 243, 129, 7, 42, 41, 433, 419, 132, 406, 392, 116, 301, 443, 78, 299, 77, 163, 131, 58, 93, 159, 446, 81, 454, 300, 233, 311, 375, 292, 342, 288, 508, 239, 393, 91, 168, 319, 176, 265, 475, 429, 39, 457, 13, 130, 261, 369, 184, 115, 47, 258, 383, 364, 320, 334, 51, 52, 50, 197, 326, 285, 80, 114, 471, 144, 202, 133, 467, 60, 59, 362, 260, 255, 343, 477, 174, 63, 72, 327, 123, 31, 270, 135, 64, 248, 254, 298, 259, 139, 359, 492, 137, 395, 484, 390, 388, 295, 358, 304, 291, 201, 386, 504, 234, 499, 96, 493, 136, 15, 408, 14, 275, 49, 346, 488, 161, 495, 451, 35, 325, 394, 476, 171, 20, 427, 490, 17, 432, 345, 83, 368, 140, 100, 411, 397, 142, 152, 146, 312, 249, 200, 247, 350, 57, 322, 348, 336, 466, 214, 287, 430, 141, 485, 425, 500, 434, 412, 195, 367, 396, 413, 150, 455, 62, 269, 428, 414, 415, 456, 423, 181, 194, 338, 271, 282, 352, 32, 347, 242, 340, 90, 170, 43, 18, 122, 8, 155, 55, 218, 351, 376, 354, 126, 257, 268, 494, 266, 107, 56, 9, 421, 165, 145, 124, 308, 3, 459, 464, 465, 302, 232, 373, 119, 204, 84, 276, 54, 10, 331, 147, 221, 262, 149, 110, 79, 38, 164, 473, 426, 505, 256, 357, 2, 154, 104, 109, 192, 53, 106, 449, 187, 45, 125, 442, 241, 1]
[74, 407, 356, 410, 399, 365, 314, 315, 324, 178, 420, 85, 95, 212, 274, 75, 478, 297, 264, 6, 113, 253, 360, 486, 491, 185, 355, 245, 111, 506, 235, 228, 277, 435, 127, 183, 501, 366, 157, 217, 76, 173, 290, 424, 209, 82, 167, 246, 479, 474, 440, 70, 120, 231, 121, 180, 223, 470, 303, 128, 453, 497, 207, 33, 166, 333, 402, 189, 48, 208, 219, 384, 436, 480, 284, 374, 230, 387, 263, 237, 422, 458, 307, 182, 34, 162, 211, 418, 220, 222, 278, 4, 341, 305, 98, 186, 25, 416, 117, 273, 309, 251, 158, 36, 23, 215, 175, 67, 507, 316, 69, 66, 213, 313, 191, 244, 462, 27, 196, 236, 294, 267, 229, 238, 37, 151, 177, 179, 404, 382, 344, 188]
[22, 143, 283, 24, 138, 160, 330, 337, 101, 452, 190, 329, 86, 439, 385, 225, 26, 153, 447, 103]
Within-Region SSD: 2097.268533579027

