k = 2
[4, 211, 416, 34, 341, 422, 305, 263, 387, 291, 162, 458, 220, 98, 22, 222, 278, 307, 182, 24, 283, 143, 186, 117, 25, 208, 138, 337, 304, 273, 209, 180, 330, 160, 201, 271, 309, 158, 223, 435, 190, 357, 352, 358, 360, 103, 282, 189, 253, 26, 230, 290, 212, 74, 235, 324, 407, 356, 365, 420, 173, 410, 314, 315, 506, 76, 264, 128, 120, 231, 399, 85, 95, 424, 217, 452, 228, 167, 384, 219, 402, 6, 113, 121, 70, 418, 333, 329, 237, 86, 439, 453, 501, 277, 48, 284, 374, 385, 225, 191, 207, 355, 497, 289, 447, 153, 27, 245, 178, 366, 246, 316, 82, 185, 274, 478, 479, 474, 313, 215, 507, 303, 470, 127, 486, 75, 462, 36, 196, 157, 183, 491, 213, 175, 236, 151, 440, 33, 244, 251, 229, 238, 294, 267, 166, 480, 436, 23, 177, 37, 181, 297, 67, 404, 179, 218, 111, 69, 66, 101, 344, 382, 188]
[13, 130, 369, 242, 184, 261, 60, 59, 362, 394, 46, 476, 265, 498, 471, 428, 80, 145, 475, 429, 39, 457, 335, 99, 295, 234, 72, 386, 322, 146, 192, 148, 147, 152, 340, 227, 434, 499, 90, 353, 381, 327, 94, 339, 392, 406, 508, 443, 437, 444, 446, 492, 137, 450, 118, 388, 484, 122, 395, 494, 132, 469, 500, 433, 451, 459, 495, 135, 141, 493, 425, 485, 415, 195, 367, 288, 247, 312, 249, 200, 364, 258, 383, 38, 79, 116, 423, 254, 461, 431, 92, 174, 77, 78, 159, 299, 163, 93, 58, 286, 240, 193, 349, 216, 342, 292, 311, 375, 194, 472, 7, 417, 377, 489, 503, 224, 156, 373, 226, 280, 391, 321, 287, 214, 64, 136, 270, 239, 14, 345, 477, 466, 140, 473, 412, 419, 134, 168, 43, 91, 176, 318, 378, 301, 346, 361, 243, 257, 268, 275, 89, 47, 202, 149, 115, 133, 319, 354, 351, 164, 456, 414, 100, 96, 233, 161, 488, 81, 454, 359, 432, 445, 35, 411, 504, 397, 281, 21, 481, 18, 409, 19, 401, 124, 241, 442, 396, 413, 320, 430, 350, 260, 347, 84, 317, 393, 17, 390, 144, 106, 109, 455, 204, 63, 123, 129, 171, 490, 465, 325, 139, 126, 259, 32, 41, 125, 232, 114, 52, 51, 55, 8, 334, 298, 170, 20, 31, 15, 408, 107, 56, 9, 421, 427, 269, 154, 368, 248, 62, 255, 142, 308, 348, 2, 3, 343, 54, 10, 505, 256, 53, 50, 1, 83, 331, 165, 131, 187, 266, 467, 300, 302, 155, 376, 285, 326, 197, 338, 464, 463, 104, 150, 49, 372, 42, 426, 110, 221, 57, 336, 262, 449, 276, 45, 119]
Within-Region SSD: 1048.1556775373983

k = 3
[13, 130, 369, 242, 184, 261, 60, 59, 362, 394, 46, 476, 265, 498, 471, 428, 80, 145, 475, 429, 39, 457, 335, 99, 295, 234, 72, 386, 322, 146, 192, 148, 147, 152, 340, 227, 434, 499, 90, 353, 381, 327, 94, 339, 392, 406, 508, 443, 437, 444, 446, 492, 137, 450, 118, 388, 484, 122, 395, 494, 132, 469, 500, 433, 451, 459, 495, 135, 141, 493, 425, 485, 415, 195, 367, 288, 247, 312, 249, 200, 364, 258, 383, 38, 79, 116, 423, 254, 461, 431, 92, 174, 77, 78, 159, 299, 163, 93, 58, 286, 240, 193, 349, 216, 342, 292, 311, 375, 194, 472, 7, 417, 377, 489, 503, 224, 156, 373, 226, 280, 391, 321, 287, 214, 64, 136, 270, 239, 14, 345, 477, 466, 140, 473, 412, 419, 134, 168, 43, 91, 176, 318, 378, 301, 346, 361, 243, 257, 268, 275, 89, 47, 202, 149, 115, 133, 319, 354, 351, 164, 456, 414, 100, 96, 233, 161, 488, 81, 454, 359, 432, 445, 35, 411, 504, 397, 281, 21, 481, 18, 409, 19, 401, 124, 241, 442, 396, 413, 320, 430, 350, 260, 347, 84, 317, 393, 17, 390, 144, 106, 109, 455, 204, 63, 123, 129, 171, 490, 465, 325, 139, 126, 259, 32, 41, 125, 232, 114, 52, 51, 55, 8, 334, 298, 170, 20, 31, 15, 408, 107, 56, 9, 421, 427, 269, 154, 368, 248, 62, 255, 142, 308, 348, 2, 3, 343, 54, 10, 505, 256, 53, 50, 1, 83, 331, 165, 131, 187, 266, 467, 300, 302, 155, 376, 285, 326, 197, 338, 464, 463, 104, 150, 49, 372, 42, 426, 110, 221, 57, 336, 262, 449, 276, 45, 119]
[4, 211, 416, 34, 341, 422, 305, 263, 387, 291, 162, 458, 220, 98, 22, 222, 278, 307, 182, 24, 283, 143, 186, 117, 25, 208, 138, 337, 304, 273, 209, 180, 330, 160, 201, 271, 309, 158, 223, 435, 190, 357, 352, 358, 360, 103, 282, 189, 253, 26, 290, 212, 235, 324, 420, 173, 506, 76, 264, 128, 120, 231, 424, 217, 452, 228, 167, 384, 219, 402, 121, 70, 418, 333, 329, 237, 86, 439, 453, 501, 48, 284, 374, 385, 225, 191, 207, 355, 497, 447, 153, 27, 245, 178, 366, 246, 82, 185, 274, 478, 479, 474, 303, 470, 127, 486, 75, 157, 183, 491, 440, 33, 166, 480, 436, 297, 111]
[230, 74, 407, 356, 365, 410, 314, 315, 399, 85, 95, 6, 113, 277, 289, 316, 313, 215, 507, 462, 36, 196, 213, 175, 236, 151, 244, 251, 229, 238, 294, 267, 23, 177, 37, 181, 67, 404, 179, 218, 69, 66, 101, 344, 382, 188]
Within-Region SSD: 926.4941051066927

k = 4
[4, 211, 416, 34, 341, 422, 305, 263, 387, 291, 162, 458, 220, 98, 22, 222, 278, 307, 182, 24, 283, 143, 186, 117, 25, 208, 138, 337, 304, 273, 209, 180, 330, 160, 201, 271, 309, 158, 223, 435, 190, 357, 352, 358, 360, 103, 282, 189, 253, 26, 290, 212, 235, 324, 420, 173, 506, 76, 264, 128, 120, 231, 424, 217, 452, 228, 167, 384, 219, 402, 121, 70, 418, 333, 329, 237, 86, 439, 453, 501, 48, 284, 374, 385, 225, 191, 207, 355, 497, 447, 153, 27, 245, 178, 366, 246, 82, 185, 274, 478, 479, 474, 303, 470, 127, 486, 75, 157, 183, 491, 440, 33, 166, 480, 436, 297, 111]
[230, 74, 407, 356, 365, 410, 314, 315, 399, 85, 95, 6, 113, 277, 289, 316, 313, 215, 507, 462, 36, 196, 213, 175, 236, 151, 244, 251, 229, 238, 294, 267, 23, 177, 37, 181, 67, 404, 179, 218, 69, 66, 101, 344, 382, 188]
[13, 130, 369, 242, 60, 184, 261, 59, 260, 347, 362, 477, 255, 14, 15, 345, 408, 466, 140, 243, 368, 343, 378, 154, 83, 318, 361, 301, 346, 197, 276, 43, 161, 488, 326, 265, 124, 241, 285, 394, 168, 46, 476, 91, 176, 498, 319, 139, 126, 335, 99, 259, 339, 298, 353, 381, 327, 94, 72, 351, 295, 174, 354, 376, 234, 63, 247, 386, 204, 123, 367, 200, 484, 89, 163, 195, 312, 388, 224, 78, 55, 426, 288, 249, 122, 395, 417, 77, 93, 58, 52, 375, 364, 18, 390, 49, 377, 489, 503, 159, 299, 45, 56, 51, 8, 342, 311, 258, 430, 21, 17, 150, 156, 84, 450, 119, 107, 334, 155, 240, 292, 194, 383, 320, 350, 481, 455, 129, 262, 446, 9, 421, 308, 286, 216, 338, 409, 19, 401, 109, 134, 221, 437, 118, 50, 142, 193, 349, 373, 226, 62, 396, 413, 106, 433, 110, 444, 145, 53, 152, 232, 494, 419, 133, 492, 137, 471, 131, 1, 146, 348, 132, 469, 500, 431, 202, 467, 81, 302, 428, 80, 187, 412, 442, 461, 47, 266, 454, 359, 275, 114, 144, 499, 32, 125, 254, 92, 149, 115, 257, 300, 96, 170, 340, 473, 41, 135, 472, 7, 233, 268, 100, 227, 434, 415, 451, 31, 165, 39, 90, 493, 414, 459, 495, 270, 372, 42, 475, 141, 425, 485, 423, 35, 325, 64, 248, 429, 505, 256, 449, 79, 164, 456, 432, 171, 490, 465, 136, 457, 38, 445, 411, 20, 427, 464, 104, 239, 116, 504, 397, 269, 463, 317, 443, 392, 393, 406, 508]
[322, 192, 148, 147, 321, 57, 336, 2, 54, 280, 391, 287, 214, 281, 3, 10, 331]
Within-Region SSD: 850.5236293122904

k = 5
[4, 211, 416, 34, 341, 422, 305, 263, 387, 291, 162, 458, 220, 98, 22, 222, 278, 307, 182, 24, 283, 143, 186, 117, 25, 208, 138, 337, 304, 273, 209, 180, 330, 160, 201, 271, 309, 158, 223, 435, 190, 357, 352, 358, 360, 103, 282, 189, 253, 26, 290, 212, 235, 324, 420, 173, 506, 76, 264, 128, 120, 231, 424, 217, 452, 228, 167, 384, 219, 402, 121, 70, 418, 333, 329, 237, 86, 439, 453, 501, 48, 284, 374, 385, 225, 191, 207, 355, 497, 447, 153, 27, 245, 178, 366, 246, 82, 185, 274, 478, 479, 474, 303, 470, 127, 486, 75, 157, 183, 491, 440, 33, 166, 480, 436, 297, 111]
[230, 74, 407, 356, 365, 410, 314, 315, 399, 85, 95, 6, 113, 277, 289, 316, 313, 215, 507, 462, 36, 196, 213, 175, 236, 151, 244, 251, 229, 238, 294, 267, 23, 177, 37, 181, 67, 404, 179, 218, 69, 66, 101, 344, 382, 188]
[322, 192, 148, 147, 321, 57, 336, 2, 54, 280, 391, 287, 214, 281, 3, 10, 331]
[13, 130, 369, 242, 60, 184, 261, 59, 260, 347, 362, 477, 255, 14, 15, 345, 408, 466, 140, 243, 368, 343, 378, 154, 83, 318, 361, 301, 346, 197, 276, 43, 161, 488, 326, 265, 124, 241, 285, 394, 168, 46, 476, 91, 176, 498, 319, 139, 126, 335, 99, 259, 339, 298, 353, 381, 327, 94, 72, 351, 295, 174, 354, 376, 234, 63, 247, 386, 204, 123, 367, 200, 484, 89, 163, 195, 312, 388, 224, 78, 55, 426, 288, 249, 122, 395, 417, 77, 93, 58, 52, 375, 364, 18, 390, 49, 377, 489, 503, 159, 299, 45, 56, 51, 8, 342, 311, 258, 430, 21, 17, 150, 156, 84, 450, 119, 107, 334, 155, 240, 292, 194, 383, 320, 350, 481, 455, 129, 262, 446, 9, 421, 308, 286, 216, 338, 409, 19, 401, 109, 134, 221, 437, 118, 50, 142, 193, 349, 373, 226, 62, 396, 413, 106, 433, 444, 145, 53, 152, 232, 494, 419, 492, 137, 471, 131, 1, 146, 348, 132, 469, 500, 431, 81, 302, 428, 80, 187, 412, 442, 461, 454, 359, 275, 114, 144, 499, 32, 125, 254, 92, 257, 300, 96, 170, 340, 473, 41, 135, 472, 7, 268, 100, 227, 434, 415, 451, 31, 165, 39, 90, 493, 414, 459, 495, 270, 372, 42, 475, 141, 425, 485, 423, 35, 325, 64, 248, 429, 505, 256, 449, 79, 164, 456, 432, 171, 490, 465, 136, 457, 38, 445, 411, 20, 427, 464, 104, 239, 116, 504, 397, 269, 463, 317, 443, 392, 393, 406, 508]
[110, 133, 202, 467, 47, 266, 149, 115, 233]
Within-Region SSD: 783.4734490680767

k = 6
[230, 74, 407, 356, 365, 410, 314, 315, 399, 85, 95, 6, 113, 277, 289, 316, 313, 215, 507, 462, 36, 196, 213, 175, 236, 151, 244, 251, 229, 238, 294, 267, 23, 177, 37, 181, 67, 404, 179, 218, 69, 66, 101, 344, 382, 188]
[322, 192, 148, 147, 321, 57, 336, 2, 54, 280, 391, 287, 214, 281, 3, 10, 331]
[13, 130, 369, 242, 60, 184, 261, 59, 260, 347, 362, 477, 255, 14, 15, 345, 408, 466, 140, 243, 368, 343, 378, 154, 83, 318, 361, 301, 346, 197, 276, 43, 161, 488, 326, 265, 124, 241, 285, 394, 168, 46, 476, 91, 176, 498, 319, 139, 126, 335, 99, 259, 339, 298, 353, 381, 327, 94, 72, 351, 295, 174, 354, 376, 234, 63, 247, 386, 204, 123, 367, 200, 484, 89, 163, 195, 312, 388, 224, 78, 55, 426, 288, 249, 122, 395, 417, 77, 93, 58, 52, 375, 364, 18, 390, 49, 377, 489, 503, 159, 299, 45, 56, 51, 8, 342, 311, 258, 430, 21, 17, 150, 156, 84, 450, 119, 107, 334, 155, 240, 292, 194, 383, 320, 350, 481, 455, 129, 262, 446, 9, 421, 308, 286, 216, 338, 409, 19, 401, 109, 134, 221, 437, 118, 50, 142, 193, 349, 373, 226, 62, 396, 413, 106, 433, 444, 145, 53, 152, 232, 494, 419, 492, 137, 471, 131, 1, 146, 348, 132, 469, 500, 431, 81, 302, 428, 80, 187, 412, 442, 461, 454, 359, 275, 114, 144, 499, 32, 125, 254, 92, 257, 300, 96, 170, 340, 473, 41, 135, 472, 7, 268, 100, 227, 434, 415, 451, 31, 165, 39, 90, 493, 414, 459, 495, 270, 372, 42, 475, 141, 425, 485, 423, 35, 325, 64, 248, 429, 505, 256, 449, 79, 164, 456, 432, 171, 490, 465, 136, 457, 38, 445, 411, 20, 427, 464, 104, 239, 116, 504, 397, 269, 463, 317, 443, 392, 393, 406, 508]
[110, 133, 202, 467, 47, 266, 149, 115, 233]
[4, 211, 416, 34, 341, 422, 305, 263, 387, 291, 162, 458, 220, 98, 22, 222, 278, 307, 182, 24, 283, 143, 186, 117, 25, 208, 138, 337, 304, 273, 209, 180, 330, 160, 201, 271, 309, 158, 223, 435, 190, 357, 352, 358, 360, 103, 282, 189, 253, 26, 290, 212, 235, 324, 420, 173, 76, 264, 128, 120, 231, 452, 228, 167, 384, 219, 402, 329, 237, 86, 439, 453, 501, 385, 225, 191, 207, 355, 497, 447, 153, 27, 245, 178, 366, 246, 82, 185, 274, 478, 479, 474, 303, 470, 127, 486, 75, 157, 183, 491, 440, 33, 166, 480, 436, 297, 111]
[506, 424, 217, 121, 70, 418, 333, 48, 284, 374]
Within-Region SSD: 726.8269996711617

k = 7
[230, 74, 407, 356, 365, 410, 314, 315, 399, 85, 95, 6, 113, 277, 289, 316, 313, 215, 507, 462, 36, 196, 213, 175, 236, 151, 244, 251, 229, 238, 294, 267, 23, 177, 37, 181, 67, 404, 179, 218, 69, 66, 101, 344, 382, 188]
[322, 192, 148, 147, 321, 57, 336, 2, 54, 280, 391, 287, 214, 281, 3, 10, 331]
[110, 133, 202, 467, 47, 266, 149, 115, 233]
[4, 211, 416, 34, 341, 422, 305, 263, 387, 291, 162, 458, 220, 98, 22, 222, 278, 307, 182, 24, 283, 143, 186, 117, 25, 208, 138, 337, 304, 273, 209, 180, 330, 160, 201, 271, 309, 158, 223, 435, 190, 357, 352, 358, 360, 103, 282, 189, 253, 26, 290, 212, 235, 324, 420, 173, 76, 264, 128, 120, 231, 452, 228, 167, 384, 219, 402, 329, 237, 86, 439, 453, 501, 385, 225, 191, 207, 355, 497, 447, 153, 27, 245, 178, 366, 246, 82, 185, 274, 478, 479, 474, 303, 470, 127, 486, 75, 157, 183, 491, 440, 33, 166, 480, 436, 297, 111]
[506, 424, 217, 121, 70, 418, 333, 48, 284, 374]
[13, 130, 369, 242, 60, 184, 261, 59, 260, 347, 362, 477, 255, 14, 15, 345, 408, 466, 140, 243, 368, 343, 378, 154, 83, 318, 361, 301, 346, 197, 276, 43, 161, 488, 326, 265, 124, 241, 285, 394, 168, 46, 476, 91, 176, 498, 319, 139, 126, 335, 99, 259, 339, 298, 353, 381, 327, 94, 72, 351, 295, 174, 354, 376, 234, 63, 247, 386, 204, 123, 367, 200, 484, 89, 163, 195, 312, 388, 224, 78, 55, 426, 288, 249, 122, 395, 417, 77, 93, 52, 375, 364, 18, 390, 49, 377, 489, 503, 159, 299, 45, 51, 8, 342, 311, 258, 430, 21, 17, 150, 156, 84, 450, 119, 334, 155, 240, 292, 194, 383, 320, 350, 481, 455, 129, 262, 446, 308, 286, 216, 338, 409, 19, 401, 109, 134, 221, 437, 118, 142, 193, 349, 373, 226, 62, 396, 413, 106, 433, 444, 145, 152, 232, 494, 419, 492, 137, 471, 131, 146, 348, 132, 469, 500, 431, 81, 302, 428, 80, 187, 412, 442, 461, 454, 359, 275, 114, 144, 499, 32, 125, 254, 92, 257, 300, 96, 170, 340, 473, 41, 135, 472, 7, 268, 100, 227, 434, 415, 451, 31, 165, 39, 90, 493, 414, 459, 495, 270, 372, 42, 475, 141, 425, 485, 423, 35, 325, 64, 248, 429, 505, 256, 449, 79, 164, 456, 432, 171, 490, 465, 136, 457, 38, 445, 411, 20, 427, 464, 104, 239, 116, 504, 397, 269, 463, 317, 443, 392, 393, 406, 508]
[58, 56, 107, 9, 421, 50, 53, 1]
Within-Region SSD: 671.7913507610126

k = 8
[230, 74, 407, 356, 365, 410, 314, 315, 399, 85, 95, 6, 113, 277, 289, 316, 313, 215, 507, 462, 36, 196, 213, 175, 236, 151, 244, 251, 229, 238, 294, 267, 23, 177, 37, 181, 67, 404, 179, 218, 69, 66, 101, 344, 382, 188]
[322, 192, 148, 147, 321, 57, 336, 2, 54, 280, 391, 287, 214, 281, 3, 10, 331]
[110, 133, 202, 467, 47, 266, 149, 115, 233]
[4, 211, 416, 34, 341, 422, 305, 263, 387, 291, 162, 458, 220, 98, 22, 222, 278, 307, 182, 24, 283, 143, 186, 117, 25, 208, 138, 337, 304, 273, 209, 180, 330, 160, 201, 271, 309, 158, 223, 435, 190, 357, 352, 358, 360, 103, 282, 189, 253, 26, 290, 212, 235, 324, 420, 173, 76, 264, 128, 120, 231, 452, 228, 167, 384, 219, 402, 329, 237, 86, 439, 453, 501, 385, 225, 191, 207, 355, 497, 447, 153, 27, 245, 178, 366, 246, 82, 185, 274, 478, 479, 474, 303, 470, 127, 486, 75, 157, 183, 491, 440, 33, 166, 480, 436, 297, 111]
[506, 424, 217, 121, 70, 418, 333, 48, 284, 374]
[58, 56, 107, 9, 421, 50, 53, 1]
[13, 130, 369, 242, 60, 184, 261, 59, 260, 347, 362, 477, 255, 14, 15, 345, 408, 466, 140, 243, 368, 343, 378, 154, 83, 318, 361, 301, 346, 197, 276, 43, 161, 488, 326, 265, 124, 241, 285, 394, 168, 46, 476, 91, 176, 498, 319, 139, 126, 335, 99, 259, 339, 298]
[353, 381, 327, 94, 72, 351, 295, 174, 354, 376, 234, 63, 247, 386, 204, 123, 367, 200, 484, 89, 163, 195, 312, 388, 224, 78, 55, 426, 288, 249, 122, 395, 417, 77, 93, 52, 375, 364, 18, 390, 49, 377, 489, 503, 159, 299, 45, 51, 8, 342, 311, 258, 430, 21, 17, 150, 156, 84, 450, 119, 334, 155, 240, 292, 194, 383, 320, 350, 481, 455, 129, 262, 446, 308, 286, 216, 338, 409, 19, 401, 109, 134, 221, 437, 118, 142, 193, 349, 373, 226, 62, 396, 413, 106, 433, 444, 145, 152, 232, 494, 419, 492, 137, 471, 131, 146, 348, 132, 469, 500, 431, 81, 302, 428, 80, 187, 412, 442, 461, 454, 359, 275, 114, 144, 499, 32, 125, 254, 92, 257, 300, 96, 170, 340, 473, 41, 135, 472, 7, 268, 100, 227, 434, 415, 451, 31, 165, 39, 90, 493, 414, 459, 495, 270, 372, 42, 475, 141, 425, 485, 423, 35, 325, 64, 248, 429, 505, 256, 449, 79, 164, 456, 432, 171, 490, 465, 136, 457, 38, 445, 411, 20, 427, 464, 104, 239, 116, 504, 397, 269, 463, 317, 443, 392, 393, 406, 508]
Within-Region SSD: 627.401596748299

k = 9
[230, 74, 407, 356, 365, 410, 314, 315, 399, 85, 95, 6, 113, 277, 289, 316, 313, 215, 507, 462, 36, 196, 213, 175, 236, 151, 244, 251, 229, 238, 294, 267, 23, 177, 37, 181, 67, 404, 179, 218, 69, 66, 101, 344, 382, 188]
[322, 192, 148, 147, 321, 57, 336, 2, 54, 280, 391, 287, 214, 281, 3, 10, 331]
[110, 133, 202, 467, 47, 266, 149, 115, 233]
[506, 424, 217, 121, 70, 418, 333, 48, 284, 374]
[58, 56, 107, 9, 421, 50, 53, 1]
[13, 130, 369, 242, 60, 184, 261, 59, 260, 347, 362, 477, 255, 14, 15, 345, 408, 466, 140, 243, 368, 343, 378, 154, 83, 318, 361, 301, 346, 197, 276, 43, 161, 488, 326, 265, 124, 241, 285, 394, 168, 46, 476, 91, 176, 498, 319, 139, 126, 335, 99, 259, 339, 298]
[353, 381, 327, 94, 72, 351, 295, 174, 354, 376, 234, 63, 247, 386, 204, 123, 367, 200, 484, 89, 163, 195, 312, 388, 224, 78, 55, 426, 288, 249, 122, 395, 417, 77, 93, 52, 375, 364, 18, 390, 49, 377, 489, 503, 159, 299, 45, 51, 8, 342, 311, 258, 430, 21, 17, 150, 156, 84, 450, 119, 334, 155, 240, 292, 194, 383, 320, 350, 481, 455, 129, 262, 446, 308, 286, 216, 338, 409, 19, 401, 109, 134, 221, 437, 118, 142, 193, 349, 373, 226, 62, 396, 413, 106, 433, 444, 145, 152, 232, 494, 419, 492, 137, 471, 131, 146, 348, 132, 469, 500, 431, 81, 302, 428, 80, 187, 412, 442, 461, 454, 359, 275, 114, 144, 499, 32, 125, 254, 92, 257, 300, 96, 170, 340, 473, 41, 135, 472, 7, 268, 100, 227, 434, 415, 451, 31, 165, 39, 90, 493, 414, 459, 495, 270, 372, 42, 475, 141, 425, 485, 423, 35, 325, 64, 248, 429, 505, 256, 449, 79, 164, 456, 432, 171, 490, 465, 136, 457, 38, 445, 411, 20, 427, 464, 104, 239, 116, 504, 397, 269, 463, 317, 443, 392, 393, 406, 508]
[4, 211, 416, 34, 341, 422, 305, 263, 387, 291, 162, 458, 220, 98, 222, 278, 307, 182, 186, 117, 25, 208, 304, 273, 209, 180, 201, 271, 309, 158, 223, 435, 357, 352, 358, 360, 282, 189, 253, 290, 212, 235, 324, 420, 173, 76, 264, 128, 120, 231, 452, 228, 167, 384, 219, 402, 329, 237, 86, 439, 453, 501, 385, 225, 191, 207, 355, 497, 447, 153, 27, 245, 178, 366, 246, 82, 185, 274, 478, 479, 474, 303, 470, 127, 486, 75, 157, 183, 491, 440, 33, 166, 480, 436, 297, 111]
[22, 24, 283, 143, 138, 337, 330, 160, 190, 103, 26]
Within-Region SSD: 596.2876683285871

k = 10
[230, 74, 407, 356, 365, 410, 314, 315, 399, 85, 95, 6, 113, 277, 289, 316, 313, 215, 507, 462, 36, 196, 213, 175, 236, 151, 244, 251, 229, 238, 294, 267, 23, 177, 37, 181, 67, 404, 179, 218, 69, 66, 101, 344, 382, 188]
[322, 192, 148, 147, 321, 57, 336, 2, 54, 280, 391, 287, 214, 281, 3, 10, 331]
[110, 133, 202, 467, 47, 266, 149, 115, 233]
[506, 424, 217, 121, 70, 418, 333, 48, 284, 374]
[58, 56, 107, 9, 421, 50, 53, 1]
[13, 130, 369, 242, 60, 184, 261, 59, 260, 347, 362, 477, 255, 14, 15, 345, 408, 466, 140, 243, 368, 343, 378, 154, 83, 318, 361, 301, 346, 197, 276, 43, 161, 488, 326, 265, 124, 241, 285, 394, 168, 46, 476, 91, 176, 498, 319, 139, 126, 335, 99, 259, 339, 298]
[4, 211, 416, 34, 341, 422, 305, 263, 387, 291, 162, 458, 220, 98, 222, 278, 307, 182, 186, 117, 25, 208, 304, 273, 209, 180, 201, 271, 309, 158, 223, 435, 357, 352, 358, 360, 282, 189, 253, 290, 212, 235, 324, 420, 173, 76, 264, 128, 120, 231, 452, 228, 167, 384, 219, 402, 329, 237, 86, 439, 453, 501, 385, 225, 191, 207, 355, 497, 447, 153, 27, 245, 178, 366, 246, 82, 185, 274, 478, 479, 474, 303, 470, 127, 486, 75, 157, 183, 491, 440, 33, 166, 480, 436, 297, 111]
[22, 24, 283, 143, 138, 337, 330, 160, 190, 103, 26]
[353, 381, 327, 94, 72, 351, 295, 174, 354, 376, 234, 63, 247, 386, 204, 123, 367, 200, 484, 89, 163, 195, 312, 224, 78, 55, 426, 288, 249, 417, 77, 93, 52, 375, 364, 377, 489, 503, 159, 299, 45, 51, 8, 342, 311, 258, 430, 156, 84, 450, 119, 334, 155, 240, 292, 194, 383, 320, 350, 129, 262, 446, 308, 286, 216, 338, 134, 221, 437, 118, 142, 193, 349, 373, 226, 433, 444, 145, 152, 232, 494, 419, 492, 137, 471, 131, 146, 348, 132, 469, 500, 431, 81, 302, 428, 80, 187, 412, 442, 461, 454, 359, 275, 114, 144, 499, 32, 125, 254, 92, 257, 300, 96, 170, 340, 473, 41, 135, 472, 7, 268, 100, 227, 434, 415, 451, 31, 165, 39, 90, 493, 414, 459, 495, 270, 372, 42, 475, 141, 425, 485, 423, 35, 325, 64, 248, 429, 505, 256, 449, 79, 164, 456, 432, 171, 490, 465, 136, 457, 38, 445, 411, 20, 427, 464, 104, 239, 116, 504, 397, 269, 463, 317, 443, 392, 393, 406, 508]
[388, 122, 395, 18, 390, 49, 21, 17, 150, 481, 455, 409, 19, 401, 109, 62, 396, 413, 106]
Within-Region SSD: 570.4628267516474

k = 11
[230, 74, 407, 356, 365, 410, 314, 315, 399, 85, 95, 6, 113, 277, 289, 316, 313, 215, 507, 462, 36, 196, 213, 175, 236, 151, 244, 251, 229, 238, 294, 267, 23, 177, 37, 181, 67, 404, 179, 218, 69, 66, 101, 344, 382, 188]
[322, 192, 148, 147, 321, 57, 336, 2, 54, 280, 391, 287, 214, 281, 3, 10, 331]
[110, 133, 202, 467, 47, 266, 149, 115, 233]
[506, 424, 217, 121, 70, 418, 333, 48, 284, 374]
[58, 56, 107, 9, 421, 50, 53, 1]
[13, 130, 369, 242, 60, 184, 261, 59, 260, 347, 362, 477, 255, 14, 15, 345, 408, 466, 140, 243, 368, 343, 378, 154, 83, 318, 361, 301, 346, 197, 276, 43, 161, 488, 326, 265, 124, 241, 285, 394, 168, 46, 476, 91, 176, 498, 319, 139, 126, 335, 99, 259, 339, 298]
[4, 211, 416, 34, 341, 422, 305, 263, 387, 291, 162, 458, 220, 98, 222, 278, 307, 182, 186, 117, 25, 208, 304, 273, 209, 180, 201, 271, 309, 158, 223, 435, 357, 352, 358, 360, 282, 189, 253, 290, 212, 235, 324, 420, 173, 76, 264, 128, 120, 231, 452, 228, 167, 384, 219, 402, 329, 237, 86, 439, 453, 501, 385, 225, 191, 207, 355, 497, 447, 153, 27, 245, 178, 366, 246, 82, 185, 274, 478, 479, 474, 303, 470, 127, 486, 75, 157, 183, 491, 440, 33, 166, 480, 436, 297, 111]
[22, 24, 283, 143, 138, 337, 330, 160, 190, 103, 26]
[388, 122, 395, 18, 390, 49, 21, 17, 150, 481, 455, 409, 19, 401, 109, 62, 396, 413, 106]
[353, 381, 327, 94, 72, 351, 295, 174, 354, 376, 234, 63, 247, 386, 204, 123, 367, 200, 484, 89, 163, 195, 312, 224, 78, 55, 426, 288, 249, 417, 77, 93, 52, 375, 364, 377, 489, 503, 159, 299, 45, 51, 8, 342, 311, 258, 430, 156, 84, 450, 119, 334, 155, 240, 292, 194, 383, 320, 350, 129, 262, 446, 308, 286, 216, 338, 134, 221, 437, 118, 142, 193, 349, 373, 226, 433, 444, 145, 152, 232, 494, 419, 492, 137, 471, 131, 146, 348, 132, 469, 500, 431, 81, 302, 428, 80, 187, 412, 442, 461, 454, 359, 275, 114, 499, 32, 125, 254, 92, 257, 300, 340, 473, 41, 135, 472, 7, 268, 227, 434, 415, 451, 31, 165, 90, 493, 414, 459, 495, 270, 372, 42, 141, 425, 485, 423, 35, 325, 64, 248, 505, 256, 449, 79, 164, 456, 432, 171, 490, 465, 136, 38, 445, 411, 20, 427, 464, 104, 239, 116, 504, 397, 269, 463, 317, 443, 392, 393, 406, 508]
[144, 96, 170, 100, 39, 475, 429, 457]
Within-Region SSD: 551.5451135989734

k = 12
[230, 74, 407, 356, 365, 410, 314, 315, 399, 85, 95, 6, 113, 277, 289, 316, 313, 215, 507, 462, 36, 196, 213, 175, 236, 151, 244, 251, 229, 238, 294, 267, 23, 177, 37, 181, 67, 404, 179, 218, 69, 66, 101, 344, 382, 188]
[322, 192, 148, 147, 321, 57, 336, 2, 54, 280, 391, 287, 214, 281, 3, 10, 331]
[110, 133, 202, 467, 47, 266, 149, 115, 233]
[506, 424, 217, 121, 70, 418, 333, 48, 284, 374]
[58, 56, 107, 9, 421, 50, 53, 1]
[13, 130, 369, 242, 60, 184, 261, 59, 260, 347, 362, 477, 255, 14, 15, 345, 408, 466, 140, 243, 368, 343, 378, 154, 83, 318, 361, 301, 346, 197, 276, 43, 161, 488, 326, 265, 124, 241, 285, 394, 168, 46, 476, 91, 176, 498, 319, 139, 126, 335, 99, 259, 339, 298]
[22, 24, 283, 143, 138, 337, 330, 160, 190, 103, 26]
[388, 122, 395, 18, 390, 49, 21, 17, 150, 481, 455, 409, 19, 401, 109, 62, 396, 413, 106]
[353, 381, 327, 94, 72, 351, 295, 174, 354, 376, 234, 63, 247, 386, 204, 123, 367, 200, 484, 89, 163, 195, 312, 224, 78, 55, 426, 288, 249, 417, 77, 93, 52, 375, 364, 377, 489, 503, 159, 299, 45, 51, 8, 342, 311, 258, 430, 156, 84, 450, 119, 334, 155, 240, 292, 194, 383, 320, 350, 129, 262, 446, 308, 286, 216, 338, 134, 221, 437, 118, 142, 193, 349, 373, 226, 433, 444, 145, 152, 232, 494, 419, 492, 137, 471, 131, 146, 348, 132, 469, 500, 431, 81, 302, 428, 80, 187, 412, 442, 461, 454, 359, 275, 114, 499, 32, 125, 254, 92, 257, 300, 340, 473, 41, 135, 472, 7, 268, 227, 434, 415, 451, 31, 165, 90, 493, 414, 459, 495, 270, 372, 42, 141, 425, 485, 423, 35, 325, 64, 248, 505, 256, 449, 79, 164, 456, 432, 171, 490, 465, 136, 38, 445, 411, 20, 427, 464, 104, 239, 116, 504, 397, 269, 463, 317, 443, 392, 393, 406, 508]
[144, 96, 170, 100, 39, 475, 429, 457]
[4, 211, 416, 34, 341, 422, 305, 263, 387, 291, 162, 458, 220, 98, 222, 278, 307, 182, 186, 117, 25, 208, 304, 273, 209, 180, 201, 271, 309, 158, 223, 435, 357, 352, 358, 360, 282, 189, 253, 290, 212, 235, 324, 420, 173, 76, 264, 128, 120, 231, 452, 228, 167, 384, 219, 402, 329, 237, 86, 439, 453, 501, 385, 225, 191, 207, 355, 497, 447, 153, 27, 245, 178, 366, 246, 82, 185, 274, 478, 479, 474, 303, 470, 486, 75, 491]
[127, 157, 183, 440, 33, 166, 480, 436, 297, 111]
Within-Region SSD: 538.1911891803686

k = 13
[230, 74, 407, 356, 365, 410, 314, 315, 399, 85, 95, 6, 113, 277, 289, 316, 313, 215, 507, 462, 36, 196, 213, 175, 236, 151, 244, 251, 229, 238, 294, 267, 23, 177, 37, 181, 67, 404, 179, 218, 69, 66, 101, 344, 382, 188]
[322, 192, 148, 147, 321, 57, 336, 2, 54, 280, 391, 287, 214, 281, 3, 10, 331]
[110, 133, 202, 467, 47, 266, 149, 115, 233]
[506, 424, 217, 121, 70, 418, 333, 48, 284, 374]
[58, 56, 107, 9, 421, 50, 53, 1]
[13, 130, 369, 242, 60, 184, 261, 59, 260, 347, 362, 477, 255, 14, 15, 345, 408, 466, 140, 243, 368, 343, 378, 154, 83, 318, 361, 301, 346, 197, 276, 43, 161, 488, 326, 265, 124, 241, 285, 394, 168, 46, 476, 91, 176, 498, 319, 139, 126, 335, 99, 259, 339, 298]
[22, 24, 283, 143, 138, 337, 330, 160, 190, 103, 26]
[388, 122, 395, 18, 390, 49, 21, 17, 150, 481, 455, 409, 19, 401, 109, 62, 396, 413, 106]
[353, 381, 327, 94, 72, 351, 295, 174, 354, 376, 234, 63, 247, 386, 204, 123, 367, 200, 484, 89, 163, 195, 312, 224, 78, 55, 426, 288, 249, 417, 77, 93, 52, 375, 364, 377, 489, 503, 159, 299, 45, 51, 8, 342, 311, 258, 430, 156, 84, 450, 119, 334, 155, 240, 292, 194, 383, 320, 350, 129, 262, 446, 308, 286, 216, 338, 134, 221, 437, 118, 142, 193, 349, 373, 226, 433, 444, 145, 152, 232, 494, 419, 492, 137, 471, 131, 146, 348, 132, 469, 500, 431, 81, 302, 428, 80, 187, 412, 442, 461, 454, 359, 275, 114, 499, 32, 125, 254, 92, 257, 300, 340, 473, 41, 135, 472, 7, 268, 227, 434, 415, 451, 31, 165, 90, 493, 414, 459, 495, 270, 372, 42, 141, 425, 485, 423, 35, 325, 64, 248, 505, 256, 449, 79, 164, 456, 432, 171, 490, 465, 136, 38, 445, 411, 20, 427, 464, 104, 239, 116, 504, 397, 269, 463, 317, 443, 392, 393, 406, 508]
[144, 96, 170, 100, 39, 475, 429, 457]
[127, 157, 183, 440, 33, 166, 480, 436, 297, 111]
[4, 211, 416, 34, 341, 422, 305, 263, 387, 291, 162, 458, 220, 98, 222, 278, 307, 182, 186, 117, 25, 208, 304, 273, 209, 180, 201, 271, 309, 158, 223, 435, 357, 352, 358, 360, 282, 189, 253, 290, 212, 235, 324, 420, 173, 76, 264, 128, 120, 231, 452, 228, 167, 384, 219, 402, 329, 237, 86, 439, 453, 501, 385, 225, 191, 207, 497, 447, 153, 27]
[355, 245, 178, 366, 246, 82, 185, 274, 478, 479, 474, 303, 470, 486, 75, 491]
Within-Region SSD: 526.2602921704023

k = 14
[230, 74, 407, 356, 365, 410, 314, 315, 399, 85, 95, 6, 113, 277, 289, 316, 313, 215, 507, 462, 36, 196, 213, 175, 236, 151, 244, 251, 229, 238, 294, 267, 23, 177, 37, 181, 67, 404, 179, 218, 69, 66, 101, 344, 382, 188]
[322, 192, 148, 147, 321, 57, 336, 2, 54, 280, 391, 287, 214, 281, 3, 10, 331]
[110, 133, 202, 467, 47, 266, 149, 115, 233]
[506, 424, 217, 121, 70, 418, 333, 48, 284, 374]
[58, 56, 107, 9, 421, 50, 53, 1]
[13, 130, 369, 242, 60, 184, 261, 59, 260, 347, 362, 477, 255, 14, 15, 345, 408, 466, 140, 243, 368, 343, 378, 154, 83, 318, 361, 301, 346, 197, 276, 43, 161, 488, 326, 265, 124, 241, 285, 394, 168, 46, 476, 91, 176, 498, 319, 139, 126, 335, 99, 259, 339, 298]
[22, 24, 283, 143, 138, 337, 330, 160, 190, 103, 26]
[388, 122, 395, 18, 390, 49, 21, 17, 150, 481, 455, 409, 19, 401, 109, 62, 396, 413, 106]
[353, 381, 327, 94, 72, 351, 295, 174, 354, 376, 234, 63, 247, 386, 204, 123, 367, 200, 484, 89, 163, 195, 312, 224, 78, 55, 426, 288, 249, 417, 77, 93, 52, 375, 364, 377, 489, 503, 159, 299, 45, 51, 8, 342, 311, 258, 430, 156, 84, 450, 119, 334, 155, 240, 292, 194, 383, 320, 350, 129, 262, 446, 308, 286, 216, 338, 134, 221, 437, 118, 142, 193, 349, 373, 226, 433, 444, 145, 152, 232, 494, 419, 492, 137, 471, 131, 146, 348, 132, 469, 500, 431, 81, 302, 428, 80, 187, 412, 442, 461, 454, 359, 275, 114, 499, 32, 125, 254, 92, 257, 300, 340, 473, 41, 135, 472, 7, 268, 227, 434, 415, 451, 31, 165, 90, 493, 414, 459, 495, 270, 372, 42, 141, 425, 485, 423, 35, 325, 64, 248, 505, 256, 449, 79, 164, 456, 432, 171, 490, 465, 136, 38, 445, 411, 20, 427, 464, 104, 239, 116, 504, 397, 269, 463, 317, 443, 392, 393, 406, 508]
[144, 96, 170, 100, 39, 475, 429, 457]
[127, 157, 183, 440, 33, 166, 480, 436, 297, 111]
[355, 245, 178, 366, 246, 82, 185, 274, 478, 479, 474, 303, 470, 486, 75, 491]
[4, 211, 416, 341, 422, 305, 387, 458, 307]
[34, 263, 291, 162, 220, 98, 222, 278, 182, 186, 117, 25, 208, 304, 273, 209, 180, 201, 271, 309, 158, 223, 435, 357, 352, 358, 360, 282, 189, 253, 290, 212, 235, 324, 420, 173, 76, 264, 128, 120, 231, 452, 228, 167, 384, 219, 402, 329, 237, 86, 439, 453, 501, 385, 225, 191, 207, 497, 447, 153, 27]
Within-Region SSD: 513.216732451432

k = 15
[230, 74, 407, 356, 365, 410, 314, 315, 399, 85, 95, 6, 113, 277, 289, 316, 313, 215, 507, 462, 36, 196, 213, 175, 236, 151, 244, 251, 229, 238, 294, 267, 23, 177, 37, 181, 67, 404, 179, 218, 69, 66, 101, 344, 382, 188]
[322, 192, 148, 147, 321, 57, 336, 2, 54, 280, 391, 287, 214, 281, 3, 10, 331]
[110, 133, 202, 467, 47, 266, 149, 115, 233]
[506, 424, 217, 121, 70, 418, 333, 48, 284, 374]
[58, 56, 107, 9, 421, 50, 53, 1]
[13, 130, 369, 242, 60, 184, 261, 59, 260, 347, 362, 477, 255, 14, 15, 345, 408, 466, 140, 243, 368, 343, 378, 154, 83, 318, 361, 301, 346, 197, 276, 43, 161, 488, 326, 265, 124, 241, 285, 394, 168, 46, 476, 91, 176, 498, 319, 139, 126, 335, 99, 259, 339, 298]
[22, 24, 283, 143, 138, 337, 330, 160, 190, 103, 26]
[388, 122, 395, 18, 390, 49, 21, 17, 150, 481, 455, 409, 19, 401, 109, 62, 396, 413, 106]
[144, 96, 170, 100, 39, 475, 429, 457]
[127, 157, 183, 440, 33, 166, 480, 436, 297, 111]
[355, 245, 178, 366, 246, 82, 185, 274, 478, 479, 474, 303, 470, 486, 75, 491]
[4, 211, 416, 341, 422, 305, 387, 458, 307]
[34, 263, 291, 162, 220, 98, 222, 278, 182, 186, 117, 25, 208, 304, 273, 209, 180, 201, 271, 309, 158, 223, 435, 357, 352, 358, 360, 282, 189, 253, 290, 212, 235, 324, 420, 173, 76, 264, 128, 120, 231, 452, 228, 167, 384, 219, 402, 329, 237, 86, 439, 453, 501, 385, 225, 191, 207, 497, 447, 153, 27]
[353, 381, 327, 94, 72, 351, 295, 174, 354, 376, 234, 63, 247, 386, 204, 123, 367, 200, 484, 89, 163, 195, 312, 224, 78, 55, 426, 288, 249, 417, 77, 93, 52, 375, 364, 377, 489, 503, 159, 299, 45, 51, 8, 342, 311, 258, 430, 156, 84, 450, 119, 334, 155, 240, 292, 194, 383, 320, 350, 129, 262, 446, 308, 286, 216, 338, 134, 221, 437, 118, 142, 193, 349, 373, 226, 433, 444, 145, 152, 232, 494, 419, 492, 137, 471, 131, 146, 348, 132, 469, 500, 431, 81, 302, 428, 80, 187, 412, 442, 461, 454, 359, 275, 114, 499, 32, 125, 254, 92, 257, 300, 340, 473, 41, 135, 472, 7, 268, 227, 434, 451, 31, 165, 90, 459, 495, 270, 372, 42, 35, 325, 64, 248, 432, 171, 490, 465, 136, 445, 411, 20, 427, 464, 104, 239, 504, 397, 269, 463, 317, 443, 392, 393, 406, 508]
[415, 493, 414, 141, 425, 485, 423, 505, 256, 449, 79, 164, 456, 38, 116]
Within-Region SSD: 502.05923719526163

k = 16
[322, 192, 148, 147, 321, 57, 336, 2, 54, 280, 391, 287, 214, 281, 3, 10, 331]
[110, 133, 202, 467, 47, 266, 149, 115, 233]
[506, 424, 217, 121, 70, 418, 333, 48, 284, 374]
[58, 56, 107, 9, 421, 50, 53, 1]
[13, 130, 369, 242, 60, 184, 261, 59, 260, 347, 362, 477, 255, 14, 15, 345, 408, 466, 140, 243, 368, 343, 378, 154, 83, 318, 361, 301, 346, 197, 276, 43, 161, 488, 326, 265, 124, 241, 285, 394, 168, 46, 476, 91, 176, 498, 319, 139, 126, 335, 99, 259, 339, 298]
[22, 24, 283, 143, 138, 337, 330, 160, 190, 103, 26]
[388, 122, 395, 18, 390, 49, 21, 17, 150, 481, 455, 409, 19, 401, 109, 62, 396, 413, 106]
[144, 96, 170, 100, 39, 475, 429, 457]
[127, 157, 183, 440, 33, 166, 480, 436, 297, 111]
[355, 245, 178, 366, 246, 82, 185, 274, 478, 479, 474, 303, 470, 486, 75, 491]
[4, 211, 416, 341, 422, 305, 387, 458, 307]
[34, 263, 291, 162, 220, 98, 222, 278, 182, 186, 117, 25, 208, 304, 273, 209, 180, 201, 271, 309, 158, 223, 435, 357, 352, 358, 360, 282, 189, 253, 290, 212, 235, 324, 420, 173, 76, 264, 128, 120, 231, 452, 228, 167, 384, 219, 402, 329, 237, 86, 439, 453, 501, 385, 225, 191, 207, 497, 447, 153, 27]
[353, 381, 327, 94, 72, 351, 295, 174, 354, 376, 234, 63, 247, 386, 204, 123, 367, 200, 484, 89, 163, 195, 312, 224, 78, 55, 426, 288, 249, 417, 77, 93, 52, 375, 364, 377, 489, 503, 159, 299, 45, 51, 8, 342, 311, 258, 430, 156, 84, 450, 119, 334, 155, 240, 292, 194, 383, 320, 350, 129, 262, 446, 308, 286, 216, 338, 134, 221, 437, 118, 142, 193, 349, 373, 226, 433, 444, 145, 152, 232, 494, 419, 492, 137, 471, 131, 146, 348, 132, 469, 500, 431, 81, 302, 428, 80, 187, 412, 442, 461, 454, 359, 275, 114, 499, 32, 125, 254, 92, 257, 300, 340, 473, 41, 135, 472, 7, 268, 227, 434, 451, 31, 165, 90, 459, 495, 270, 372, 42, 35, 325, 64, 248, 432, 171, 490, 465, 136, 445, 411, 20, 427, 464, 104, 239, 504, 397, 269, 463, 317, 443, 392, 393, 406, 508]
[415, 493, 414, 141, 425, 485, 423, 505, 256, 449, 79, 164, 456, 38, 116]
[230, 74, 407, 356, 365, 410, 314, 315, 399, 85, 95, 6, 113, 277, 289, 316, 313, 215, 507, 462, 36, 213, 175, 244, 251, 23, 67, 69, 66, 101]
[196, 236, 151, 229, 238, 294, 267, 177, 37, 181, 404, 179, 218, 344, 382, 188]
Within-Region SSD: 493.05036038366785

k = 17
[322, 192, 148, 147, 321, 57, 336, 2, 54, 280, 391, 287, 214, 281, 3, 10, 331]
[110, 133, 202, 467, 47, 266, 149, 115, 233]
[506, 424, 217, 121, 70, 418, 333, 48, 284, 374]
[58, 56, 107, 9, 421, 50, 53, 1]
[22, 24, 283, 143, 138, 337, 330, 160, 190, 103, 26]
[388, 122, 395, 18, 390, 49, 21, 17, 150, 481, 455, 409, 19, 401, 109, 62, 396, 413, 106]
[144, 96, 170, 100, 39, 475, 429, 457]
[127, 157, 183, 440, 33, 166, 480, 436, 297, 111]
[355, 245, 178, 366, 246, 82, 185, 274, 478, 479, 474, 303, 470, 486, 75, 491]
[4, 211, 416, 341, 422, 305, 387, 458, 307]
[34, 263, 291, 162, 220, 98, 222, 278, 182, 186, 117, 25, 208, 304, 273, 209, 180, 201, 271, 309, 158, 223, 435, 357, 352, 358, 360, 282, 189, 253, 290, 212, 235, 324, 420, 173, 76, 264, 128, 120, 231, 452, 228, 167, 384, 219, 402, 329, 237, 86, 439, 453, 501, 385, 225, 191, 207, 497, 447, 153, 27]
[353, 381, 327, 94, 72, 351, 295, 174, 354, 376, 234, 63, 247, 386, 204, 123, 367, 200, 484, 89, 163, 195, 312, 224, 78, 55, 426, 288, 249, 417, 77, 93, 52, 375, 364, 377, 489, 503, 159, 299, 45, 51, 8, 342, 311, 258, 430, 156, 84, 450, 119, 334, 155, 240, 292, 194, 383, 320, 350, 129, 262, 446, 308, 286, 216, 338, 134, 221, 437, 118, 142, 193, 349, 373, 226, 433, 444, 145, 152, 232, 494, 419, 492, 137, 471, 131, 146, 348, 132, 469, 500, 431, 81, 302, 428, 80, 187, 412, 442, 461, 454, 359, 275, 114, 499, 32, 125, 254, 92, 257, 300, 340, 473, 41, 135, 472, 7, 268, 227, 434, 451, 31, 165, 90, 459, 495, 270, 372, 42, 35, 325, 64, 248, 432, 171, 490, 465, 136, 445, 411, 20, 427, 464, 104, 239, 504, 397, 269, 463, 317, 443, 392, 393, 406, 508]
[415, 493, 414, 141, 425, 485, 423, 505, 256, 449, 79, 164, 456, 38, 116]
[230, 74, 407, 356, 365, 410, 314, 315, 399, 85, 95, 6, 113, 277, 289, 316, 313, 215, 507, 462, 36, 213, 175, 244, 251, 23, 67, 69, 66, 101]
[196, 236, 151, 229, 238, 294, 267, 177, 37, 181, 404, 179, 218, 344, 382, 188]
[13, 130, 369, 242, 60, 184, 261, 59, 260, 347, 362, 477, 255, 14, 15, 345, 408, 466, 140, 243, 368, 343, 154, 83]
[378, 318, 361, 301, 346, 197, 276, 43, 161, 488, 326, 265, 124, 241, 285, 394, 168, 46, 476, 91, 176, 498, 319, 139, 126, 335, 99, 259, 339, 298]
Within-Region SSD: 485.04202705033526

k = 18
[322, 192, 148, 147, 321, 57, 336, 2, 54, 280, 391, 287, 214, 281, 3, 10, 331]
[110, 133, 202, 467, 47, 266, 149, 115, 233]
[506, 424, 217, 121, 70, 418, 333, 48, 284, 374]
[58, 56, 107, 9, 421, 50, 53, 1]
[22, 24, 283, 143, 138, 337, 330, 160, 190, 103, 26]
[388, 122, 395, 18, 390, 49, 21, 17, 150, 481, 455, 409, 19, 401, 109, 62, 396, 413, 106]
[144, 96, 170, 100, 39, 475, 429, 457]
[127, 157, 183, 440, 33, 166, 480, 436, 297, 111]
[355, 245, 178, 366, 246, 82, 185, 274, 478, 479, 474, 303, 470, 486, 75, 491]
[4, 211, 416, 341, 422, 305, 387, 458, 307]
[34, 263, 291, 162, 220, 98, 222, 278, 182, 186, 117, 25, 208, 304, 273, 209, 180, 201, 271, 309, 158, 223, 435, 357, 352, 358, 360, 282, 189, 253, 290, 212, 235, 324, 420, 173, 76, 264, 128, 120, 231, 452, 228, 167, 384, 219, 402, 329, 237, 86, 439, 453, 501, 385, 225, 191, 207, 497, 447, 153, 27]
[353, 381, 327, 94, 72, 351, 295, 174, 354, 376, 234, 63, 247, 386, 204, 123, 367, 200, 484, 89, 163, 195, 312, 224, 78, 55, 426, 288, 249, 417, 77, 93, 52, 375, 364, 377, 489, 503, 159, 299, 45, 51, 8, 342, 311, 258, 430, 156, 84, 450, 119, 334, 155, 240, 292, 194, 383, 320, 350, 129, 262, 446, 308, 286, 216, 338, 134, 221, 437, 118, 142, 193, 349, 373, 226, 433, 444, 145, 152, 232, 494, 419, 492, 137, 471, 131, 146, 348, 132, 469, 500, 431, 81, 302, 428, 80, 187, 412, 442, 461, 454, 359, 275, 114, 499, 32, 125, 254, 92, 257, 300, 340, 473, 41, 135, 472, 7, 268, 227, 434, 451, 31, 165, 90, 459, 495, 270, 372, 42, 35, 325, 64, 248, 432, 171, 490, 465, 136, 445, 411, 20, 427, 464, 104, 239, 504, 397, 269, 463, 317, 443, 392, 393, 406, 508]
[415, 493, 414, 141, 425, 485, 423, 505, 256, 449, 79, 164, 456, 38, 116]
[230, 74, 407, 356, 365, 410, 314, 315, 399, 85, 95, 6, 113, 277, 289, 316, 313, 215, 507, 462, 36, 213, 175, 244, 251, 23, 67, 69, 66, 101]
[196, 236, 151, 229, 238, 294, 267, 177, 37, 181, 404, 179, 218, 344, 382, 188]
[378, 318, 361, 301, 346, 197, 276, 43, 161, 488, 326, 265, 124, 241, 285, 394, 168, 46, 476, 91, 176, 498, 319, 139, 126, 335, 99, 259, 339, 298]
[13, 130, 369, 242, 60, 184, 59, 362]
[261, 260, 347, 477, 255, 14, 15, 345, 408, 466, 140, 243, 368, 343, 154, 83]
Within-Region SSD: 479.7086937170022

k = 19
[322, 192, 148, 147, 321, 57, 336, 2, 54, 280, 391, 287, 214, 281, 3, 10, 331]
[110, 133, 202, 467, 47, 266, 149, 115, 233]
[506, 424, 217, 121, 70, 418, 333, 48, 284, 374]
[58, 56, 107, 9, 421, 50, 53, 1]
[22, 24, 283, 143, 138, 337, 330, 160, 190, 103, 26]
[388, 122, 395, 18, 390, 49, 21, 17, 150, 481, 455, 409, 19, 401, 109, 62, 396, 413, 106]
[144, 96, 170, 100, 39, 475, 429, 457]
[127, 157, 183, 440, 33, 166, 480, 436, 297, 111]
[355, 245, 178, 366, 246, 82, 185, 274, 478, 479, 474, 303, 470, 486, 75, 491]
[4, 211, 416, 341, 422, 305, 387, 458, 307]
[34, 263, 291, 162, 220, 98, 222, 278, 182, 186, 117, 25, 208, 304, 273, 209, 180, 201, 271, 309, 158, 223, 435, 357, 352, 358, 360, 282, 189, 253, 290, 212, 235, 324, 420, 173, 76, 264, 128, 120, 231, 452, 228, 167, 384, 219, 402, 329, 237, 86, 439, 453, 501, 385, 225, 191, 207, 497, 447, 153, 27]
[353, 381, 327, 94, 72, 351, 295, 174, 354, 376, 234, 63, 247, 386, 204, 123, 367, 200, 484, 89, 163, 195, 312, 224, 78, 55, 426, 288, 249, 417, 77, 93, 52, 375, 364, 377, 489, 503, 159, 299, 45, 51, 8, 342, 311, 258, 430, 156, 84, 450, 119, 334, 155, 240, 292, 194, 383, 320, 350, 129, 262, 446, 308, 286, 216, 338, 134, 221, 437, 118, 142, 193, 349, 373, 226, 433, 444, 145, 152, 232, 494, 419, 492, 137, 471, 131, 146, 348, 132, 469, 500, 431, 81, 302, 428, 80, 187, 412, 442, 461, 454, 359, 275, 114, 499, 32, 125, 254, 92, 257, 300, 340, 473, 41, 135, 472, 7, 268, 227, 434, 451, 31, 165, 90, 459, 495, 270, 372, 42, 35, 325, 64, 248, 432, 171, 490, 465, 136, 445, 411, 20, 427, 464, 104, 239, 504, 397, 269, 463, 317, 443, 392, 393, 406, 508]
[415, 493, 414, 141, 425, 485, 423, 505, 256, 449, 79, 164, 456, 38, 116]
[230, 74, 407, 356, 365, 410, 314, 315, 399, 85, 95, 6, 113, 277, 289, 316, 313, 215, 507, 462, 36, 213, 175, 244, 251, 23, 67, 69, 66, 101]
[196, 236, 151, 229, 238, 294, 267, 177, 37, 181, 404, 179, 218, 344, 382, 188]
[378, 318, 361, 301, 346, 197, 276, 43, 161, 488, 326, 265, 124, 241, 285, 394, 168, 46, 476, 91, 176, 498, 319, 139, 126, 335, 99, 259, 339, 298]
[13, 130, 369, 242, 60, 184, 59, 362]
[261, 260, 347, 477, 255, 15, 408, 243]
[14, 345, 466, 140, 368, 343, 154, 83]
Within-Region SSD: 470.7086937170022

k = 20
[322, 192, 148, 147, 321, 57, 336, 2, 54, 280, 391, 287, 214, 281, 3, 10, 331]
[110, 133, 202, 467, 47, 266, 149, 115, 233]
[506, 424, 217, 121, 70, 418, 333, 48, 284, 374]
[58, 56, 107, 9, 421, 50, 53, 1]
[22, 24, 283, 143, 138, 337, 330, 160, 190, 103, 26]
[388, 122, 395, 18, 390, 49, 21, 17, 150, 481, 455, 409, 19, 401, 109, 62, 396, 413, 106]
[144, 96, 170, 100, 39, 475, 429, 457]
[127, 157, 183, 440, 33, 166, 480, 436, 297, 111]
[355, 245, 178, 366, 246, 82, 185, 274, 478, 479, 474, 303, 470, 486, 75, 491]
[4, 211, 416, 341, 422, 305, 387, 458, 307]
[353, 381, 327, 94, 72, 351, 295, 174, 354, 376, 234, 63, 247, 386, 204, 123, 367, 200, 484, 89, 163, 195, 312, 224, 78, 55, 426, 288, 249, 417, 77, 93, 52, 375, 364, 377, 489, 503, 159, 299, 45, 51, 8, 342, 311, 258, 430, 156, 84, 450, 119, 334, 155, 240, 292, 194, 383, 320, 350, 129, 262, 446, 308, 286, 216, 338, 134, 221, 437, 118, 142, 193, 349, 373, 226, 433, 444, 145, 152, 232, 494, 419, 492, 137, 471, 131, 146, 348, 132, 469, 500, 431, 81, 302, 428, 80, 187, 412, 442, 461, 454, 359, 275, 114, 499, 32, 125, 254, 92, 257, 300, 340, 473, 41, 135, 472, 7, 268, 227, 434, 451, 31, 165, 90, 459, 495, 270, 372, 42, 35, 325, 64, 248, 432, 171, 490, 465, 136, 445, 411, 20, 427, 464, 104, 239, 504, 397, 269, 463, 317, 443, 392, 393, 406, 508]
[415, 493, 414, 141, 425, 485, 423, 505, 256, 449, 79, 164, 456, 38, 116]
[230, 74, 407, 356, 365, 410, 314, 315, 399, 85, 95, 6, 113, 277, 289, 316, 313, 215, 507, 462, 36, 213, 175, 244, 251, 23, 67, 69, 66, 101]
[196, 236, 151, 229, 238, 294, 267, 177, 37, 181, 404, 179, 218, 344, 382, 188]
[378, 318, 361, 301, 346, 197, 276, 43, 161, 488, 326, 265, 124, 241, 285, 394, 168, 46, 476, 91, 176, 498, 319, 139, 126, 335, 99, 259, 339, 298]
[13, 130, 369, 242, 60, 184, 59, 362]
[261, 260, 347, 477, 255, 15, 408, 243]
[14, 345, 466, 140, 368, 343, 154, 83]
[34, 263, 291, 162, 220, 98, 222, 278, 182, 117, 25, 208, 273, 209, 180, 309, 158, 223, 435, 360, 189, 253, 290, 212, 235, 324, 420, 173, 76, 264, 128, 120, 231, 452, 228, 167, 384, 219, 402, 329, 237, 86, 439, 453, 501, 385, 225, 191, 207, 497, 447, 153, 27]
[186, 304, 201, 271, 357, 352, 358, 282]
Within-Region SSD: 467.088372034357

k = 21
[322, 192, 148, 147, 321, 57, 336, 2, 54, 280, 391, 287, 214, 281, 3, 10, 331]
[110, 133, 202, 467, 47, 266, 149, 115, 233]
[506, 424, 217, 121, 70, 418, 333, 48, 284, 374]
[58, 56, 107, 9, 421, 50, 53, 1]
[22, 24, 283, 143, 138, 337, 330, 160, 190, 103, 26]
[388, 122, 395, 18, 390, 49, 21, 17, 150, 481, 455, 409, 19, 401, 109, 62, 396, 413, 106]
[144, 96, 170, 100, 39, 475, 429, 457]
[127, 157, 183, 440, 33, 166, 480, 436, 297, 111]
[355, 245, 178, 366, 246, 82, 185, 274, 478, 479, 474, 303, 470, 486, 75, 491]
[4, 211, 416, 341, 422, 305, 387, 458, 307]
[353, 381, 327, 94, 72, 351, 295, 174, 354, 376, 234, 63, 247, 386, 204, 123, 367, 200, 484, 89, 163, 195, 312, 224, 78, 55, 426, 288, 249, 417, 77, 93, 52, 375, 364, 377, 489, 503, 159, 299, 45, 51, 8, 342, 311, 258, 430, 156, 84, 450, 119, 334, 155, 240, 292, 194, 383, 320, 350, 129, 262, 446, 308, 286, 216, 338, 134, 221, 437, 118, 142, 193, 349, 373, 226, 433, 444, 145, 152, 232, 494, 419, 492, 137, 471, 131, 146, 348, 132, 469, 500, 431, 81, 302, 428, 80, 187, 412, 442, 461, 454, 359, 275, 114, 499, 32, 125, 254, 92, 257, 300, 340, 473, 41, 135, 472, 7, 268, 227, 434, 451, 31, 165, 90, 459, 495, 270, 372, 42, 35, 325, 64, 248, 432, 171, 490, 465, 136, 445, 411, 20, 427, 464, 104, 239, 504, 397, 269, 463, 317, 443, 392, 393, 406, 508]
[415, 493, 414, 141, 425, 485, 423, 505, 256, 449, 79, 164, 456, 38, 116]
[230, 74, 407, 356, 365, 410, 314, 315, 399, 85, 95, 6, 113, 277, 289, 316, 313, 215, 507, 462, 36, 213, 175, 244, 251, 23, 67, 69, 66, 101]
[196, 236, 151, 229, 238, 294, 267, 177, 37, 181, 404, 179, 218, 344, 382, 188]
[378, 318, 361, 301, 346, 197, 276, 43, 161, 488, 326, 265, 124, 241, 285, 394, 168, 46, 476, 91, 176, 498, 319, 139, 126, 335, 99, 259, 339, 298]
[13, 130, 369, 242, 60, 184, 59, 362]
[261, 260, 347, 477, 255, 15, 408, 243]
[14, 345, 466, 140, 368, 343, 154, 83]
[186, 304, 201, 271, 357, 352, 358, 282]
[34, 263, 291, 220, 98, 182, 208, 209, 180, 223, 435, 360, 189, 253, 290, 212, 235, 324, 420, 173, 76, 264, 128, 120, 231, 452, 228, 167, 384, 219, 402, 329, 237, 86, 439, 453, 501, 385, 225, 191, 207, 497, 447, 153, 27]
[162, 222, 278, 117, 25, 273, 309, 158]
Within-Region SSD: 463.06693597565584

k = 22
[110, 133, 202, 467, 47, 266, 149, 115, 233]
[506, 424, 217, 121, 70, 418, 333, 48, 284, 374]
[58, 56, 107, 9, 421, 50, 53, 1]
[22, 24, 283, 143, 138, 337, 330, 160, 190, 103, 26]
[388, 122, 395, 18, 390, 49, 21, 17, 150, 481, 455, 409, 19, 401, 109, 62, 396, 413, 106]
[144, 96, 170, 100, 39, 475, 429, 457]
[127, 157, 183, 440, 33, 166, 480, 436, 297, 111]
[355, 245, 178, 366, 246, 82, 185, 274, 478, 479, 474, 303, 470, 486, 75, 491]
[4, 211, 416, 341, 422, 305, 387, 458, 307]
[353, 381, 327, 94, 72, 351, 295, 174, 354, 376, 234, 63, 247, 386, 204, 123, 367, 200, 484, 89, 163, 195, 312, 224, 78, 55, 426, 288, 249, 417, 77, 93, 52, 375, 364, 377, 489, 503, 159, 299, 45, 51, 8, 342, 311, 258, 430, 156, 84, 450, 119, 334, 155, 240, 292, 194, 383, 320, 350, 129, 262, 446, 308, 286, 216, 338, 134, 221, 437, 118, 142, 193, 349, 373, 226, 433, 444, 145, 152, 232, 494, 419, 492, 137, 471, 131, 146, 348, 132, 469, 500, 431, 81, 302, 428, 80, 187, 412, 442, 461, 454, 359, 275, 114, 499, 32, 125, 254, 92, 257, 300, 340, 473, 41, 135, 472, 7, 268, 227, 434, 451, 31, 165, 90, 459, 495, 270, 372, 42, 35, 325, 64, 248, 432, 171, 490, 465, 136, 445, 411, 20, 427, 464, 104, 239, 504, 397, 269, 463, 317, 443, 392, 393, 406, 508]
[415, 493, 414, 141, 425, 485, 423, 505, 256, 449, 79, 164, 456, 38, 116]
[230, 74, 407, 356, 365, 410, 314, 315, 399, 85, 95, 6, 113, 277, 289, 316, 313, 215, 507, 462, 36, 213, 175, 244, 251, 23, 67, 69, 66, 101]
[196, 236, 151, 229, 238, 294, 267, 177, 37, 181, 404, 179, 218, 344, 382, 188]
[378, 318, 361, 301, 346, 197, 276, 43, 161, 488, 326, 265, 124, 241, 285, 394, 168, 46, 476, 91, 176, 498, 319, 139, 126, 335, 99, 259, 339, 298]
[13, 130, 369, 242, 60, 184, 59, 362]
[261, 260, 347, 477, 255, 15, 408, 243]
[14, 345, 466, 140, 368, 343, 154, 83]
[186, 304, 201, 271, 357, 352, 358, 282]
[34, 263, 291, 220, 98, 182, 208, 209, 180, 223, 435, 360, 189, 253, 290, 212, 235, 324, 420, 173, 76, 264, 128, 120, 231, 452, 228, 167, 384, 219, 402, 329, 237, 86, 439, 453, 501, 385, 225, 191, 207, 497, 447, 153, 27]
[162, 222, 278, 117, 25, 273, 309, 158]
[322, 192, 147, 2, 54, 3, 10, 331]
[148, 321, 57, 336, 280, 281, 391, 287, 214]
Within-Region SSD: 460.1257595050672

k = 23
[110, 133, 202, 467, 47, 266, 149, 115, 233]
[506, 424, 217, 121, 70, 418, 333, 48, 284, 374]
[58, 56, 107, 9, 421, 50, 53, 1]
[22, 24, 283, 143, 138, 337, 330, 160, 190, 103, 26]
[388, 122, 395, 18, 390, 49, 21, 17, 150, 481, 455, 409, 19, 401, 109, 62, 396, 413, 106]
[144, 96, 170, 100, 39, 475, 429, 457]
[127, 157, 183, 440, 33, 166, 480, 436, 297, 111]
[355, 245, 178, 366, 246, 82, 185, 274, 478, 479, 474, 303, 470, 486, 75, 491]
[4, 211, 416, 341, 422, 305, 387, 458, 307]
[415, 493, 414, 141, 425, 485, 423, 505, 256, 449, 79, 164, 456, 38, 116]
[230, 74, 407, 356, 365, 410, 314, 315, 399, 85, 95, 6, 113, 277, 289, 316, 313, 215, 507, 462, 36, 213, 175, 244, 251, 23, 67, 69, 66, 101]
[196, 236, 151, 229, 238, 294, 267, 177, 37, 181, 404, 179, 218, 344, 382, 188]
[378, 318, 361, 301, 346, 197, 276, 43, 161, 488, 326, 265, 124, 241, 285, 394, 168, 46, 476, 91, 176, 498, 319, 139, 126, 335, 99, 259, 339, 298]
[13, 130, 369, 242, 60, 184, 59, 362]
[261, 260, 347, 477, 255, 15, 408, 243]
[14, 345, 466, 140, 368, 343, 154, 83]
[186, 304, 201, 271, 357, 352, 358, 282]
[34, 263, 291, 220, 98, 182, 208, 209, 180, 223, 435, 360, 189, 253, 290, 212, 235, 324, 420, 173, 76, 264, 128, 120, 231, 452, 228, 167, 384, 219, 402, 329, 237, 86, 439, 453, 501, 385, 225, 191, 207, 497, 447, 153, 27]
[162, 222, 278, 117, 25, 273, 309, 158]
[322, 192, 147, 2, 54, 3, 10, 331]
[148, 321, 57, 336, 280, 281, 391, 287, 214]
[353, 381, 327, 94, 72, 351, 295, 174, 354, 376, 234, 63, 247, 386, 204, 123, 367, 200, 484, 89, 163, 195, 312, 224, 78, 55, 426, 288, 249, 417, 77, 93, 52, 375, 364, 377, 489, 503, 159, 299, 45, 51, 8, 342, 311, 258, 430, 156, 84, 450, 119, 334, 155, 240, 292, 194, 383, 320, 350, 129, 262, 446, 308, 286, 216, 338, 134, 221, 437, 118, 142, 193, 349, 373, 226, 433, 444, 145, 152, 232, 494, 419, 492, 137, 471, 131, 146, 348, 132, 469, 500, 431, 81, 302, 428, 80, 187, 412, 442, 461, 454, 359, 275, 114, 499, 32, 125, 254, 92, 257, 300, 340, 473, 41, 135, 472, 7, 268, 227, 434, 451, 31, 165, 90, 459, 495, 270, 372, 42, 325, 64, 248, 136, 239, 317, 443, 392, 393, 406, 508]
[35, 432, 171, 490, 465, 445, 411, 20, 427, 464, 104, 504, 397, 269, 463]
Within-Region SSD: 457.8535628844824

k = 24
[110, 133, 202, 467, 47, 266, 149, 115, 233]
[506, 424, 217, 121, 70, 418, 333, 48, 284, 374]
[58, 56, 107, 9, 421, 50, 53, 1]
[22, 24, 283, 143, 138, 337, 330, 160, 190, 103, 26]
[144, 96, 170, 100, 39, 475, 429, 457]
[127, 157, 183, 440, 33, 166, 480, 436, 297, 111]
[355, 245, 178, 366, 246, 82, 185, 274, 478, 479, 474, 303, 470, 486, 75, 491]
[4, 211, 416, 341, 422, 305, 387, 458, 307]
[415, 493, 414, 141, 425, 485, 423, 505, 256, 449, 79, 164, 456, 38, 116]
[230, 74, 407, 356, 365, 410, 314, 315, 399, 85, 95, 6, 113, 277, 289, 316, 313, 215, 507, 462, 36, 213, 175, 244, 251, 23, 67, 69, 66, 101]
[196, 236, 151, 229, 238, 294, 267, 177, 37, 181, 404, 179, 218, 344, 382, 188]
[378, 318, 361, 301, 346, 197, 276, 43, 161, 488, 326, 265, 124, 241, 285, 394, 168, 46, 476, 91, 176, 498, 319, 139, 126, 335, 99, 259, 339, 298]
[13, 130, 369, 242, 60, 184, 59, 362]
[261, 260, 347, 477, 255, 15, 408, 243]
[14, 345, 466, 140, 368, 343, 154, 83]
[186, 304, 201, 271, 357, 352, 358, 282]
[34, 263, 291, 220, 98, 182, 208, 209, 180, 223, 435, 360, 189, 253, 290, 212, 235, 324, 420, 173, 76, 264, 128, 120, 231, 452, 228, 167, 384, 219, 402, 329, 237, 86, 439, 453, 501, 385, 225, 191, 207, 497, 447, 153, 27]
[162, 222, 278, 117, 25, 273, 309, 158]
[322, 192, 147, 2, 54, 3, 10, 331]
[148, 321, 57, 336, 280, 281, 391, 287, 214]
[353, 381, 327, 94, 72, 351, 295, 174, 354, 376, 234, 63, 247, 386, 204, 123, 367, 200, 484, 89, 163, 195, 312, 224, 78, 55, 426, 288, 249, 417, 77, 93, 52, 375, 364, 377, 489, 503, 159, 299, 45, 51, 8, 342, 311, 258, 430, 156, 84, 450, 119, 334, 155, 240, 292, 194, 383, 320, 350, 129, 262, 446, 308, 286, 216, 338, 134, 221, 437, 118, 142, 193, 349, 373, 226, 433, 444, 145, 152, 232, 494, 419, 492, 137, 471, 131, 146, 348, 132, 469, 500, 431, 81, 302, 428, 80, 187, 412, 442, 461, 454, 359, 275, 114, 499, 32, 125, 254, 92, 257, 300, 340, 473, 41, 135, 472, 7, 268, 227, 434, 451, 31, 165, 90, 459, 495, 270, 372, 42, 325, 64, 248, 136, 239, 317, 443, 392, 393, 406, 508]
[35, 432, 171, 490, 465, 445, 411, 20, 427, 464, 104, 504, 397, 269, 463]
[388, 122, 395, 18, 390, 49, 17, 150, 455, 109, 106]
[21, 481, 409, 19, 401, 62, 396, 413]
Within-Region SSD: 455.62808441558354

k = 25
[110, 133, 202, 467, 47, 266, 149, 115, 233]
[506, 424, 217, 121, 70, 418, 333, 48, 284, 374]
[58, 56, 107, 9, 421, 50, 53, 1]
[22, 24, 283, 143, 138, 337, 330, 160, 190, 103, 26]
[144, 96, 170, 100, 39, 475, 429, 457]
[127, 157, 183, 440, 33, 166, 480, 436, 297, 111]
[355, 245, 178, 366, 246, 82, 185, 274, 478, 479, 474, 303, 470, 486, 75, 491]
[4, 211, 416, 341, 422, 305, 387, 458, 307]
[415, 493, 414, 141, 425, 485, 423, 505, 256, 449, 79, 164, 456, 38, 116]
[230, 74, 407, 356, 365, 410, 314, 315, 399, 85, 95, 6, 113, 277, 289, 316, 313, 215, 507, 462, 36, 213, 175, 244, 251, 23, 67, 69, 66, 101]
[196, 236, 151, 229, 238, 294, 267, 177, 37, 181, 404, 179, 218, 344, 382, 188]
[378, 318, 361, 301, 346, 197, 276, 43, 161, 488, 326, 265, 124, 241, 285, 394, 168, 46, 476, 91, 176, 498, 319, 139, 126, 335, 99, 259, 339, 298]
[13, 130, 369, 242, 60, 184, 59, 362]
[261, 260, 347, 477, 255, 15, 408, 243]
[14, 345, 466, 140, 368, 343, 154, 83]
[186, 304, 201, 271, 357, 352, 358, 282]
[162, 222, 278, 117, 25, 273, 309, 158]
[322, 192, 147, 2, 54, 3, 10, 331]
[148, 321, 57, 336, 280, 281, 391, 287, 214]
[353, 381, 327, 94, 72, 351, 295, 174, 354, 376, 234, 63, 247, 386, 204, 123, 367, 200, 484, 89, 163, 195, 312, 224, 78, 55, 426, 288, 249, 417, 77, 93, 52, 375, 364, 377, 489, 503, 159, 299, 45, 51, 8, 342, 311, 258, 430, 156, 84, 450, 119, 334, 155, 240, 292, 194, 383, 320, 350, 129, 262, 446, 308, 286, 216, 338, 134, 221, 437, 118, 142, 193, 349, 373, 226, 433, 444, 145, 152, 232, 494, 419, 492, 137, 471, 131, 146, 348, 132, 469, 500, 431, 81, 302, 428, 80, 187, 412, 442, 461, 454, 359, 275, 114, 499, 32, 125, 254, 92, 257, 300, 340, 473, 41, 135, 472, 7, 268, 227, 434, 451, 31, 165, 90, 459, 495, 270, 372, 42, 325, 64, 248, 136, 239, 317, 443, 392, 393, 406, 508]
[35, 432, 171, 490, 465, 445, 411, 20, 427, 464, 104, 504, 397, 269, 463]
[388, 122, 395, 18, 390, 49, 17, 150, 455, 109, 106]
[21, 481, 409, 19, 401, 62, 396, 413]
[34, 263, 291, 220, 98, 182, 208, 209, 180, 223, 435, 360, 189, 253, 290, 212, 235, 324, 420, 173, 264, 128, 120, 231, 228, 167, 384, 219, 402, 453, 501, 207, 497]
[76, 452, 329, 237, 86, 439, 385, 225, 191, 447, 153, 27]
Within-Region SSD: 454.0442460317453

k = 26
[110, 133, 202, 467, 47, 266, 149, 115, 233]
[506, 424, 217, 121, 70, 418, 333, 48, 284, 374]
[58, 56, 107, 9, 421, 50, 53, 1]
[22, 24, 283, 143, 138, 337, 330, 160, 190, 103, 26]
[144, 96, 170, 100, 39, 475, 429, 457]
[127, 157, 183, 440, 33, 166, 480, 436, 297, 111]
[355, 245, 178, 366, 246, 82, 185, 274, 478, 479, 474, 303, 470, 486, 75, 491]
[4, 211, 416, 341, 422, 305, 387, 458, 307]
[415, 493, 414, 141, 425, 485, 423, 505, 256, 449, 79, 164, 456, 38, 116]
[230, 74, 407, 356, 365, 410, 314, 315, 399, 85, 95, 6, 113, 277, 289, 316, 313, 215, 507, 462, 36, 213, 175, 244, 251, 23, 67, 69, 66, 101]
[196, 236, 151, 229, 238, 294, 267, 177, 37, 181, 404, 179, 218, 344, 382, 188]
[378, 318, 361, 301, 346, 197, 276, 43, 161, 488, 326, 265, 124, 241, 285, 394, 168, 46, 476, 91, 176, 498, 319, 139, 126, 335, 99, 259, 339, 298]
[13, 130, 369, 242, 60, 184, 59, 362]
[261, 260, 347, 477, 255, 15, 408, 243]
[14, 345, 466, 140, 368, 343, 154, 83]
[186, 304, 201, 271, 357, 352, 358, 282]
[162, 222, 278, 117, 25, 273, 309, 158]
[322, 192, 147, 2, 54, 3, 10, 331]
[148, 321, 57, 336, 280, 281, 391, 287, 214]
[353, 381, 327, 94, 72, 351, 295, 174, 354, 376, 234, 63, 247, 386, 204, 123, 367, 200, 484, 89, 163, 195, 312, 224, 78, 55, 426, 288, 249, 417, 77, 93, 52, 375, 364, 377, 489, 503, 159, 299, 45, 51, 8, 342, 311, 258, 430, 156, 84, 450, 119, 334, 155, 240, 292, 194, 383, 320, 350, 129, 262, 446, 308, 286, 216, 338, 134, 221, 437, 118, 142, 193, 349, 373, 226, 433, 444, 145, 152, 232, 494, 419, 492, 137, 471, 131, 146, 348, 132, 469, 500, 431, 81, 302, 428, 80, 187, 412, 442, 461, 454, 359, 275, 114, 499, 32, 125, 254, 92, 257, 300, 340, 473, 41, 135, 472, 7, 268, 227, 434, 451, 31, 165, 90, 459, 495, 270, 372, 42, 325, 64, 248, 136, 239, 317, 443, 392, 393, 406, 508]
[35, 432, 171, 490, 465, 445, 411, 20, 427, 464, 104, 504, 397, 269, 463]
[388, 122, 395, 18, 390, 49, 17, 150, 455, 109, 106]
[21, 481, 409, 19, 401, 62, 396, 413]
[76, 452, 329, 237, 86, 439, 385, 225, 191, 447, 153, 27]
[34, 263, 291, 220, 98, 182, 208, 180]
[209, 223, 435, 360, 189, 253, 290, 212, 235, 324, 420, 173, 264, 128, 120, 231, 228, 167, 384, 219, 402, 453, 501, 207, 497]
Within-Region SSD: 452.49863997113937

k = 27
[110, 133, 202, 467, 47, 266, 149, 115, 233]
[506, 424, 217, 121, 70, 418, 333, 48, 284, 374]
[58, 56, 107, 9, 421, 50, 53, 1]
[22, 24, 283, 143, 138, 337, 330, 160, 190, 103, 26]
[144, 96, 170, 100, 39, 475, 429, 457]
[127, 157, 183, 440, 33, 166, 480, 436, 297, 111]
[355, 245, 178, 366, 246, 82, 185, 274, 478, 479, 474, 303, 470, 486, 75, 491]
[4, 211, 416, 341, 422, 305, 387, 458, 307]
[415, 493, 414, 141, 425, 485, 423, 505, 256, 449, 79, 164, 456, 38, 116]
[230, 74, 407, 356, 365, 410, 314, 315, 399, 85, 95, 6, 113, 277, 289, 316, 313, 215, 507, 462, 36, 213, 175, 244, 251, 23, 67, 69, 66, 101]
[196, 236, 151, 229, 238, 294, 267, 177, 37, 181, 404, 179, 218, 344, 382, 188]
[378, 318, 361, 301, 346, 197, 276, 43, 161, 488, 326, 265, 124, 241, 285, 394, 168, 46, 476, 91, 176, 498, 319, 139, 126, 335, 99, 259, 339, 298]
[13, 130, 369, 242, 60, 184, 59, 362]
[261, 260, 347, 477, 255, 15, 408, 243]
[14, 345, 466, 140, 368, 343, 154, 83]
[186, 304, 201, 271, 357, 352, 358, 282]
[162, 222, 278, 117, 25, 273, 309, 158]
[322, 192, 147, 2, 54, 3, 10, 331]
[148, 321, 57, 336, 280, 281, 391, 287, 214]
[35, 432, 171, 490, 465, 445, 411, 20, 427, 464, 104, 504, 397, 269, 463]
[388, 122, 395, 18, 390, 49, 17, 150, 455, 109, 106]
[21, 481, 409, 19, 401, 62, 396, 413]
[76, 452, 329, 237, 86, 439, 385, 225, 191, 447, 153, 27]
[34, 263, 291, 220, 98, 182, 208, 180]
[209, 223, 435, 360, 189, 253, 290, 212, 235, 324, 420, 173, 264, 128, 120, 231, 228, 167, 384, 219, 402, 453, 501, 207, 497]
[353, 381, 327, 94, 72, 351, 295, 174, 354, 376, 234, 63, 247, 386, 204, 123, 367, 200, 484, 89, 163, 195, 312, 224, 55, 426, 288, 249, 417, 52, 375, 364, 377, 489, 503, 51, 8, 342, 311, 258, 430, 156, 334, 155, 240, 292, 194, 383, 320, 350, 129, 308, 286, 216, 338, 134, 142, 193, 349, 373, 226, 433, 152, 232, 494, 419, 146, 348, 132, 469, 500, 431, 412, 442, 461, 499, 32, 125, 254, 92, 340, 473, 41, 135, 472, 7, 227, 434, 451, 31, 165, 90, 459, 495, 270, 372, 42, 325, 64, 248, 136, 239, 317, 443, 392, 393, 406, 508]
[78, 77, 93, 159, 299, 45, 84, 450, 119, 262, 446, 221, 437, 118, 444, 145, 492, 137, 471, 131, 81, 302, 428, 80, 187, 454, 359, 275, 114, 257, 300, 268]
Within-Region SSD: 450.955782828283

k = 28
[110, 133, 202, 467, 47, 266, 149, 115, 233]
[506, 424, 217, 121, 70, 418, 333, 48, 284, 374]
[58, 56, 107, 9, 421, 50, 53, 1]
[22, 24, 283, 143, 138, 337, 330, 160, 190, 103, 26]
[144, 96, 170, 100, 39, 475, 429, 457]
[127, 157, 183, 440, 33, 166, 480, 436, 297, 111]
[355, 245, 178, 366, 246, 82, 185, 274, 478, 479, 474, 303, 470, 486, 75, 491]
[4, 211, 416, 341, 422, 305, 387, 458, 307]
[415, 493, 414, 141, 425, 485, 423, 505, 256, 449, 79, 164, 456, 38, 116]
[230, 74, 407, 356, 365, 410, 314, 315, 399, 85, 95, 6, 113, 277, 289, 316, 313, 215, 507, 462, 36, 213, 175, 244, 251, 23, 67, 69, 66, 101]
[196, 236, 151, 229, 238, 294, 267, 177, 37, 181, 404, 179, 218, 344, 382, 188]
[378, 318, 361, 301, 346, 197, 276, 43, 161, 488, 326, 265, 124, 241, 285, 394, 168, 46, 476, 91, 176, 498, 319, 139, 126, 335, 99, 259, 339, 298]
[13, 130, 369, 242, 60, 184, 59, 362]
[261, 260, 347, 477, 255, 15, 408, 243]
[14, 345, 466, 140, 368, 343, 154, 83]
[186, 304, 201, 271, 357, 352, 358, 282]
[162, 222, 278, 117, 25, 273, 309, 158]
[322, 192, 147, 2, 54, 3, 10, 331]
[148, 321, 57, 336, 280, 281, 391, 287, 214]
[35, 432, 171, 490, 465, 445, 411, 20, 427, 464, 104, 504, 397, 269, 463]
[388, 122, 395, 18, 390, 49, 17, 150, 455, 109, 106]
[21, 481, 409, 19, 401, 62, 396, 413]
[76, 452, 329, 237, 86, 439, 385, 225, 191, 447, 153, 27]
[34, 263, 291, 220, 98, 182, 208, 180]
[209, 223, 435, 360, 189, 253, 290, 212, 235, 324, 420, 173, 264, 128, 120, 231, 228, 167, 384, 219, 402, 453, 501, 207, 497]
[353, 381, 327, 94, 72, 351, 295, 174, 354, 376, 234, 63, 247, 386, 204, 123, 367, 200, 484, 89, 163, 195, 312, 224, 55, 426, 288, 249, 417, 52, 375, 364, 377, 489, 503, 51, 8, 342, 311, 258, 430, 156, 334, 155, 240, 292, 194, 383, 320, 350, 129, 308, 286, 216, 338, 134, 142, 193, 349, 373, 226, 433, 152, 232, 494, 419, 146, 348, 132, 469, 500, 431, 412, 442, 461, 499, 32, 125, 254, 92, 340, 473, 41, 135, 472, 7, 227, 434, 451, 31, 165, 90, 459, 495, 270, 372, 42, 325, 64, 248, 136, 239, 317, 443, 392, 393, 406, 508]
[78, 77, 93, 159, 45, 84, 119, 262, 221]
[299, 450, 446, 437, 118, 444, 145, 492, 137, 471, 131, 81, 302, 428, 80, 187, 454, 359, 275, 114, 257, 300, 268]
Within-Region SSD: 445.84467171717193

k = 29
[110, 133, 202, 467, 47, 266, 149, 115, 233]
[506, 424, 217, 121, 70, 418, 333, 48, 284, 374]
[58, 56, 107, 9, 421, 50, 53, 1]
[22, 24, 283, 143, 138, 337, 330, 160, 190, 103, 26]
[144, 96, 170, 100, 39, 475, 429, 457]
[127, 157, 183, 440, 33, 166, 480, 436, 297, 111]
[355, 245, 178, 366, 246, 82, 185, 274, 478, 479, 474, 303, 470, 486, 75, 491]
[4, 211, 416, 341, 422, 305, 387, 458, 307]
[415, 493, 414, 141, 425, 485, 423, 505, 256, 449, 79, 164, 456, 38, 116]
[230, 74, 407, 356, 365, 410, 314, 315, 399, 85, 95, 6, 113, 277, 289, 316, 313, 215, 507, 462, 36, 213, 175, 244, 251, 23, 67, 69, 66, 101]
[196, 236, 151, 229, 238, 294, 267, 177, 37, 181, 404, 179, 218, 344, 382, 188]
[378, 318, 361, 301, 346, 197, 276, 43, 161, 488, 326, 265, 124, 241, 285, 394, 168, 46, 476, 91, 176, 498, 319, 139, 126, 335, 99, 259, 339, 298]
[13, 130, 369, 242, 60, 184, 59, 362]
[261, 260, 347, 477, 255, 15, 408, 243]
[14, 345, 466, 140, 368, 343, 154, 83]
[186, 304, 201, 271, 357, 352, 358, 282]
[162, 222, 278, 117, 25, 273, 309, 158]
[322, 192, 147, 2, 54, 3, 10, 331]
[148, 321, 57, 336, 280, 281, 391, 287, 214]
[35, 432, 171, 490, 465, 445, 411, 20, 427, 464, 104, 504, 397, 269, 463]
[388, 122, 395, 18, 390, 49, 17, 150, 455, 109, 106]
[21, 481, 409, 19, 401, 62, 396, 413]
[76, 452, 329, 237, 86, 439, 385, 225, 191, 447, 153, 27]
[34, 263, 291, 220, 98, 182, 208, 180]
[209, 223, 435, 360, 189, 253, 290, 212, 235, 324, 420, 173, 264, 128, 120, 231, 228, 167, 384, 219, 402, 453, 501, 207, 497]
[78, 77, 93, 159, 45, 84, 119, 262, 221]
[299, 450, 446, 437, 118, 444, 145, 492, 137, 471, 131, 81, 302, 428, 80, 187, 454, 359, 275, 114, 257, 300, 268]
[353, 381, 327, 94, 72, 351, 295, 174, 354, 376, 234, 63, 247, 386, 204, 123, 367, 200, 484, 89, 163, 195, 312, 224, 55, 426, 288, 249, 417, 52, 364, 377, 489, 503, 51, 8, 258, 430, 156, 334, 155, 383, 320, 350, 129, 308, 134, 142, 433, 152, 494, 419, 146, 348, 132, 469, 500, 431, 412, 442, 461, 499, 32, 125, 254, 92, 340, 473, 41, 135, 472, 7, 227, 434, 451, 31, 165, 90, 459, 495, 270, 372, 42, 325, 64, 248, 136, 239, 317, 443, 392, 393, 406, 508]
[375, 342, 311, 240, 292, 194, 286, 216, 338, 193, 349, 373, 226, 232]
Within-Region SSD: 444.5316018083575

k = 30
[110, 133, 202, 467, 47, 266, 149, 115, 233]
[506, 424, 217, 121, 70, 418, 333, 48, 284, 374]
[58, 56, 107, 9, 421, 50, 53, 1]
[22, 24, 283, 143, 138, 337, 330, 160, 190, 103, 26]
[144, 96, 170, 100, 39, 475, 429, 457]
[127, 157, 183, 440, 33, 166, 480, 436, 297, 111]
[355, 245, 178, 366, 246, 82, 185, 274, 478, 479, 474, 303, 470, 486, 75, 491]
[4, 211, 416, 341, 422, 305, 387, 458, 307]
[415, 493, 414, 141, 425, 485, 423, 505, 256, 449, 79, 164, 456, 38, 116]
[230, 74, 407, 356, 365, 410, 314, 315, 399, 85, 95, 6, 113, 277, 289, 316, 313, 215, 507, 462, 36, 213, 175, 244, 251, 23, 67, 69, 66, 101]
[196, 236, 151, 229, 238, 294, 267, 177, 37, 181, 404, 179, 218, 344, 382, 188]
[378, 318, 361, 301, 346, 197, 276, 43, 161, 488, 326, 265, 124, 241, 285, 394, 168, 46, 476, 91, 176, 498, 319, 139, 126, 335, 99, 259, 339, 298]
[13, 130, 369, 242, 60, 184, 59, 362]
[261, 260, 347, 477, 255, 15, 408, 243]
[14, 345, 466, 140, 368, 343, 154, 83]
[186, 304, 201, 271, 357, 352, 358, 282]
[162, 222, 278, 117, 25, 273, 309, 158]
[322, 192, 147, 2, 54, 3, 10, 331]
[148, 321, 57, 336, 280, 281, 391, 287, 214]
[35, 432, 171, 490, 465, 445, 411, 20, 427, 464, 104, 504, 397, 269, 463]
[388, 122, 395, 18, 390, 49, 17, 150, 455, 109, 106]
[21, 481, 409, 19, 401, 62, 396, 413]
[76, 452, 329, 237, 86, 439, 385, 225, 191, 447, 153, 27]
[34, 263, 291, 220, 98, 182, 208, 180]
[209, 223, 435, 360, 189, 253, 290, 212, 235, 324, 420, 173, 264, 128, 120, 231, 228, 167, 384, 219, 402, 453, 501, 207, 497]
[78, 77, 93, 159, 45, 84, 119, 262, 221]
[299, 450, 446, 437, 118, 444, 145, 492, 137, 471, 131, 81, 302, 428, 80, 187, 454, 359, 275, 114, 257, 300, 268]
[375, 342, 311, 240, 292, 194, 286, 216, 338, 193, 349, 373, 226, 232]
[353, 381, 327, 94, 72, 351, 295, 174, 354, 376, 234, 63, 247, 386, 204, 123, 367, 200, 484, 89, 163, 195, 224, 55, 426, 288, 417, 52, 377, 489, 503, 51, 8, 156, 334, 155, 129, 308, 134, 142, 433, 152, 494, 419, 146, 348, 132, 469, 500, 431, 412, 442, 461, 499, 32, 125, 254, 92, 340, 473, 41, 135, 472, 7, 227, 434, 451, 31, 165, 90, 459, 495, 270, 372, 42, 325, 64, 248, 136, 239, 317, 443, 392, 393, 406, 508]
[312, 249, 364, 258, 430, 383, 320, 350]
Within-Region SSD: 443.0070471324559

