k = 2
[130, 242, 13, 261, 369, 347, 184, 255, 378, 408, 260, 318, 243, 346, 317, 197, 205, 488, 443, 406, 124, 361, 15, 394, 141, 392, 508, 326, 285, 276, 14, 477, 345, 339, 265, 493, 393, 161, 43, 83, 59, 343, 140, 335, 381, 353, 256, 415, 505, 116, 425, 241, 466, 362, 60, 368, 279, 487, 313, 94, 485, 41, 301, 414, 79, 168, 38, 154, 46, 376, 289, 412, 423, 91, 319, 176, 164, 498, 247, 6, 271, 129, 456, 139, 99, 312, 218, 214, 85, 304, 201, 352, 156, 476, 350, 249, 391, 354, 507, 482, 372, 134, 375, 195, 287, 186, 282, 357, 104, 472, 7, 125, 342, 288, 188, 117, 215, 489, 377, 432, 35, 431, 463, 32, 194, 404, 179, 367, 175, 36, 294, 181, 89, 417, 445, 465, 490, 397, 411, 227, 469, 451, 464, 449, 177, 338, 86, 225, 323, 232, 373, 224, 298, 126, 495, 165, 171, 409, 132, 325, 459, 468, 68, 28, 251, 267, 259, 503, 72, 386, 42, 17, 481, 31, 100, 286, 190, 26, 191, 273, 226, 151, 295, 174, 20, 441, 87, 80, 196, 344, 101, 66, 27, 103, 222, 22, 349, 275, 281, 149, 62, 401, 471, 170, 213, 240, 153, 81, 137, 454, 106, 327, 321, 84, 63, 19, 388, 413, 455, 475, 39, 145, 428, 239, 462, 244, 316, 216, 447, 23, 444, 300, 109, 280, 45, 221, 123, 395, 484, 396, 504, 268, 302, 446, 269, 136, 364, 236, 293, 467, 437, 351, 93, 77, 119, 234, 122, 257, 96, 499, 430, 238, 37, 193, 309, 450, 133, 118, 163, 204, 389, 49, 150, 114, 270, 144, 434, 64, 473, 311, 200, 229, 143, 299, 110, 262, 55, 18, 390, 427, 248, 500, 292, 320, 374, 158, 131, 202, 47, 266, 10, 21, 429, 340, 90, 382, 383, 337, 283, 70, 78, 206, 359, 233, 8, 457, 438, 442, 254, 258, 333, 278, 58, 159, 492, 115, 52, 155, 494, 461, 135, 24, 162, 56, 107, 51, 54, 308, 1, 433, 92, 25, 358, 187, 334, 9, 192, 331, 53, 419, 98, 291, 277, 50, 336, 426, 314, 220, 182, 421, 148, 57, 274, 440, 491, 315, 142, 348, 486, 33, 157, 5, 95, 152, 3, 166, 436, 303, 111, 127, 480, 2, 82, 297, 252, 470, 147, 245, 178, 146, 322, 366, 479, 478, 407, 246, 108, 185, 453, 355, 183, 207, 497, 474, 219, 272, 452, 76, 138, 237, 439, 329, 420, 506, 330, 160, 385, 264, 217, 105, 67, 284, 424, 235, 263, 69, 387, 121, 290, 208, 341, 422, 223, 228, 180, 305, 48, 211, 113, 34, 307, 360, 418, 212, 4, 458, 356, 324, 416]
[74, 399, 230, 365, 253, 75, 410, 120, 189, 173, 384, 231, 501, 167, 435, 209, 128, 402]
Within-Region SSD: 163.6198861667906

k = 3
[74, 399, 230, 365, 253, 75, 410, 120, 189, 173, 384, 231, 501, 167, 435, 209, 128, 402]
[130, 242, 13, 261, 369, 347, 184, 255, 378, 408, 260, 318, 243, 346, 317, 197, 205, 488, 443, 406, 124, 361, 15, 394, 141, 392, 508, 326, 285, 276, 14, 477, 345, 339, 265, 493, 393, 161, 43, 83, 59, 343, 140, 335, 381, 353, 256, 415, 505, 116, 425, 241, 466, 362, 60, 368, 279, 487, 313, 94, 485, 41, 301, 414, 79, 168, 38, 154, 46, 376, 289, 412, 423, 91, 319, 176, 164, 498, 247, 6, 271, 129, 456, 139, 99, 312, 218, 214, 85, 304, 201, 352, 156, 476, 350, 249, 391, 354, 507, 482, 372, 134, 375, 195, 287, 186, 282, 357, 104, 472, 7, 125, 342, 288, 188, 117, 215, 489, 377, 432, 35, 431, 463, 32, 194, 404, 179, 367, 175, 36, 294, 181, 89, 417, 445, 465, 490, 397, 411, 227, 469, 451, 464, 449, 177, 338, 86, 225, 323, 232, 373, 224, 298, 126, 495, 165, 171, 409, 132, 325, 459, 468, 68, 28, 251, 267, 259, 503, 72, 386, 42, 17, 481, 31, 100, 286, 190, 26, 191, 273, 226, 151, 295, 174, 20, 441, 87, 80, 196, 344, 101, 66, 27, 103, 222, 22, 349, 275, 281, 149, 62, 401, 471, 170, 213, 240, 153, 81, 137, 454, 106, 327, 321, 84, 63, 19, 388, 413, 455, 475, 39, 145, 428, 239, 462, 244, 316, 216, 447, 23, 444, 300, 109, 280, 45, 221, 123, 395, 484, 396, 504, 268, 302, 446, 269, 136, 364, 236, 293, 467, 437, 351, 93, 77, 119, 234, 122, 257, 96, 499, 430, 238, 37, 193, 309, 450, 133, 118, 163, 204, 389, 49, 150, 114, 270, 144, 434, 64, 473, 311, 200, 229, 143, 299, 110, 262, 55, 18, 390, 427, 248, 500, 292, 320, 374, 158, 131, 202, 47, 266, 10, 21, 429, 340, 90, 382, 383, 337, 283, 70, 78, 206, 359, 233, 8, 457, 438, 442, 254, 258, 333, 278, 58, 159, 492, 115, 52, 155, 494, 461, 135, 24, 162, 56, 107, 51, 54, 308, 1, 433, 92, 25, 358, 187, 334, 9, 192, 331, 53, 419, 98, 291, 277, 50, 336, 426, 314, 220, 182, 421, 148, 57, 274, 440, 491, 315, 142, 348, 486, 33, 157, 5, 95, 152, 3, 166, 436, 303, 111, 127, 480, 2, 82, 297, 252, 470, 147, 245, 178, 146, 322, 366, 479, 478, 407, 246, 108, 185, 453, 355, 183, 207, 497, 474, 219, 272, 452, 76, 138, 237, 439, 329, 420, 330, 160, 385, 264, 105, 67, 284, 424, 235, 69, 387, 121, 290, 341, 422, 223, 228, 305, 48, 211, 34, 307, 418, 4, 458, 416]
[506, 217, 263, 208, 180, 113, 360, 212, 356, 324]
Within-Region SSD: 158.23283320678289

k = 4
[74, 399, 230, 365, 253, 75, 410, 120, 189, 173, 384, 231, 501, 167, 435, 209, 128, 402]
[506, 217, 263, 208, 180, 113, 360, 212, 356, 324]
[130, 242, 13, 261, 369, 347, 184, 255, 378, 408, 260, 318, 243, 346, 317, 197, 205, 488, 443, 406, 124, 361, 15, 394, 141, 392, 508, 326, 285, 276, 14, 477, 345, 339, 265, 493, 393, 161, 43, 83, 59, 343, 140, 335, 381, 353, 256, 415, 505, 116, 425, 241, 466, 362, 60, 368, 279, 487, 313, 94, 485, 41, 301, 414, 79, 168, 38, 154, 46, 376, 289, 412, 423, 91, 319, 176, 164, 498, 247, 6, 271, 129, 456, 139, 99, 312, 218, 214, 85, 304, 201, 352, 156, 476, 350, 249, 391, 354, 507, 482, 372, 134, 375, 195, 287, 186, 282, 357, 104, 472, 7, 125, 342, 288, 188, 117, 215, 489, 377, 432, 35, 431, 463, 32, 194, 404, 179, 367, 175, 36, 294, 181, 89, 417, 445, 465, 490, 397, 411, 227, 469, 451, 464, 449, 177, 338, 86, 225, 323, 232, 373, 224, 298, 126, 495, 165, 171, 409, 132, 325, 459, 468, 68, 28, 251, 267, 259, 503, 72, 386, 42, 17, 481, 31, 100, 286, 190, 26, 191, 273, 226, 151, 295, 174, 20, 441, 87, 80, 196, 344, 101, 66, 27, 103, 222, 22, 349, 275, 281, 149, 62, 401, 471, 170, 213, 240, 153, 81, 137, 454, 106, 327, 321, 84, 63, 19, 388, 413, 475, 39, 145, 428, 239, 462, 244, 316, 216, 447, 23, 444, 300, 109, 280, 45, 221, 123, 395, 484, 396, 504, 446, 269, 136, 364, 236, 293, 467, 437, 351, 93, 77, 119, 234, 122, 96, 499, 430, 238, 37, 193, 309, 450, 133, 118, 163, 204, 389, 114, 270, 144, 434, 64, 473, 311, 200, 229, 143, 299, 110, 262, 55, 18, 248, 500, 292, 320, 374, 158, 131, 202, 47, 266, 10, 21, 340, 90, 382, 383, 337, 283, 70, 78, 206, 359, 233, 8, 438, 442, 254, 258, 333, 278, 58, 159, 492, 115, 52, 155, 494, 461, 135, 24, 162, 56, 107, 51, 54, 308, 1, 433, 92, 25, 358, 187, 334, 9, 192, 331, 53, 419, 98, 291, 277, 50, 336, 426, 314, 220, 182, 421, 148, 57, 274, 440, 491, 315, 142, 348, 486, 33, 157, 5, 95, 152, 3, 166, 436, 303, 111, 127, 480, 2, 82, 297, 252, 470, 147, 245, 178, 146, 322, 366, 479, 478, 407, 246, 108, 185, 453, 355, 183, 207, 497, 474, 219, 272, 452, 76, 138, 237, 439, 329, 420, 330, 160, 385, 264, 105, 67, 284, 424, 235, 69, 387, 121, 290, 341, 422, 223, 228, 305, 48, 211, 34, 307, 418, 4, 458, 416]
[455, 268, 302, 257, 49, 150, 390, 427, 429, 457]
Within-Region SSD: 153.10737451437487

k = 5
[74, 399, 230, 365, 253, 75, 410, 120, 189, 173, 384, 231, 501, 167, 435, 209, 128, 402]
[506, 217, 263, 208, 180, 113, 360, 212, 356, 324]
[455, 268, 302, 257, 49, 150, 390, 427, 429, 457]
[130, 242, 13, 261, 369, 347, 184, 255, 378, 408, 260, 318, 243, 346, 317, 197, 205, 488, 443, 406, 124, 361, 15, 394, 141, 392, 508, 326, 285, 276, 14, 477, 345, 339, 265, 493, 393, 161, 43, 83, 59, 343, 140, 335, 381, 353, 256, 415, 505, 116, 425, 241, 466, 362, 60, 368, 279, 487, 313, 94, 485, 41, 301, 414, 79, 168, 38, 154, 46, 376, 289, 412, 423, 91, 319, 176, 164, 498, 247, 6, 271, 129, 456, 139, 99, 312, 218, 214, 85, 304, 201, 352, 156, 476, 350, 249, 391, 354, 507, 482, 372, 134, 375, 195, 287, 186, 282, 357, 104, 472, 7, 125, 342, 288, 188, 117, 215, 489, 377, 432, 35, 431, 463, 32, 194, 404, 179, 367, 175, 36, 294, 181, 89, 417, 445, 465, 490, 397, 411, 227, 469, 451, 464, 449, 177, 338, 86, 225, 323, 232, 373, 224, 298, 126, 495, 165, 171, 409, 132, 325, 459, 468, 68, 28, 251, 267, 259, 503, 72, 386, 42, 17, 481, 31, 100, 286, 190, 26, 191, 273, 226, 151, 295, 174, 20, 441, 87, 80, 196, 344, 101, 66, 27, 103, 222, 22, 349, 275, 281, 149, 62, 401, 471, 170, 213, 240, 153, 81, 137, 454, 106, 327, 321, 84, 63, 19, 388, 413, 475, 39, 145, 428, 239, 462, 244, 316, 216, 447, 23, 444, 300, 109, 280, 45, 221, 123, 395, 484, 396, 504, 446, 269, 136, 364, 236, 293, 467, 437, 351, 93, 77, 119, 234, 122, 96, 499, 430, 238, 37, 193, 309, 450, 133, 118, 163, 204, 389, 114, 270, 144, 434, 64, 473, 311, 200, 229, 143, 299, 110, 262, 55, 18, 500, 292, 320, 374, 158, 131, 202, 47, 266, 10, 21, 382, 383, 337, 283, 70, 78, 206, 359, 233, 8, 258, 333, 278, 58, 159, 492, 115, 52, 155, 24, 162, 56, 107, 51, 54, 308, 1, 25, 358, 187, 334, 9, 192, 331, 53, 98, 291, 277, 50, 336, 426, 314, 220, 182, 421, 148, 57, 274, 440, 491, 315, 142, 348, 486, 33, 157, 5, 95, 152, 3, 166, 436, 303, 111, 127, 480, 2, 82, 297, 252, 470, 147, 245, 178, 146, 322, 366, 479, 478, 407, 246, 108, 185, 453, 355, 183, 207, 497, 474, 219, 272, 452, 76, 138, 237, 439, 329, 420, 330, 160, 385, 264, 105, 67, 284, 424, 235, 69, 387, 121, 290, 341, 422, 223, 228, 305, 48, 211, 34, 307, 418, 4, 458, 416]
[248, 340, 90, 438, 442, 254, 494, 461, 135, 433, 92, 419]
Within-Region SSD: 148.62672501998392

k = 6
[74, 399, 230, 365, 253, 75, 410, 120, 189, 173, 384, 231, 501, 167, 435, 209, 128, 402]
[506, 217, 263, 208, 180, 113, 360, 212, 356, 324]
[455, 268, 302, 257, 49, 150, 390, 427, 429, 457]
[248, 340, 90, 438, 442, 254, 494, 461, 135, 433, 92, 419]
[130, 242, 13, 261, 369, 347, 184, 255, 378, 408, 260, 318, 243, 346, 317, 197, 205, 488, 443, 406, 124, 361, 15, 394, 141, 392, 508, 326, 285, 276, 14, 477, 345, 339, 265, 493, 393, 161, 43, 83, 59, 343, 140, 335, 381, 353, 256, 415, 505, 116, 425, 241, 466, 362, 60, 368, 279, 487, 313, 94, 485, 41, 301, 414, 79, 168, 38, 154, 46, 376, 289, 412, 423, 91, 319, 176, 164, 498, 247, 6, 271, 129, 456, 139, 99, 312, 218, 214, 85, 304, 201, 352, 156, 476, 350, 249, 391, 354, 507, 482, 372, 375, 195, 287, 186, 282, 357, 104, 342, 288, 188, 117, 215, 489, 377, 432, 35, 194, 404, 179, 367, 175, 36, 294, 181, 89, 417, 445, 465, 490, 397, 411, 177, 338, 86, 225, 323, 232, 373, 224, 298, 126, 495, 165, 171, 409, 468, 68, 28, 251, 267, 259, 503, 72, 386, 42, 17, 481, 286, 190, 26, 191, 273, 226, 151, 295, 174, 20, 441, 196, 344, 101, 66, 27, 103, 222, 22, 349, 275, 281, 149, 62, 401, 213, 240, 153, 81, 137, 454, 106, 327, 321, 84, 63, 19, 388, 413, 462, 244, 316, 216, 447, 23, 444, 300, 109, 280, 45, 221, 123, 395, 484, 396, 504, 364, 236, 293, 467, 437, 351, 93, 77, 119, 234, 122, 430, 238, 37, 193, 309, 450, 133, 118, 163, 204, 389, 311, 200, 229, 143, 299, 110, 262, 55, 18, 292, 320, 374, 158, 131, 202, 47, 266, 10, 21, 382, 383, 337, 283, 70, 78, 206, 359, 233, 8, 258, 333, 278, 58, 159, 492, 115, 52, 155, 24, 162, 56, 107, 51, 54, 308, 1, 25, 358, 187, 334, 9, 192, 331, 53, 98, 291, 277, 50, 336, 426, 314, 220, 182, 421, 148, 57, 274, 440, 491, 315, 142, 348, 486, 33, 157, 5, 95, 152, 3, 166, 436, 303, 111, 127, 480, 2, 82, 297, 252, 470, 147, 245, 178, 146, 322, 366, 479, 478, 407, 246, 108, 185, 453, 355, 183, 207, 497, 474, 219, 272, 452, 76, 138, 237, 439, 329, 420, 330, 160, 385, 264, 105, 67, 284, 424, 235, 69, 387, 121, 290, 341, 422, 223, 228, 305, 48, 211, 34, 307, 418, 4, 458, 416]
[134, 472, 7, 125, 431, 463, 32, 227, 469, 451, 464, 449, 132, 325, 459, 31, 100, 87, 80, 471, 170, 475, 39, 145, 428, 239, 446, 269, 136, 96, 499, 114, 270, 144, 434, 64, 473, 500]
Within-Region SSD: 144.47012578499854

k = 7
[74, 399, 230, 365, 253, 75, 410, 120, 189, 173, 384, 231, 501, 167, 435, 209, 128, 402]
[506, 217, 263, 208, 180, 113, 360, 212, 356, 324]
[455, 268, 302, 257, 49, 150, 390, 427, 429, 457]
[248, 340, 90, 438, 442, 254, 494, 461, 135, 433, 92, 419]
[134, 472, 7, 125, 431, 463, 32, 227, 469, 451, 464, 449, 132, 325, 459, 31, 100, 87, 80, 471, 170, 475, 39, 145, 428, 239, 446, 269, 136, 96, 499, 114, 270, 144, 434, 64, 473, 500]
[130, 242, 13, 261, 369, 347, 184, 255, 378, 408, 260, 318, 243, 346, 317, 197, 205, 488, 443, 406, 124, 361, 15, 394, 141, 392, 508, 326, 285, 276, 14, 477, 345, 339, 265, 493, 393, 161, 43, 83, 59, 343, 140, 335, 381, 353, 256, 415, 505, 116, 425, 241, 466, 362, 60, 368, 279, 487, 313, 94, 485, 41, 301, 414, 79, 168, 38, 154, 46, 376, 289, 412, 423, 91, 319, 176, 164, 498, 247, 6, 271, 129, 456, 139, 99, 312, 218, 214, 85, 304, 201, 352, 156, 476, 350, 249, 391, 354, 507, 482, 372, 375, 195, 287, 186, 282, 357, 104, 342, 288, 188, 117, 215, 489, 377, 432, 35, 194, 404, 179, 367, 175, 36, 294, 181, 89, 417, 445, 465, 490, 397, 411, 338, 86, 225, 323, 232, 373, 224, 298, 126, 495, 165, 171, 409, 68, 28, 251, 267, 259, 503, 72, 386, 42, 17, 481, 190, 26, 191, 273, 226, 151, 295, 174, 20, 441, 101, 66, 27, 103, 222, 22, 349, 275, 281, 149, 62, 401, 153, 81, 137, 454, 106, 327, 321, 84, 63, 19, 388, 413, 447, 23, 444, 300, 109, 280, 45, 221, 123, 395, 484, 396, 504, 293, 467, 437, 351, 93, 77, 119, 234, 122, 309, 450, 133, 118, 163, 204, 389, 143, 299, 110, 262, 55, 18, 374, 158, 131, 202, 47, 266, 10, 21, 337, 283, 70, 78, 206, 359, 233, 8, 333, 278, 58, 159, 492, 115, 52, 155, 24, 162, 56, 107, 51, 54, 308, 1, 25, 358, 187, 334, 9, 192, 331, 53, 98, 291, 277, 50, 336, 426, 314, 220, 182, 421, 148, 57, 274, 440, 491, 315, 142, 348, 486, 33, 157, 5, 95, 152, 3, 166, 436, 303, 111, 127, 480, 2, 82, 297, 252, 470, 147, 245, 178, 146, 322, 366, 479, 478, 407, 246, 108, 185, 453, 355, 183, 207, 497, 474, 219, 272, 452, 76, 138, 237, 439, 329, 420, 330, 160, 385, 264, 105, 67, 284, 424, 235, 69, 387, 121, 290, 341, 422, 223, 228, 305, 48, 211, 34, 307, 418, 4, 458, 416]
[177, 468, 286, 196, 344, 213, 240, 462, 244, 316, 216, 364, 236, 430, 238, 37, 193, 311, 200, 229, 292, 320, 382, 383, 258]
Within-Region SSD: 140.0908276737038

k = 8
[74, 399, 230, 365, 253, 75, 410, 120, 189, 173, 384, 231, 501, 167, 435, 209, 128, 402]
[506, 217, 263, 208, 180, 113, 360, 212, 356, 324]
[455, 268, 302, 257, 49, 150, 390, 427, 429, 457]
[248, 340, 90, 438, 442, 254, 494, 461, 135, 433, 92, 419]
[134, 472, 7, 125, 431, 463, 32, 227, 469, 451, 464, 449, 132, 325, 459, 31, 100, 87, 80, 471, 170, 475, 39, 145, 428, 239, 446, 269, 136, 96, 499, 114, 270, 144, 434, 64, 473, 500]
[177, 468, 286, 196, 344, 213, 240, 462, 244, 316, 216, 364, 236, 430, 238, 37, 193, 311, 200, 229, 292, 320, 382, 383, 258]
[130, 242, 13, 261, 369, 347, 184, 255, 378, 408, 260, 318, 243, 346, 317, 197, 205, 488, 443, 406, 124, 361, 15, 394, 141, 392, 508, 326, 285, 276, 14, 477, 345, 339, 265, 493, 393, 161, 43, 83, 59, 343, 140, 335, 381, 353, 256, 415, 505, 116, 425, 241, 466, 362, 60, 368, 279, 487, 313, 94, 485, 41, 301, 414, 79, 168, 38, 154, 46, 376, 289, 412, 423, 91, 319, 176, 164, 498, 247, 6, 271, 129, 456, 139, 99, 312, 218, 214, 85, 304, 201, 352, 156, 476, 350, 249, 391, 354, 507, 482, 372, 375, 195, 287, 186, 282, 357, 104, 342, 288, 188, 117, 215, 489, 377, 432, 35, 194, 404, 179, 367, 175, 36, 294, 181, 89, 417, 445, 465, 490, 397, 411, 338, 86, 225, 323, 232, 373, 224, 298, 126, 495, 165, 171, 409, 68, 28, 251, 267, 259, 503, 72, 386, 42, 17, 481, 190, 26, 191, 273, 226, 151, 295, 174, 20, 441, 101, 66, 27, 103, 222, 22, 349, 275, 281, 149, 62, 401, 153, 81, 137, 454, 106, 327, 321, 84, 63, 19, 413, 447, 23, 444, 300, 109, 280, 45, 221, 123, 504, 293, 467, 437, 351, 93, 77, 119, 309, 450, 133, 118, 163, 204, 143, 299, 110, 262, 55, 374, 158, 131, 202, 47, 266, 10, 337, 283, 70, 78, 206, 359, 233, 8, 333, 278, 58, 159, 492, 115, 52, 155, 24, 162, 56, 107, 51, 54, 308, 1, 25, 358, 187, 334, 9, 192, 331, 53, 98, 291, 277, 50, 336, 426, 314, 220, 182, 421, 148, 57, 274, 440, 491, 315, 142, 348, 486, 33, 157, 5, 95, 152, 3, 166, 436, 303, 111, 127, 480, 2, 82, 297, 252, 470, 147, 245, 178, 146, 322, 366, 479, 478, 407, 246, 108, 185, 453, 355, 183, 207, 497, 474, 219, 272, 452, 76, 138, 237, 439, 329, 420, 330, 160, 385, 264, 105, 67, 284, 424, 235, 69, 387, 121, 290, 341, 422, 223, 228, 305, 48, 211, 34, 307, 418, 4, 458, 416]
[388, 395, 484, 396, 234, 122, 389, 18, 21]
Within-Region SSD: 137.3685844902107

k = 9
[74, 399, 230, 365, 253, 75, 410, 120, 189, 173, 384, 231, 501, 167, 435, 209, 128, 402]
[506, 217, 263, 208, 180, 113, 360, 212, 356, 324]
[455, 268, 302, 257, 49, 150, 390, 427, 429, 457]
[248, 340, 90, 438, 442, 254, 494, 461, 135, 433, 92, 419]
[134, 472, 7, 125, 431, 463, 32, 227, 469, 451, 464, 449, 132, 325, 459, 31, 100, 87, 80, 471, 170, 475, 39, 145, 428, 239, 446, 269, 136, 96, 499, 114, 270, 144, 434, 64, 473, 500]
[177, 468, 286, 196, 344, 213, 240, 462, 244, 316, 216, 364, 236, 430, 238, 37, 193, 311, 200, 229, 292, 320, 382, 383, 258]
[388, 395, 484, 396, 234, 122, 389, 18, 21]
[130, 242, 13, 261, 369, 347, 184, 255, 378, 408, 260, 318, 346, 317, 488, 443, 406, 141, 392, 508, 493, 393, 256, 415, 505, 116, 425, 485, 41, 301, 414, 412, 423, 91, 129, 156, 372, 104, 489, 377, 432, 35, 89, 417, 445, 465, 490, 397, 411, 224, 298, 126, 495, 165, 171, 409, 259, 503, 72, 386, 42, 17, 481, 295, 174, 20, 441, 275, 281, 149, 62, 401, 81, 137, 454, 106, 327, 321, 84, 63, 19, 413, 444, 300, 109, 280, 45, 221, 123, 504, 467, 437, 351, 93, 77, 119, 450, 133, 118, 163, 204, 299, 110, 262, 55, 131, 202, 47, 266, 10, 78, 206, 359, 233, 8, 58, 159, 492, 115, 52, 155, 56, 107, 51, 54, 308, 1, 187, 334, 9, 192, 331, 53, 50, 336, 426, 421, 148, 57, 142, 348, 152, 3, 2, 147, 146, 322]
[243, 197, 205, 124, 361, 15, 394, 326, 285, 276, 14, 477, 345, 339, 265, 161, 43, 83, 59, 343, 140, 335, 381, 353, 241, 466, 362, 60, 368, 279, 487, 313, 94, 79, 168, 38, 154, 46, 376, 289, 319, 176, 164, 498, 247, 6, 271, 456, 139, 99, 312, 218, 214, 85, 304, 201, 352, 476, 350, 249, 391, 354, 507, 482, 375, 195, 287, 186, 282, 357, 342, 288, 188, 117, 215, 194, 404, 179, 367, 175, 36, 294, 181, 338, 86, 225, 323, 232, 373, 68, 28, 251, 267, 190, 26, 191, 273, 226, 151, 101, 66, 27, 103, 222, 22, 349, 153, 447, 23, 293, 309, 143, 374, 158, 337, 283, 70, 333, 278, 24, 162, 25, 358, 98, 291, 277, 314, 220, 182, 274, 440, 491, 315, 486, 33, 157, 5, 95, 166, 436, 303, 111, 127, 480, 82, 297, 252, 470, 245, 178, 366, 479, 478, 407, 246, 108, 185, 453, 355, 183, 207, 497, 474, 219, 272, 452, 76, 138, 237, 439, 329, 420, 330, 160, 385, 264, 105, 67, 284, 424, 235, 69, 387, 121, 290, 341, 422, 223, 228, 305, 48, 211, 34, 307, 418, 4, 458, 416]
Within-Region SSD: 133.65253272141382

k = 10
[74, 399, 230, 365, 253, 75, 410, 120, 189, 173, 384, 231, 501, 167, 435, 209, 128, 402]
[506, 217, 263, 208, 180, 113, 360, 212, 356, 324]
[455, 268, 302, 257, 49, 150, 390, 427, 429, 457]
[248, 340, 90, 438, 442, 254, 494, 461, 135, 433, 92, 419]
[134, 472, 7, 125, 431, 463, 32, 227, 469, 451, 464, 449, 132, 325, 459, 31, 100, 87, 80, 471, 170, 475, 39, 145, 428, 239, 446, 269, 136, 96, 499, 114, 270, 144, 434, 64, 473, 500]
[177, 468, 286, 196, 344, 213, 240, 462, 244, 316, 216, 364, 236, 430, 238, 37, 193, 311, 200, 229, 292, 320, 382, 383, 258]
[388, 395, 484, 396, 234, 122, 389, 18, 21]
[130, 242, 13, 261, 369, 347, 184, 255, 378, 408, 260, 318, 346, 317, 488, 443, 406, 141, 392, 508, 493, 393, 256, 415, 505, 116, 425, 485, 41, 301, 414, 412, 423, 91, 129, 156, 372, 104, 489, 377, 432, 35, 89, 417, 445, 465, 490, 397, 411, 224, 298, 126, 495, 165, 171, 409, 259, 503, 72, 386, 42, 17, 481, 295, 174, 20, 441, 275, 281, 149, 62, 401, 81, 137, 454, 106, 327, 321, 84, 63, 19, 413, 444, 300, 109, 280, 45, 221, 123, 504, 467, 437, 351, 93, 77, 119, 450, 133, 118, 163, 204, 299, 110, 262, 55, 131, 202, 47, 266, 10, 78, 206, 359, 233, 8, 58, 159, 492, 115, 52, 155, 56, 107, 51, 54, 308, 1, 187, 334, 9, 192, 331, 53, 50, 336, 426, 421, 148, 57, 142, 348, 152, 3, 2, 147, 146, 322]
[243, 197, 205, 124, 361, 15, 394, 326, 285, 276, 14, 477, 345, 339, 265, 161, 43, 83, 59, 343, 140, 335, 381, 353, 241, 466, 362, 60, 368, 279, 487, 313, 94, 79, 168, 38, 154, 46, 376, 289, 319, 176, 164, 498, 247, 6, 271, 456, 139, 99, 312, 218, 214, 85, 304, 201, 352, 476, 350, 249, 391, 354, 507, 482, 375, 195, 287, 186, 282, 357, 342, 288, 188, 117, 215, 194, 404, 179, 367, 175, 36, 294, 181, 338, 225, 323, 232, 373, 28, 251, 267, 191, 273, 226, 151, 103, 222, 22, 349]
[86, 68, 190, 26, 101, 66, 27, 153, 447, 23, 293, 309, 143, 374, 158, 337, 283, 70, 333, 278, 24, 162, 25, 358, 98, 291, 277, 314, 220, 182, 274, 440, 491, 315, 486, 33, 157, 5, 95, 166, 436, 303, 111, 127, 480, 82, 297, 252, 470, 245, 178, 366, 479, 478, 407, 246, 108, 185, 453, 355, 183, 207, 497, 474, 219, 272, 452, 76, 138, 237, 439, 329, 420, 330, 160, 385, 264, 105, 67, 284, 424, 235, 69, 387, 121, 290, 341, 422, 223, 228, 305, 48, 211, 34, 307, 418, 4, 458, 416]
Within-Region SSD: 126.51233070121168

