k = 2
[13, 130, 261, 242, 369, 255, 362, 59, 477, 343, 60, 466, 260, 347, 368, 345, 154, 140, 14, 15, 83, 205, 408, 378, 184, 243, 318, 197, 317, 276, 124, 239, 265, 326, 136, 394, 168, 488, 346, 141, 499, 64, 476, 339, 176, 91, 139, 361, 161, 285, 493, 473, 248, 46, 498, 381, 99, 89, 126, 319, 259, 43, 412, 415, 256, 270, 279, 487, 353, 504, 413, 224, 500, 449, 31, 96, 335, 327, 104, 441, 386, 298, 417, 442, 438, 100, 135, 144, 281, 411, 481, 396, 62, 401, 484, 377, 469, 325, 87, 254, 451, 80, 170, 174, 163, 432, 409, 388, 19, 395, 156, 503, 489, 372, 494, 132, 495, 459, 463, 114, 149, 72, 63, 10, 397, 390, 134, 42, 129, 433, 464, 47, 123, 204, 52, 8, 445, 49, 125, 472, 41, 419, 221, 115, 45, 107, 334, 54, 257, 431, 92, 414, 32, 110, 454, 233, 119, 84, 159, 78, 9, 53, 106, 227, 461, 7, 425, 456, 423, 485, 81, 266, 77, 131, 93, 56, 51, 308, 340, 90, 164, 443, 300, 467, 446, 206, 58, 50, 142, 434, 392, 393, 508, 492, 437, 145, 299, 55, 421, 148, 3, 406, 116, 137, 359, 444, 202, 187, 348, 146, 155, 301, 38, 275, 118, 455, 450, 133, 152, 322, 1, 2, 241, 505, 295, 109, 471, 262, 336, 147, 79, 234, 268, 302, 429, 475, 192, 57, 150, 457, 427, 39, 426, 321, 269, 428, 490, 331, 342, 94, 35, 194, 344, 280, 171, 465, 236, 229, 404, 391, 351, 389, 165, 244, 193, 383, 37, 17, 122, 213, 430, 292, 20, 18, 316, 312, 350, 382, 21, 282, 196, 247, 249, 179, 352, 286, 357, 468, 226, 240, 349, 177, 267]
[283, 70, 22, 420, 264, 365, 506, 128, 458, 217, 307, 453, 497, 207, 219, 211, 189, 402, 435, 121, 230, 5, 157, 440, 436, 33, 252, 111, 143, 337, 374, 333, 237, 158, 273, 251, 491, 314, 486, 75, 68, 103, 86, 190, 27, 218, 288, 200, 375, 367, 222, 186, 358, 117, 4, 341, 95, 324, 356, 74, 407, 399, 410, 98, 277, 315, 6, 439, 330, 105, 138, 178, 478, 355, 297, 284, 212, 253, 113, 360, 209, 36, 225, 28, 452, 215, 313, 376, 289, 462, 354, 153, 447, 66, 304, 201, 162, 263, 278, 208, 418, 160, 101, 23, 127, 185, 293, 67, 180, 235, 258, 364, 294, 373, 232, 151, 216, 181, 175, 223, 167, 501, 272, 76, 320, 238, 246, 384, 387, 290, 48, 507, 482, 309, 323, 120, 228, 422, 480, 470, 85, 274, 183, 303, 69, 214, 173, 231, 329, 385, 287, 188, 311, 82, 479, 26, 474, 416, 220, 182, 291, 424, 338, 271, 366, 245, 25, 24, 108, 34, 305, 166, 195, 191]
Within-Region SSD: 186.54705680436263

k = 3
[283, 70, 22, 420, 264, 365, 506, 128, 458, 217, 307, 453, 497, 207, 219, 211, 189, 402, 435, 121, 230, 5, 157, 440, 436, 33, 252, 111, 143, 337, 374, 333, 237, 158, 273, 251, 491, 314, 486, 75, 68, 103, 86, 190, 27, 218, 288, 200, 375, 367, 222, 186, 358, 117, 4, 341, 95, 324, 356, 74, 407, 399, 410, 98, 277, 315, 6, 439, 330, 105, 138, 178, 478, 355, 297, 284, 212, 253, 113, 360, 209, 36, 225, 28, 452, 215, 313, 376, 289, 462, 354, 153, 447, 66, 304, 201, 162, 263, 278, 208, 418, 160, 101, 23, 127, 185, 293, 67, 180, 235, 258, 364, 294, 373, 232, 151, 216, 181, 175, 223, 167, 501, 272, 76, 320, 238, 246, 384, 387, 290, 48, 507, 482, 309, 323, 120, 228, 422, 480, 470, 85, 274, 183, 303, 69, 214, 173, 231, 329, 385, 287, 188, 311, 82, 479, 26, 474, 416, 220, 182, 291, 424, 338, 271, 366, 245, 25, 24, 108, 34, 305, 166, 195, 191]
[13, 130, 261, 242, 369, 255, 362, 59, 477, 343, 60, 466, 260, 347, 368, 345, 154, 140, 14, 15, 83, 205, 408, 378, 184, 243, 318, 197, 317, 276, 124, 239, 265, 326, 136, 394, 168, 488, 346, 141, 499, 64, 476, 339, 176, 91, 139, 361, 161, 285, 493, 473, 248, 46, 498, 381, 99, 89, 126, 319, 259, 43, 412, 415, 256, 270, 279, 487, 353, 504, 413, 224, 500, 449, 31, 96, 335, 327, 104, 441, 386, 298, 417, 442, 438, 100, 135, 144, 281, 411, 481, 396, 62, 401, 484, 377, 469, 325, 87, 254, 451, 80, 170, 174, 163, 432, 409, 388, 19, 395, 156, 503, 489, 372, 494, 132, 495, 459, 463, 114, 149, 72, 63, 10, 397, 390, 134, 42, 129, 433, 464, 47, 123, 52, 8, 445, 49, 125, 472, 41, 419, 221, 115, 107, 334, 54, 257, 431, 92, 414, 32, 110, 454, 233, 78, 9, 53, 106, 227, 461, 7, 425, 456, 423, 485, 81, 131, 93, 56, 51, 308, 340, 90, 164, 443, 300, 446, 206, 58, 50, 142, 434, 392, 393, 508, 437, 145, 299, 55, 421, 148, 3, 406, 116, 187, 348, 146, 155, 301, 38, 152, 322, 1, 2, 241, 505, 336, 147, 79, 192, 57, 426, 321, 331, 342, 94, 194, 344, 280, 236, 229, 404, 391, 351, 244, 193, 383, 37, 213, 430, 292, 316, 312, 350, 382, 282, 196, 247, 249, 179, 352, 286, 357, 468, 226, 240, 349, 177, 267]
[204, 45, 119, 84, 159, 266, 77, 467, 492, 137, 359, 444, 202, 275, 118, 455, 450, 133, 295, 109, 471, 262, 234, 268, 302, 429, 475, 150, 457, 427, 39, 269, 428, 490, 35, 171, 465, 389, 165, 17, 122, 20, 18, 21]
Within-Region SSD: 168.41631447419755

k = 4
[13, 130, 261, 242, 369, 255, 362, 59, 477, 343, 60, 466, 260, 347, 368, 345, 154, 140, 14, 15, 83, 205, 408, 378, 184, 243, 318, 197, 317, 276, 124, 239, 265, 326, 136, 394, 168, 488, 346, 141, 499, 64, 476, 339, 176, 91, 139, 361, 161, 285, 493, 473, 248, 46, 498, 381, 99, 89, 126, 319, 259, 43, 412, 415, 256, 270, 279, 487, 353, 504, 413, 224, 500, 449, 31, 96, 335, 327, 104, 441, 386, 298, 417, 442, 438, 100, 135, 144, 281, 411, 481, 396, 62, 401, 484, 377, 469, 325, 87, 254, 451, 80, 170, 174, 163, 432, 409, 388, 19, 395, 156, 503, 489, 372, 494, 132, 495, 459, 463, 114, 149, 72, 63, 10, 397, 390, 134, 42, 129, 433, 464, 47, 123, 52, 8, 445, 49, 125, 472, 41, 419, 221, 115, 107, 334, 54, 257, 431, 92, 414, 32, 110, 454, 233, 78, 9, 53, 106, 227, 461, 7, 425, 456, 423, 485, 81, 131, 93, 56, 51, 308, 340, 90, 164, 443, 300, 446, 206, 58, 50, 142, 434, 392, 393, 508, 437, 145, 299, 55, 421, 148, 3, 406, 116, 187, 348, 146, 155, 301, 38, 152, 322, 1, 2, 241, 505, 336, 147, 79, 192, 57, 426, 321, 331, 342, 94, 194, 344, 280, 236, 229, 404, 391, 351, 244, 193, 383, 37, 213, 430, 292, 316, 312, 350, 382, 282, 196, 247, 249, 179, 352, 286, 357, 468, 226, 240, 349, 177, 267]
[204, 45, 119, 84, 159, 266, 77, 467, 492, 137, 359, 444, 202, 275, 118, 455, 450, 133, 295, 109, 471, 262, 234, 268, 302, 429, 475, 150, 457, 427, 39, 269, 428, 490, 35, 171, 465, 389, 165, 17, 122, 20, 18, 21]
[283, 70, 22, 143, 222, 337, 374, 186, 358, 117, 333, 237, 304, 291, 175, 220, 182]
[420, 264, 365, 506, 128, 74, 235, 458, 217, 167, 272, 76, 307, 284, 211, 453, 497, 207, 219, 474, 4, 341, 189, 402, 435, 121, 230, 387, 290, 120, 173, 5, 157, 440, 436, 33, 252, 111, 166, 480, 470, 85, 183, 303, 185, 158, 273, 251, 309, 323, 491, 314, 486, 75, 274, 178, 68, 103, 86, 190, 27, 36, 225, 28, 452, 101, 66, 26, 218, 288, 200, 375, 367, 320, 287, 188, 311, 214, 195, 416, 422, 95, 324, 356, 212, 315, 407, 399, 410, 98, 277, 6, 180, 289, 439, 330, 105, 138, 478, 355, 297, 245, 246, 253, 113, 360, 209, 223, 208, 215, 191, 329, 294, 507, 313, 376, 462, 354, 271, 258, 153, 447, 201, 162, 263, 278, 418, 25, 24, 34, 160, 23, 293, 67, 127, 69, 228, 364, 373, 232, 151, 216, 181, 501, 384, 238, 48, 482, 424, 82, 231, 385, 338, 479, 366, 108, 305]
Within-Region SSD: 158.23459793737436

k = 5
[13, 130, 261, 242, 369, 255, 362, 59, 477, 343, 60, 466, 260, 347, 368, 345, 154, 140, 14, 15, 83, 205, 408, 378, 184, 243, 318, 197, 317, 276, 124, 239, 265, 326, 136, 394, 168, 488, 346, 141, 499, 64, 476, 339, 176, 91, 139, 361, 161, 285, 493, 473, 248, 46, 498, 381, 99, 89, 126, 319, 259, 43, 412, 415, 256, 270, 279, 487, 353, 504, 413, 224, 500, 449, 31, 96, 335, 327, 104, 441, 386, 298, 417, 442, 438, 100, 135, 144, 281, 411, 481, 396, 62, 401, 484, 377, 469, 325, 87, 254, 451, 80, 170, 174, 163, 432, 409, 388, 19, 395, 156, 503, 489, 372, 494, 132, 495, 459, 463, 114, 149, 72, 63, 10, 397, 390, 134, 42, 129, 433, 464, 47, 123, 52, 8, 445, 49, 125, 472, 41, 419, 221, 115, 107, 334, 54, 257, 431, 92, 414, 32, 110, 454, 233, 78, 9, 53, 106, 227, 461, 7, 425, 456, 423, 485, 81, 131, 93, 56, 51, 308, 340, 90, 164, 443, 300, 446, 206, 58, 50, 142, 434, 392, 393, 508, 437, 145, 299, 55, 421, 148, 3, 406, 116, 187, 348, 146, 155, 301, 38, 152, 322, 1, 2, 241, 505, 336, 147, 79, 192, 57, 426, 321, 331, 342, 94, 194, 344, 280, 236, 229, 404, 391, 351, 244, 193, 383, 37, 213, 430, 292, 316, 312, 350, 382, 282, 196, 247, 249, 179, 352, 286, 357, 468, 226, 240, 349, 177, 267]
[204, 45, 119, 84, 159, 266, 77, 467, 492, 137, 359, 444, 202, 275, 118, 455, 450, 133, 295, 109, 471, 262, 234, 268, 302, 429, 475, 150, 457, 427, 39, 269, 428, 490, 35, 171, 465, 389, 165, 17, 122, 20, 18, 21]
[283, 70, 22, 143, 222, 337, 374, 186, 358, 117, 333, 237, 304, 291, 175, 220, 182]
[420, 264, 365, 506, 128, 74, 235, 458, 217, 167, 272, 76, 407, 399, 120, 228, 307, 284, 219, 501, 329, 410, 230, 424, 211, 453, 246, 384, 452, 385, 402, 173, 4, 341, 497, 207, 355, 86, 138, 189, 231, 416, 422, 474, 178, 36, 225, 28, 309, 330, 435, 121, 366, 75, 478, 297, 215, 191, 251, 439, 387, 290, 479, 108, 314, 245, 294, 507, 273, 323, 105, 48, 82, 491, 486, 373, 232, 151, 201, 482, 158, 470, 274, 216, 271, 436, 181, 289, 5, 480, 85, 6, 313, 157, 440, 33, 98, 376, 462, 252, 111, 166, 315, 277, 354, 258, 183, 303, 185, 356, 180, 214, 364, 127, 324, 212, 367, 95, 253, 113, 288, 195, 360, 209, 218, 375, 223, 208, 200, 287, 188, 311, 263, 320, 338, 162, 418, 238, 278, 34, 25, 24, 305]
[68, 103, 190, 27, 101, 66, 26, 160, 153, 447, 23, 293, 67, 69]
Within-Region SSD: 150.60279839933244

k = 6
[13, 130, 261, 242, 369, 255, 362, 59, 477, 343, 60, 466, 260, 347, 368, 345, 154, 140, 14, 15, 83, 205, 408, 378, 184, 243, 318, 197, 317, 276, 124, 239, 265, 326, 136, 394, 168, 488, 346, 141, 499, 64, 476, 339, 176, 91, 139, 361, 161, 285, 493, 473, 248, 46, 498, 381, 99, 89, 126, 319, 259, 43, 412, 415, 256, 270, 279, 487, 353, 504, 413, 224, 500, 449, 31, 96, 335, 327, 104, 441, 386, 298, 417, 442, 438, 100, 135, 144, 281, 411, 481, 396, 62, 401, 484, 377, 469, 325, 87, 254, 451, 80, 170, 174, 163, 432, 409, 388, 19, 395, 156, 503, 489, 372, 494, 132, 495, 459, 463, 114, 149, 72, 63, 10, 397, 390, 134, 42, 129, 433, 464, 47, 123, 52, 8, 445, 49, 125, 472, 41, 419, 221, 115, 107, 334, 54, 257, 431, 92, 414, 32, 110, 454, 233, 78, 9, 53, 106, 227, 461, 7, 425, 456, 423, 485, 81, 131, 93, 56, 51, 308, 340, 90, 164, 443, 300, 446, 206, 58, 50, 142, 434, 392, 393, 508, 437, 145, 299, 55, 421, 148, 3, 406, 116, 187, 348, 146, 155, 301, 38, 152, 322, 1, 2, 241, 505, 336, 147, 79, 192, 57, 426, 321, 331, 342, 94, 194, 344, 280, 236, 229, 404, 391, 351, 244, 193, 383, 37, 213, 430, 292, 316, 312, 350, 382, 282, 196, 247, 249, 179, 352, 286, 357, 468, 226, 240, 349, 177, 267]
[204, 45, 119, 84, 159, 266, 77, 467, 492, 137, 359, 444, 202, 275, 118, 455, 450, 133, 295, 109, 471, 262, 234, 268, 302, 429, 475, 150, 457, 427, 39, 269, 428, 490, 35, 171, 465, 389, 165, 17, 122, 20, 18, 21]
[283, 70, 22, 143, 222, 337, 374, 186, 358, 117, 333, 237, 304, 291, 175, 220, 182]
[68, 103, 190, 27, 101, 66, 26, 160, 153, 447, 23, 293, 67, 69]
[420, 264, 365, 506, 128, 74, 235, 458, 217, 167, 272, 76, 407, 399, 120, 228, 307, 284, 219, 329, 410, 230, 424, 211, 453, 452, 385, 402, 173, 4, 341, 497, 207, 86, 138, 189, 231, 416, 422, 474, 36, 225, 28, 309, 330, 435, 121, 366, 215, 191, 251, 439, 387, 290, 479, 108, 294, 507, 273, 323, 105, 48, 82, 373, 232, 151, 201, 482, 158, 470, 216, 271, 436, 181, 289, 5, 480, 85, 6, 313, 157, 440, 33, 98, 376, 462, 252, 111, 166, 315, 277, 354, 258, 183, 303, 185, 356, 180, 214, 364, 127, 324, 212, 367, 95, 253, 113, 288, 195, 360, 209, 218, 375, 223, 208, 200, 287, 188, 311, 263, 320, 338, 162, 418, 238, 278, 34, 25, 24, 305]
[501, 246, 384, 355, 178, 75, 478, 297, 314, 245, 491, 486, 274]
Within-Region SSD: 142.30964455317906

k = 7
[204, 45, 119, 84, 159, 266, 77, 467, 492, 137, 359, 444, 202, 275, 118, 455, 450, 133, 295, 109, 471, 262, 234, 268, 302, 429, 475, 150, 457, 427, 39, 269, 428, 490, 35, 171, 465, 389, 165, 17, 122, 20, 18, 21]
[283, 70, 22, 143, 222, 337, 374, 186, 358, 117, 333, 237, 304, 291, 175, 220, 182]
[68, 103, 190, 27, 101, 66, 26, 160, 153, 447, 23, 293, 67, 69]
[420, 264, 365, 506, 128, 74, 235, 458, 217, 167, 272, 76, 407, 399, 120, 228, 307, 284, 219, 329, 410, 230, 424, 211, 453, 452, 385, 402, 173, 4, 341, 497, 207, 86, 138, 189, 231, 416, 422, 474, 36, 225, 28, 309, 330, 435, 121, 366, 215, 191, 251, 439, 387, 290, 479, 108, 294, 507, 273, 323, 105, 48, 82, 373, 232, 151, 201, 482, 158, 470, 216, 271, 436, 181, 289, 5, 480, 85, 6, 313, 157, 440, 33, 98, 376, 462, 252, 111, 166, 315, 277, 354, 258, 183, 303, 185, 356, 180, 214, 364, 127, 324, 212, 367, 95, 253, 113, 288, 195, 360, 209, 218, 375, 223, 208, 200, 287, 188, 311, 263, 320, 338, 162, 418, 238, 278, 34, 25, 24, 305]
[501, 246, 384, 355, 178, 75, 478, 297, 314, 245, 491, 486, 274]
[13, 130, 261, 242, 369, 255, 362, 59, 477, 343, 60, 466, 260, 347, 368, 345, 154, 140, 14, 15, 83, 205, 408, 378, 184, 243, 197, 124, 265, 326, 394, 168, 488, 346, 476, 339, 176, 91, 139, 361, 161, 285, 46, 498, 381, 99, 89, 126, 319, 259, 43, 279, 487, 353, 504, 413, 224, 335, 327, 104, 441, 386, 298, 417, 281, 411, 481, 396, 62, 401, 484, 377, 174, 163, 432, 409, 388, 19, 395, 156, 503, 489, 372, 149, 72, 63, 10, 397, 390, 134, 42, 129, 47, 123, 52, 8, 445, 49, 125, 472, 41, 221, 115, 107, 334, 54, 257, 431, 92, 414, 32, 110, 454, 233, 78, 9, 53, 106, 227, 461, 7, 425, 456, 423, 485, 81, 131, 93, 56, 51, 308, 340, 90, 164, 443, 300, 446, 206, 58, 50, 142, 434, 392, 393, 508, 437, 145, 299, 55, 421, 148, 3, 406, 116, 187, 348, 146, 155, 301, 38, 152, 322, 1, 2, 241, 505, 336, 147, 79, 192, 57, 426, 321, 331, 342, 94, 194, 344, 280, 236, 229, 404, 391, 351, 244, 193, 383, 37, 213, 430, 292, 316, 312, 350, 382, 282, 196, 247, 249, 179, 352, 286, 357, 468, 226, 240, 349, 177, 267]
[318, 317, 276, 239, 136, 141, 499, 64, 493, 473, 248, 412, 415, 256, 270, 500, 449, 31, 96, 442, 438, 100, 135, 144, 469, 325, 87, 254, 451, 80, 170, 494, 132, 495, 459, 463, 114, 433, 464, 419]
Within-Region SSD: 134.95223296904362

k = 8
[204, 45, 119, 84, 159, 266, 77, 467, 492, 137, 359, 444, 202, 275, 118, 455, 450, 133, 295, 109, 471, 262, 234, 268, 302, 429, 475, 150, 457, 427, 39, 269, 428, 490, 35, 171, 465, 389, 165, 17, 122, 20, 18, 21]
[283, 70, 22, 143, 222, 337, 374, 186, 358, 117, 333, 237, 304, 291, 175, 220, 182]
[68, 103, 190, 27, 101, 66, 26, 160, 153, 447, 23, 293, 67, 69]
[501, 246, 384, 355, 178, 75, 478, 297, 314, 245, 491, 486, 274]
[13, 130, 261, 242, 369, 255, 362, 59, 477, 343, 60, 466, 260, 347, 368, 345, 154, 140, 14, 15, 83, 205, 408, 378, 184, 243, 197, 124, 265, 326, 394, 168, 488, 346, 476, 339, 176, 91, 139, 361, 161, 285, 46, 498, 381, 99, 89, 126, 319, 259, 43, 279, 487, 353, 504, 413, 224, 335, 327, 104, 441, 386, 298, 417, 281, 411, 481, 396, 62, 401, 484, 377, 174, 163, 432, 409, 388, 19, 395, 156, 503, 489, 372, 149, 72, 63, 10, 397, 390, 134, 42, 129, 47, 123, 52, 8, 445, 49, 125, 472, 41, 221, 115, 107, 334, 54, 257, 431, 92, 414, 32, 110, 454, 233, 78, 9, 53, 106, 227, 461, 7, 425, 456, 423, 485, 81, 131, 93, 56, 51, 308, 340, 90, 164, 443, 300, 446, 206, 58, 50, 142, 434, 392, 393, 508, 437, 145, 299, 55, 421, 148, 3, 406, 116, 187, 348, 146, 155, 301, 38, 152, 322, 1, 2, 241, 505, 336, 147, 79, 192, 57, 426, 321, 331, 342, 94, 194, 344, 280, 236, 229, 404, 391, 351, 244, 193, 383, 37, 213, 430, 292, 316, 312, 350, 382, 282, 196, 247, 249, 179, 352, 286, 357, 468, 226, 240, 349, 177, 267]
[318, 317, 276, 239, 136, 141, 499, 64, 493, 473, 248, 412, 415, 256, 270, 500, 449, 31, 96, 442, 438, 100, 135, 144, 469, 325, 87, 254, 451, 80, 170, 494, 132, 495, 459, 463, 114, 433, 464, 419]
[420, 264, 365, 506, 128, 74, 458, 217, 167, 272, 76, 407, 399, 307, 284, 219, 329, 410, 211, 453, 452, 385, 4, 341, 497, 207, 86, 138, 416, 422, 474, 36, 225, 28, 309, 330, 366, 215, 191, 251, 439, 479, 108, 294, 507, 273, 323, 105, 82, 373, 232, 151, 201, 482, 158, 470, 216, 271, 436, 181, 289, 5, 480, 85, 6, 313, 157, 440, 33, 98, 376, 462, 252, 111, 166, 315, 277, 354, 258, 183, 303, 185, 356, 180, 214, 364, 127, 324, 212, 367, 95, 253, 113, 288, 195, 360, 209, 218, 375, 223, 208, 200, 287, 188, 311, 263, 320, 338, 162, 418, 238, 278, 34, 25, 24, 305]
[235, 120, 228, 230, 424, 402, 173, 189, 231, 435, 121, 387, 290, 48]
Within-Region SSD: 128.89758935403745

k = 9
[204, 45, 119, 84, 159, 266, 77, 467, 492, 137, 359, 444, 202, 275, 118, 455, 450, 133, 295, 109, 471, 262, 234, 268, 302, 429, 475, 150, 457, 427, 39, 269, 428, 490, 35, 171, 465, 389, 165, 17, 122, 20, 18, 21]
[283, 70, 22, 143, 222, 337, 374, 186, 358, 117, 333, 237, 304, 291, 175, 220, 182]
[68, 103, 190, 27, 101, 66, 26, 160, 153, 447, 23, 293, 67, 69]
[501, 246, 384, 355, 178, 75, 478, 297, 314, 245, 491, 486, 274]
[318, 317, 276, 239, 136, 141, 499, 64, 493, 473, 248, 412, 415, 256, 270, 500, 449, 31, 96, 442, 438, 100, 135, 144, 469, 325, 87, 254, 451, 80, 170, 494, 132, 495, 459, 463, 114, 433, 464, 419]
[420, 264, 365, 506, 128, 74, 458, 217, 167, 272, 76, 407, 399, 307, 284, 219, 329, 410, 211, 453, 452, 385, 4, 341, 497, 207, 86, 138, 416, 422, 474, 36, 225, 28, 309, 330, 366, 215, 191, 251, 439, 479, 108, 294, 507, 273, 323, 105, 82, 373, 232, 151, 201, 482, 158, 470, 216, 271, 436, 181, 289, 5, 480, 85, 6, 313, 157, 440, 33, 98, 376, 462, 252, 111, 166, 315, 277, 354, 258, 183, 303, 185, 356, 180, 214, 364, 127, 324, 212, 367, 95, 253, 113, 288, 195, 360, 209, 218, 375, 223, 208, 200, 287, 188, 311, 263, 320, 338, 162, 418, 238, 278, 34, 25, 24, 305]
[235, 120, 228, 230, 424, 402, 173, 189, 231, 435, 121, 387, 290, 48]
[13, 130, 261, 242, 369, 255, 362, 59, 477, 60, 347]
[343, 466, 260, 368, 345, 154, 140, 14, 15, 83, 205, 408, 378, 184, 243, 197, 124, 265, 326, 394, 168, 488, 346, 476, 339, 176, 91, 139, 361, 161, 285, 46, 498, 381, 99, 89, 126, 319, 259, 43, 279, 487, 353, 504, 413, 224, 335, 327, 104, 441, 386, 298, 417, 281, 411, 481, 396, 62, 401, 484, 377, 174, 163, 432, 409, 388, 19, 395, 156, 503, 489, 372, 149, 72, 63, 10, 397, 390, 134, 42, 129, 47, 123, 52, 8, 445, 49, 125, 472, 41, 221, 115, 107, 334, 54, 257, 431, 92, 414, 32, 110, 454, 233, 78, 9, 53, 106, 227, 461, 7, 425, 456, 423, 485, 81, 131, 93, 56, 51, 308, 340, 90, 164, 443, 300, 446, 206, 58, 50, 142, 434, 392, 393, 508, 437, 145, 299, 55, 421, 148, 3, 406, 116, 187, 348, 146, 155, 301, 38, 152, 322, 1, 2, 241, 505, 336, 147, 79, 192, 57, 426, 321, 331, 342, 94, 194, 344, 280, 236, 229, 404, 391, 351, 244, 193, 383, 37, 213, 430, 292, 316, 312, 350, 382, 282, 196, 247, 249, 179, 352, 286, 357, 468, 226, 240, 349, 177, 267]
Within-Region SSD: 124.7972065789177

k = 10
[204, 45, 119, 84, 159, 266, 77, 467, 492, 137, 359, 444, 202, 275, 118, 455, 450, 133, 295, 109, 471, 262, 234, 268, 302, 429, 475, 150, 457, 427, 39, 269, 428, 490, 35, 171, 465, 389, 165, 17, 122, 20, 18, 21]
[283, 70, 22, 143, 222, 337, 374, 186, 358, 117, 333, 237, 304, 291, 175, 220, 182]
[68, 103, 190, 27, 101, 66, 26, 160, 153, 447, 23, 293, 67, 69]
[501, 246, 384, 355, 178, 75, 478, 297, 314, 245, 491, 486, 274]
[318, 317, 276, 239, 136, 141, 499, 64, 493, 473, 248, 412, 415, 256, 270, 500, 449, 31, 96, 442, 438, 100, 135, 144, 469, 325, 87, 254, 451, 80, 170, 494, 132, 495, 459, 463, 114, 433, 464, 419]
[420, 264, 365, 506, 128, 74, 458, 217, 167, 272, 76, 407, 399, 307, 284, 219, 329, 410, 211, 453, 452, 385, 4, 341, 497, 207, 86, 138, 416, 422, 474, 36, 225, 28, 309, 330, 366, 215, 191, 251, 439, 479, 108, 294, 507, 273, 323, 105, 82, 373, 232, 151, 201, 482, 158, 470, 216, 271, 436, 181, 289, 5, 480, 85, 6, 313, 157, 440, 33, 98, 376, 462, 252, 111, 166, 315, 277, 354, 258, 183, 303, 185, 356, 180, 214, 364, 127, 324, 212, 367, 95, 253, 113, 288, 195, 360, 209, 218, 375, 223, 208, 200, 287, 188, 311, 263, 320, 338, 162, 418, 238, 278, 34, 25, 24, 305]
[235, 120, 228, 230, 424, 402, 173, 189, 231, 435, 121, 387, 290, 48]
[13, 130, 261, 242, 369, 255, 362, 59, 477, 60, 347]
[343, 466, 260, 368, 345, 154, 140, 14, 15, 83, 205, 408, 378, 184, 243, 197, 124, 265, 326, 394, 168, 488, 346, 476, 339, 176, 91, 139, 361, 161, 285, 46, 498, 381, 99, 89, 126, 319, 259, 43, 279, 487, 353, 504, 413, 224, 335, 327, 104, 441, 386, 298, 417, 281, 411, 481, 396, 62, 401, 484, 377, 174, 163, 432, 409, 388, 19, 395, 156, 503, 489, 372, 149, 72, 63, 10, 397, 390, 134, 42, 129, 47, 123, 52, 8, 445, 49, 125, 472, 41, 221, 115, 107, 334, 54, 257, 431, 92, 414, 32, 110, 454, 233, 78, 9, 53, 106, 227, 461, 7, 425, 456, 423, 485, 81, 131, 93, 56, 51, 308, 340, 90, 164, 443, 300, 446, 206, 58, 50, 142, 434, 392, 393, 508, 437, 145, 299, 55, 421, 148, 3, 406, 116, 187, 348, 146, 155, 301, 38, 152, 322, 1, 2, 241, 505, 336, 147, 79, 192, 57, 426, 321, 331, 342, 94, 194, 344, 280, 229, 404, 391, 351]
[236, 244, 193, 383, 37, 213, 430, 292, 316, 312, 350, 382, 282, 196, 247, 249, 179, 352, 286, 357, 468, 226, 240, 349, 177, 267]
Within-Region SSD: 121.71356858900127

