k = 2
[4, 34, 211, 263, 341, 307, 422, 416, 182, 217, 358, 387, 208, 506, 70, 385, 289, 305, 264, 278, 316, 6, 235, 25, 507, 313, 215, 98, 277, 120, 24, 304, 482, 462, 353, 94, 213, 181, 36, 356, 85, 402, 22, 357, 282, 247, 258, 364, 381, 281, 216, 225, 175, 447, 324, 491, 290, 352, 201, 354, 367, 383, 430, 249, 339, 279, 63, 174, 426, 226, 28, 117, 212, 75, 271, 351, 244, 320, 394, 335, 204, 47, 336, 331, 27, 253, 399, 376, 196, 236, 476, 498, 119, 72, 110, 322, 103, 37, 229, 286, 468, 193, 238, 46, 99, 487, 123, 295, 146, 26, 191, 66, 218, 292, 349, 240, 177, 200, 93, 126, 49, 234, 115, 69, 288, 188, 179, 267, 344, 194, 312, 78, 45, 386, 454, 233, 275, 67, 101, 382, 287, 311, 151, 338, 350, 206, 56, 77, 89, 359, 257, 302, 330, 160, 138, 105, 190, 391, 375, 294, 232, 159, 131, 52, 107, 298, 504, 492, 81, 389, 268, 455, 337, 439, 68, 195, 214, 342, 373, 299, 187, 55, 51, 9, 259, 171, 109, 428, 137, 145, 374, 333, 452, 280, 404, 266, 50, 334, 503, 19, 17, 106, 429, 269, 300, 444, 118, 283, 143, 284, 86, 321, 262, 84, 142, 421, 8, 156, 224, 139, 397, 18, 475, 467, 450, 437, 273, 309, 158, 237, 57, 2, 42, 129, 377, 122, 133, 446, 251, 222, 293, 329, 148, 165, 125, 168, 221, 202, 186, 162, 23, 323, 76, 152, 134, 149, 153, 420, 147, 348, 92, 128, 54, 463, 272, 365, 155, 192, 10, 254, 7, 459, 173, 384, 74, 407, 231, 3, 1, 163, 90, 465, 167, 501, 189, 410, 308, 58, 31, 248, 464, 453, 219, 497, 121, 230, 360, 178, 53, 325, 270, 64, 246, 207, 424, 48, 113, 297, 108, 96, 136, 355, 474, 458, 228, 209, 435, 180, 274, 366, 245, 114, 141, 418, 223, 95, 314, 479, 144, 80, 493, 315, 82, 170, 87, 425, 485, 220, 470, 252, 303, 239, 471, 164, 291, 480, 157, 183, 317, 457, 38, 5, 111, 440, 443, 406, 423, 505, 436, 185, 127, 166, 393, 392, 319, 33, 478, 486, 116, 301, 241, 508, 161, 43, 265, 79, 285, 327, 91, 326, 176, 414, 346, 197, 124, 415, 456, 488, 318, 276, 243, 449, 256, 378, 408, 41, 32, 184, 361, 205, 412, 60, 242, 15, 499, 59, 347, 14, 340, 473, 477, 261, 83, 345, 227, 438, 13, 466, 343, 368, 469, 461, 500, 130, 369, 260, 140, 154, 419, 494, 433, 431, 442, 434, 362, 472, 132, 255]
[417, 489, 104, 21, 441, 20, 481, 396, 62, 445, 409, 490, 39, 427, 35, 100, 372, 411, 432, 395, 388, 390, 484, 401, 413, 150, 495, 451, 135]
Within-Region SSD: 208.42751141552438

k = 3
[417, 489, 104, 21, 441, 20, 481, 396, 62, 445, 409, 490, 39, 427, 35, 100, 372, 411, 432, 395, 388, 390, 484, 401, 413, 150, 495, 451, 135]
[4, 34, 211, 263, 341, 307, 422, 416, 182, 217, 358, 387, 208, 506, 70, 385, 289, 305, 264, 278, 316, 6, 235, 25, 507, 313, 215, 98, 277, 120, 24, 304, 482, 462, 353, 94, 213, 181, 36, 356, 85, 402, 22, 357, 282, 247, 258, 364, 381, 281, 216, 225, 175, 447, 324, 491, 290, 352, 201, 354, 367, 383, 430, 249, 339, 279, 63, 174, 426, 226, 28, 117, 212, 75, 271, 351, 244, 320, 394, 335, 204, 47, 336, 331, 27, 253, 399, 376, 196, 236, 476, 498, 119, 72, 110, 322, 103, 37, 229, 286, 468, 193, 238, 46, 99, 487, 123, 295, 146, 26, 191, 66, 218, 292, 349, 240, 177, 200, 93, 126, 49, 234, 115, 69, 288, 188, 179, 267, 344, 194, 312, 78, 45, 386, 454, 233, 275, 67, 101, 382, 287, 311, 151, 338, 350, 206, 56, 77, 89, 359, 257, 302, 330, 160, 138, 105, 190, 391, 375, 294, 232, 159, 131, 52, 107, 298, 504, 492, 81, 389, 268, 455, 439, 68, 195, 214, 342, 373, 299, 187, 55, 51, 9, 259, 171, 109, 428, 137, 145, 452, 280, 404, 266, 50, 334, 503, 19, 17, 106, 429, 269, 300, 444, 118, 86, 321, 262, 84, 142, 421, 8, 156, 224, 139, 397, 18, 475, 467, 450, 437, 57, 2, 42, 129, 377, 122, 133, 446, 148, 165, 125, 168, 221, 202, 152, 134, 149, 147, 348, 92, 54, 463, 155, 192, 10, 254, 7, 459, 3, 1, 163, 90, 465, 308, 58, 31, 248, 464, 53, 325, 270, 64, 96, 136, 114, 141, 144, 80, 493, 170, 87, 425, 485, 239, 471, 164, 317, 457, 38, 443, 406, 423, 505, 393, 392, 319, 116, 301, 241, 508, 161, 43, 265, 79, 285, 327, 91, 326, 176, 414, 346, 197, 124, 415, 456, 488, 318, 276, 243, 449, 256, 378, 408, 41, 32, 184, 361, 205, 412, 60, 242, 15, 499, 59, 347, 14, 340, 473, 477, 261, 83, 345, 227, 438, 13, 466, 343, 368, 469, 461, 500, 130, 369, 260, 140, 154, 419, 494, 433, 431, 442, 434, 362, 472, 132, 255]
[337, 374, 333, 283, 143, 284, 273, 309, 158, 237, 251, 222, 293, 329, 186, 162, 23, 323, 76, 153, 420, 128, 272, 365, 173, 384, 74, 407, 231, 167, 501, 189, 410, 453, 219, 497, 121, 230, 360, 178, 246, 207, 424, 48, 113, 297, 108, 355, 474, 458, 228, 209, 435, 180, 274, 366, 245, 418, 223, 95, 314, 479, 315, 82, 220, 470, 252, 303, 291, 480, 157, 183, 5, 111, 440, 436, 185, 127, 166, 33, 478, 486]
Within-Region SSD: 196.62589065497403

k = 4
[417, 489, 104, 21, 441, 20, 481, 396, 62, 445, 409, 490, 39, 427, 35, 100, 372, 411, 432, 395, 388, 390, 484, 401, 413, 150, 495, 451, 135]
[337, 374, 333, 283, 143, 284, 273, 309, 158, 237, 251, 222, 293, 329, 186, 162, 23, 323, 76, 153, 420, 128, 272, 365, 173, 384, 74, 407, 231, 167, 501, 189, 410, 453, 219, 497, 121, 230, 360, 178, 246, 207, 424, 48, 113, 297, 108, 355, 474, 458, 228, 209, 435, 180, 274, 366, 245, 418, 223, 95, 314, 479, 315, 82, 220, 470, 252, 303, 291, 480, 157, 183, 5, 111, 440, 436, 185, 127, 166, 33, 478, 486]
[4, 34, 211, 263, 341, 307, 422, 416, 182, 217, 358, 387, 208, 506, 70, 385, 289, 305, 264, 278, 316, 6, 235, 25, 507, 313, 215, 98, 277, 120, 24, 304, 482, 462, 353, 94, 213, 181, 36, 356, 85, 402, 22, 357, 282, 247, 258, 364, 381, 281, 216, 225, 175, 447, 324, 491, 290, 352, 201, 354, 367, 383, 430, 249, 339, 279, 63, 174, 426, 226, 28, 117, 212, 75, 271, 351, 244, 320, 394, 335, 204, 47, 336, 331, 27, 253, 399, 376, 196, 476, 498, 119, 72, 110, 322, 103, 46, 99, 487, 123, 295, 146, 26, 191, 66, 93, 126, 49, 234, 115, 69, 78, 45, 386, 454, 233, 275, 67, 101, 206, 56, 77, 89, 359, 257, 302, 330, 160, 138, 105, 190, 159, 131, 52, 107, 298, 504, 492, 81, 389, 268, 455, 439, 68, 299, 187, 55, 51, 9, 259, 171, 109, 428, 137, 145, 452, 266, 50, 334, 503, 19, 17, 106, 429, 269, 300, 444, 118, 86, 262, 84, 142, 421, 8, 156, 224, 139, 397, 18, 475, 467, 450, 437, 2, 42, 129, 377, 122, 133, 446, 165, 125, 168, 221, 202, 134, 149, 92, 463, 254, 7, 459, 90, 465, 31, 248, 464, 325, 270, 64, 96, 136, 114, 141, 144, 80, 493, 170, 87, 425, 485, 239, 471, 164, 317, 457, 38, 443, 406, 423, 505, 393, 392, 319, 116, 301, 241, 508, 161, 43, 265, 79, 285, 327, 91, 326, 176, 414, 346, 197, 124, 415, 456, 488, 318, 276, 243, 449, 256, 378, 408, 41, 32, 184, 361, 205, 412, 60, 242, 15, 499, 59, 347, 14, 340, 473, 477, 261, 83, 345, 227, 438, 13, 466, 343, 368, 469, 461, 500, 130, 369, 260, 140, 154, 419, 494, 433, 431, 442, 434, 362, 472, 132, 255]
[236, 37, 229, 286, 468, 193, 238, 218, 292, 349, 240, 177, 200, 288, 188, 179, 267, 344, 194, 312, 382, 287, 311, 151, 338, 350, 391, 375, 294, 232, 195, 214, 342, 373, 280, 404, 321, 57, 148, 152, 147, 348, 54, 155, 192, 10, 3, 1, 163, 308, 58, 53]
Within-Region SSD: 181.16576916905277

k = 5
[417, 489, 104, 21, 441, 20, 481, 396, 62, 445, 409, 490, 39, 427, 35, 100, 372, 411, 432, 395, 388, 390, 484, 401, 413, 150, 495, 451, 135]
[337, 374, 333, 283, 143, 284, 273, 309, 158, 237, 251, 222, 293, 329, 186, 162, 23, 323, 76, 153, 420, 128, 272, 365, 173, 384, 74, 407, 231, 167, 501, 189, 410, 453, 219, 497, 121, 230, 360, 178, 246, 207, 424, 48, 113, 297, 108, 355, 474, 458, 228, 209, 435, 180, 274, 366, 245, 418, 223, 95, 314, 479, 315, 82, 220, 470, 252, 303, 291, 480, 157, 183, 5, 111, 440, 436, 185, 127, 166, 33, 478, 486]
[236, 37, 229, 286, 468, 193, 238, 218, 292, 349, 240, 177, 200, 288, 188, 179, 267, 344, 194, 312, 382, 287, 311, 151, 338, 350, 391, 375, 294, 232, 195, 214, 342, 373, 280, 404, 321, 57, 148, 152, 147, 348, 54, 155, 192, 10, 3, 1, 163, 308, 58, 53]
[4, 34, 211, 263, 341, 307, 422, 416, 182, 217, 358, 387, 208, 506, 70, 385, 289, 305, 264, 278, 316, 6, 235, 25, 507, 313, 215, 98, 277, 120, 24, 304, 482, 462, 353, 94, 213, 181, 36, 356, 85, 402, 22, 357, 282, 247, 258, 364, 381, 281, 216, 225, 175, 447, 324, 491, 290, 352, 201, 354, 367, 383, 430, 249, 339, 279, 63, 174, 426, 226, 28, 117, 212, 75, 271, 351, 244, 320, 394, 335, 204, 47, 336, 331, 27, 253, 399, 376, 196, 476, 498, 119, 72, 110, 322, 103, 46, 99, 487, 123, 295, 146, 26, 191, 66, 93, 126, 49, 234, 115, 69, 78, 45, 386, 454, 233, 275, 67, 101, 206, 56, 77, 89, 359, 257, 302, 330, 160, 138, 105, 190, 159, 131, 52, 107, 298, 504, 492, 81, 389, 268, 455, 439, 68, 299, 187, 55, 51, 9, 259, 171, 109, 428, 137, 145, 452, 266, 50, 334, 503, 19, 17, 106, 429, 269, 300, 444, 118, 86, 262, 84, 142, 421, 8, 156, 224, 139, 397, 18, 475, 467, 450, 437, 2, 42, 129, 377, 122, 133, 446, 165, 125, 168, 221, 202, 134, 149, 92, 463, 254, 7, 459, 90, 465, 31, 248, 464, 325, 270, 64, 96, 136, 114, 141, 80, 493, 87, 425, 485, 471, 164, 457, 38, 423, 505, 319]
[144, 170, 239, 317, 443, 406, 393, 392, 116, 301, 241, 508, 161, 43, 265, 79, 285, 327, 91, 326, 176, 414, 346, 197, 124, 415, 456, 488, 318, 276, 243, 449, 256, 378, 408, 41, 32, 184, 361, 205, 412, 60, 242, 15, 499, 59, 347, 14, 340, 473, 477, 261, 83, 345, 227, 438, 13, 466, 343, 368, 469, 461, 500, 130, 369, 260, 140, 154, 419, 494, 433, 431, 442, 434, 362, 472, 132, 255]
Within-Region SSD: 165.35984222716652

k = 6
[417, 489, 104, 21, 441, 20, 481, 396, 62, 445, 409, 490, 39, 427, 35, 100, 372, 411, 432, 395, 388, 390, 484, 401, 413, 150, 495, 451, 135]
[337, 374, 333, 283, 143, 284, 273, 309, 158, 237, 251, 222, 293, 329, 186, 162, 23, 323, 76, 153, 420, 128, 272, 365, 173, 384, 74, 407, 231, 167, 501, 189, 410, 453, 219, 497, 121, 230, 360, 178, 246, 207, 424, 48, 113, 297, 108, 355, 474, 458, 228, 209, 435, 180, 274, 366, 245, 418, 223, 95, 314, 479, 315, 82, 220, 470, 252, 303, 291, 480, 157, 183, 5, 111, 440, 436, 185, 127, 166, 33, 478, 486]
[236, 37, 229, 286, 468, 193, 238, 218, 292, 349, 240, 177, 200, 288, 188, 179, 267, 344, 194, 312, 382, 287, 311, 151, 338, 350, 391, 375, 294, 232, 195, 214, 342, 373, 280, 404, 321, 57, 148, 152, 147, 348, 54, 155, 192, 10, 3, 1, 163, 308, 58, 53]
[144, 170, 239, 317, 443, 406, 393, 392, 116, 301, 241, 508, 161, 43, 265, 79, 285, 327, 91, 326, 176, 414, 346, 197, 124, 415, 456, 488, 318, 276, 243, 449, 256, 378, 408, 41, 32, 184, 361, 205, 412, 60, 242, 15, 499, 59, 347, 14, 340, 473, 477, 261, 83, 345, 227, 438, 13, 466, 343, 368, 469, 461, 500, 130, 369, 260, 140, 154, 419, 494, 433, 431, 442, 434, 362, 472, 132, 255]
[4, 34, 211, 263, 341, 307, 422, 416, 182, 217, 358, 387, 208, 506, 70, 385, 289, 305, 264, 278, 316, 6, 235, 25, 507, 313, 215, 98, 277, 120, 24, 304, 482, 462, 353, 94, 213, 181, 36, 356, 85, 402, 22, 357, 282, 247, 258, 364, 381, 281, 216, 225, 175, 447, 324, 491, 290, 352, 201, 354, 367, 383, 430, 249, 339, 279, 63, 174, 426, 226, 28, 117, 212, 75, 271, 351, 244, 320, 394, 335, 204, 47, 336, 331, 27, 253, 399, 376, 196, 476, 498, 119, 72, 110, 322, 103, 46, 99, 487, 123, 295, 146, 26, 191, 66, 93, 126, 49, 234, 115, 69, 78, 45, 386, 454, 233, 275, 67, 101, 206, 56, 77, 89, 359, 257, 302, 330, 160, 138, 105, 190, 159, 131, 52, 107, 298, 504, 492, 81, 389, 268, 455, 439, 68, 299, 187, 55, 51, 9, 259, 171, 109, 428, 145, 452, 266, 50, 334, 503, 19, 17, 106, 429, 269, 118, 86, 262, 84, 142, 421, 8, 156, 224, 139, 397, 18, 475, 437, 2, 42, 129, 377, 122, 165, 125, 168, 134, 92, 463, 254, 7, 459, 90, 465, 31, 248, 464, 325, 270, 64, 96, 136, 114, 141, 80, 493, 87, 425, 485, 471, 164, 457, 38, 423, 505, 319]
[137, 300, 444, 467, 450, 133, 446, 221, 202, 149]
Within-Region SSD: 154.39659337433116

k = 7
[417, 489, 104, 21, 441, 20, 481, 396, 62, 445, 409, 490, 39, 427, 35, 100, 372, 411, 432, 395, 388, 390, 484, 401, 413, 150, 495, 451, 135]
[337, 374, 333, 283, 143, 284, 273, 309, 158, 237, 251, 222, 293, 329, 186, 162, 23, 323, 76, 153, 420, 128, 272, 365, 173, 384, 74, 407, 231, 167, 501, 189, 410, 453, 219, 497, 121, 230, 360, 178, 246, 207, 424, 48, 113, 297, 108, 355, 474, 458, 228, 209, 435, 180, 274, 366, 245, 418, 223, 95, 314, 479, 315, 82, 220, 470, 252, 303, 291, 480, 157, 183, 5, 111, 440, 436, 185, 127, 166, 33, 478, 486]
[236, 37, 229, 286, 468, 193, 238, 218, 292, 349, 240, 177, 200, 288, 188, 179, 267, 344, 194, 312, 382, 287, 311, 151, 338, 350, 391, 375, 294, 232, 195, 214, 342, 373, 280, 404, 321, 57, 148, 152, 147, 348, 54, 155, 192, 10, 3, 1, 163, 308, 58, 53]
[4, 34, 211, 263, 341, 307, 422, 416, 182, 217, 358, 387, 208, 506, 70, 385, 289, 305, 264, 278, 316, 6, 235, 25, 507, 313, 215, 98, 277, 120, 24, 304, 482, 462, 353, 94, 213, 181, 36, 356, 85, 402, 22, 357, 282, 247, 258, 364, 381, 281, 216, 225, 175, 447, 324, 491, 290, 352, 201, 354, 367, 383, 430, 249, 339, 279, 63, 174, 426, 226, 28, 117, 212, 75, 271, 351, 244, 320, 394, 335, 204, 47, 336, 331, 27, 253, 399, 376, 196, 476, 498, 119, 72, 110, 322, 103, 46, 99, 487, 123, 295, 146, 26, 191, 66, 93, 126, 49, 234, 115, 69, 78, 45, 386, 454, 233, 275, 67, 101, 206, 56, 77, 89, 359, 257, 302, 330, 160, 138, 105, 190, 159, 131, 52, 107, 298, 504, 492, 81, 389, 268, 455, 439, 68, 299, 187, 55, 51, 9, 259, 171, 109, 428, 145, 452, 266, 50, 334, 503, 19, 17, 106, 429, 269, 118, 86, 262, 84, 142, 421, 8, 156, 224, 139, 397, 18, 475, 437, 2, 42, 129, 377, 122, 165, 125, 168, 134, 92, 463, 254, 7, 459, 90, 465, 31, 248, 464, 325, 270, 64, 96, 136, 114, 141, 80, 493, 87, 425, 485, 471, 164, 457, 38, 423, 505, 319]
[137, 300, 444, 467, 450, 133, 446, 221, 202, 149]
[144, 170, 239, 317, 443, 406, 393, 392, 116, 301, 241, 508, 161, 43, 265, 79, 285, 327, 91, 326, 176, 414, 346, 197, 124, 415, 456, 488, 276, 243, 449, 256, 408, 41, 32, 205, 412, 15, 499, 14, 340, 473, 83, 345, 227, 438, 466, 343, 368, 469, 461, 500, 260, 140, 154, 419, 494, 433, 431, 442, 434, 362, 472, 132, 255]
[318, 378, 184, 361, 60, 242, 59, 347, 477, 261, 13, 130, 369]
Within-Region SSD: 146.06582414356228

k = 8
[417, 489, 104, 21, 441, 20, 481, 396, 62, 445, 409, 490, 39, 427, 35, 100, 372, 411, 432, 395, 388, 390, 484, 401, 413, 150, 495, 451, 135]
[236, 37, 229, 286, 468, 193, 238, 218, 292, 349, 240, 177, 200, 288, 188, 179, 267, 344, 194, 312, 382, 287, 311, 151, 338, 350, 391, 375, 294, 232, 195, 214, 342, 373, 280, 404, 321, 57, 148, 152, 147, 348, 54, 155, 192, 10, 3, 1, 163, 308, 58, 53]
[4, 34, 211, 263, 341, 307, 422, 416, 182, 217, 358, 387, 208, 506, 70, 385, 289, 305, 264, 278, 316, 6, 235, 25, 507, 313, 215, 98, 277, 120, 24, 304, 482, 462, 353, 94, 213, 181, 36, 356, 85, 402, 22, 357, 282, 247, 258, 364, 381, 281, 216, 225, 175, 447, 324, 491, 290, 352, 201, 354, 367, 383, 430, 249, 339, 279, 63, 174, 426, 226, 28, 117, 212, 75, 271, 351, 244, 320, 394, 335, 204, 47, 336, 331, 27, 253, 399, 376, 196, 476, 498, 119, 72, 110, 322, 103, 46, 99, 487, 123, 295, 146, 26, 191, 66, 93, 126, 49, 234, 115, 69, 78, 45, 386, 454, 233, 275, 67, 101, 206, 56, 77, 89, 359, 257, 302, 330, 160, 138, 105, 190, 159, 131, 52, 107, 298, 504, 492, 81, 389, 268, 455, 439, 68, 299, 187, 55, 51, 9, 259, 171, 109, 428, 145, 452, 266, 50, 334, 503, 19, 17, 106, 429, 269, 118, 86, 262, 84, 142, 421, 8, 156, 224, 139, 397, 18, 475, 437, 2, 42, 129, 377, 122, 165, 125, 168, 134, 92, 463, 254, 7, 459, 90, 465, 31, 248, 464, 325, 270, 64, 96, 136, 114, 141, 80, 493, 87, 425, 485, 471, 164, 457, 38, 423, 505, 319]
[137, 300, 444, 467, 450, 133, 446, 221, 202, 149]
[144, 170, 239, 317, 443, 406, 393, 392, 116, 301, 241, 508, 161, 43, 265, 79, 285, 327, 91, 326, 176, 414, 346, 197, 124, 415, 456, 488, 276, 243, 449, 256, 408, 41, 32, 205, 412, 15, 499, 14, 340, 473, 83, 345, 227, 438, 466, 343, 368, 469, 461, 500, 260, 140, 154, 419, 494, 433, 431, 442, 434, 362, 472, 132, 255]
[318, 378, 184, 361, 60, 242, 59, 347, 477, 261, 13, 130, 369]
[337, 374, 333, 283, 143, 284, 273, 309, 158, 237, 251, 222, 293, 329, 186, 162, 23, 323, 76, 153, 420, 128, 272, 365, 173, 384, 74, 407, 231, 167, 501, 189, 410, 453, 219, 497, 121, 230, 360, 178, 246, 207, 424, 48, 113, 297, 108, 355, 474, 458, 228, 209, 435, 180, 274, 366, 245, 418, 223, 95, 314, 315, 220, 291]
[479, 82, 470, 252, 303, 480, 157, 183, 5, 111, 440, 436, 185, 127, 166, 33, 478, 486]
Within-Region SSD: 141.69991924857553

k = 9
[417, 489, 104, 21, 441, 20, 481, 396, 62, 445, 409, 490, 39, 427, 35, 100, 372, 411, 432, 395, 388, 390, 484, 401, 413, 150, 495, 451, 135]
[236, 37, 229, 286, 468, 193, 238, 218, 292, 349, 240, 177, 200, 288, 188, 179, 267, 344, 194, 312, 382, 287, 311, 151, 338, 350, 391, 375, 294, 232, 195, 214, 342, 373, 280, 404, 321, 57, 148, 152, 147, 348, 54, 155, 192, 10, 3, 1, 163, 308, 58, 53]
[137, 300, 444, 467, 450, 133, 446, 221, 202, 149]
[144, 170, 239, 317, 443, 406, 393, 392, 116, 301, 241, 508, 161, 43, 265, 79, 285, 327, 91, 326, 176, 414, 346, 197, 124, 415, 456, 488, 276, 243, 449, 256, 408, 41, 32, 205, 412, 15, 499, 14, 340, 473, 83, 345, 227, 438, 466, 343, 368, 469, 461, 500, 260, 140, 154, 419, 494, 433, 431, 442, 434, 362, 472, 132, 255]
[318, 378, 184, 361, 60, 242, 59, 347, 477, 261, 13, 130, 369]
[337, 374, 333, 283, 143, 284, 273, 309, 158, 237, 251, 222, 293, 329, 186, 162, 23, 323, 76, 153, 420, 128, 272, 365, 173, 384, 74, 407, 231, 167, 501, 189, 410, 453, 219, 497, 121, 230, 360, 178, 246, 207, 424, 48, 113, 297, 108, 355, 474, 458, 228, 209, 435, 180, 274, 366, 245, 418, 223, 95, 314, 315, 220, 291]
[479, 82, 470, 252, 303, 480, 157, 183, 5, 111, 440, 436, 185, 127, 166, 33, 478, 486]
[4, 34, 211, 263, 341, 307, 422, 416, 182, 217, 358, 387, 208, 506, 70, 385, 289, 305, 264, 278, 316, 6, 235, 25, 313, 215, 98, 277, 120, 24, 462, 353, 94, 213, 181, 36, 356, 85, 402, 22, 247, 258, 364, 381, 281, 216, 225, 175, 447, 324, 491, 290, 354, 367, 383, 430, 249, 339, 279, 63, 174, 426, 226, 28, 117, 212, 75, 351, 244, 320, 394, 335, 204, 47, 336, 331, 27, 253, 399, 376, 196, 476, 498, 119, 72, 110, 322, 103, 46, 99, 487, 123, 295, 146, 26, 191, 66, 93, 126, 49, 234, 115, 69, 78, 45, 386, 454, 233, 275, 67, 101, 206, 56, 77, 89, 359, 257, 302, 330, 160, 138, 105, 190, 159, 131, 52, 107, 298, 504, 492, 81, 389, 268, 455, 439, 68, 299, 187, 55, 51, 9, 259, 171, 109, 428, 145, 452, 266, 50, 334, 503, 19, 17, 106, 429, 269, 118, 86, 262, 84, 142, 421, 8, 156, 224, 139, 397, 18, 475, 437, 2, 42, 129, 377, 122, 165, 125, 168, 134, 92, 463, 254, 7, 459, 90, 465, 31, 248, 464, 325, 270, 64, 96, 136, 114, 141, 80, 493, 87, 425, 485, 471, 164, 457, 38, 423, 505, 319]
[507, 304, 482, 357, 282, 352, 201, 271]
Within-Region SSD: 138.64884909188052

k = 10
[417, 489, 104, 21, 441, 20, 481, 396, 62, 445, 409, 490, 39, 427, 35, 100, 372, 411, 432, 395, 388, 390, 484, 401, 413, 150, 495, 451, 135]
[236, 37, 229, 286, 468, 193, 238, 218, 292, 349, 240, 177, 200, 288, 188, 179, 267, 344, 194, 312, 382, 287, 311, 151, 338, 350, 391, 375, 294, 232, 195, 214, 342, 373, 280, 404, 321, 57, 148, 152, 147, 348, 54, 155, 192, 10, 3, 1, 163, 308, 58, 53]
[137, 300, 444, 467, 450, 133, 446, 221, 202, 149]
[144, 170, 239, 317, 443, 406, 393, 392, 116, 301, 241, 508, 161, 43, 265, 79, 285, 327, 91, 326, 176, 414, 346, 197, 124, 415, 456, 488, 276, 243, 449, 256, 408, 41, 32, 205, 412, 15, 499, 14, 340, 473, 83, 345, 227, 438, 466, 343, 368, 469, 461, 500, 260, 140, 154, 419, 494, 433, 431, 442, 434, 362, 472, 132, 255]
[318, 378, 184, 361, 60, 242, 59, 347, 477, 261, 13, 130, 369]
[479, 82, 470, 252, 303, 480, 157, 183, 5, 111, 440, 436, 185, 127, 166, 33, 478, 486]
[4, 34, 211, 263, 341, 307, 422, 416, 182, 217, 358, 387, 208, 506, 70, 385, 289, 305, 264, 278, 316, 6, 235, 25, 313, 215, 98, 277, 120, 24, 462, 353, 94, 213, 181, 36, 356, 85, 402, 22, 247, 258, 364, 381, 281, 216, 225, 175, 447, 324, 491, 290, 354, 367, 383, 430, 249, 339, 279, 63, 174, 426, 226, 28, 117, 212, 75, 351, 244, 320, 394, 335, 204, 47, 336, 331, 27, 253, 399, 376, 196, 476, 498, 119, 72, 110, 322, 103, 46, 99, 487, 123, 295, 146, 26, 191, 66, 93, 126, 49, 234, 115, 69, 78, 45, 386, 454, 233, 275, 67, 101, 206, 56, 77, 89, 359, 257, 302, 330, 160, 138, 105, 190, 159, 131, 52, 107, 298, 504, 492, 81, 389, 268, 455, 439, 68, 299, 187, 55, 51, 9, 259, 171, 109, 428, 145, 452, 266, 50, 334, 503, 19, 17, 106, 429, 269, 118, 86, 262, 84, 142, 421, 8, 156, 224, 139, 397, 18, 475, 437, 2, 42, 129, 377, 122, 165, 125, 168, 134, 92, 463, 254, 7, 459, 90, 465, 31, 248, 464, 325, 270, 64, 96, 136, 114, 141, 80, 493, 87, 425, 485, 471, 164, 457, 38, 423, 505, 319]
[507, 304, 482, 357, 282, 352, 201, 271]
[337, 374, 333, 283, 143, 284, 273, 309, 158, 237, 251, 222, 293, 329, 186, 162, 23, 323, 76, 153, 420, 128, 272, 365, 173, 74, 407, 231, 189, 410, 121, 230, 360, 178, 424, 48, 113, 297, 108, 458, 228, 209, 435, 180, 274, 366, 245, 418, 223, 95, 314, 315, 220, 291]
[384, 167, 501, 453, 219, 497, 246, 207, 355, 474]
Within-Region SSD: 135.6895886752135

